test25shnfc,0.1,(500,500,3),74.570277333416,3998645#2
test27klnut,0.2,(500,500,3),108.081448366045,30350450#1
test68ykwsg,0.3,(500,500,3),143.668564787104,10573414#1
test69plueo,0.2,(500,500,3),155.755767130721,10573414#1
test49dbotz,0.3,(500,500,3),243.648271734694,-4006702#1
test52ibenr,0.2,(500,500,3),246.910647392559,-4006702#1
test30rfhvl,0.2,(500,500,3),254.107327705906,-3998643#0
test42ofgeu,0.3,(500,500,3),256.374136903989,-4006702#0
test43inxgm,0.2,(500,500,3),263.53025861724,-4006702#0
test34gimkb,0.2,(500,500,3),264.052773591056,-3998643#0
test38tydzc,0.3,(500,500,3),272.484527737067,-3998643#0
