test25shnfc,0.1,(500,500,3),74.570581333416,3998645#2
test68ykwsg,0.3,(500,500,3),143.668564787104,10573414#1
test69plueo,0.2,(500,500,3),155.755767130721,10573414#1
test75cynpu,0.4,(500,500,3),173.599194086475,10573414#1
test71koijc,0.1,(500,500,3),218.998506371489,3013106#2
test22qevdh,0.2,(500,500,3),232.15751812055,-3998643#0
test30rfhvl,0.1,(500,500,3),253.776566724597,-3998643#0
test34gimkb,0.2,(500,500,3),264.053064591056,-3998643#0
test38tydzc,0.2,(500,500,3),271.742586054824,-3998643#0
test54qeojg,0.1,(500,500,3),286.479590663905,-4006702#0
