|||;34918,34918,34918,34918,0,0,0,0,1.122487966027
939vlpqa(0),|939vlpqa(0),|939vlpqa(0),|;34278,34278,34278,34918,3.081672054229,3.081672054229,3.081672054229,0,6.122487966027
939vlpqa(3),|939vlpqa(0),|939vlpqa(3),|;34278,34278,34278,34918,0,0,0,0,11.122487966027
939vlpqa(3),|939vlpqa(0),|939vlpqa(3),|;34278,34278,34278,34918,0,0,0,0,16.122487966027
939vlpqa(3),|939vlpqa(0),|939vlpqa(3),|;34278,34278,34278,34918,0,0,0,0,21.122487966027
939vlpqa(3),||939vlpqa(3),|;34278,34278,34278,34918,0,0,0,0,26.122487966027
939vlpqa(3),||939vlpqa(3),|;34278,34278,34278,34918,0,0,0,0,31.122487966027
939vlpqa(3),||939vlpqa(3),|;34278,34278,34278,34918,0,0,0,0,36.122487966027
939vlpqa(3),||939vlpqa(3),|;34278,34278,34278,34918,0,0,0,0,41.122487966027
939vlpqa(3),||939vlpqa(3),|;34278,34278,34278,34918,0,0,0,0,46.122487966027
939vlpqa(3),||939vlpqa(3),|;34278,34278,34278,34918,0,0,0,0,51.122487966027
939vlpqa(3),||939vlpqa(3),|;34278,34278,34278,34918,0,0,0,0,56.122487966027
939vlpqa(3),||939vlpqa(3),|;34278,34278,34278,34918,0,0,0,0,61.122487966027
|||;34918,34278,34918,34918,0,0,0,0,66.122487966027
|||;34918,34278,34918,34918,0,0,0,0,71.122487966027
|||;34918,34278,34918,34918,0,0,0,0,76.122487966027
287jowkr(2),|287jowkr(2),|287jowkr(2),|287jowkr(2),;33289.8,32649.8,33832.6,33832.6,3.182022865492,3.182022865492,0.804502951054,0.804502951054,81.122487966027
|||;34918,34278,34918,34918,0,0,0,0,86.122487966027
|||;34918,34278,34918,34918,0,0,0,0,91.122487966027
|||;34918,34278,34918,34918,0,0,0,0,96.122487966027
715cjesd(2),400jrgcz(1),|715cjesd(2),400jrgcz(1),|643griqm(2),400jrgcz(1),|643griqm(2),400jrgcz(1),;28067.4,27632.2,28482.2,28482.2,31.89851450976,30.97467051689,32.526393023693,32.526393023693,101.122487966027
715cjesd(2),400jrgcz(1),|715cjesd(2),400jrgcz(1),|643griqm(2),400jrgcz(1),|643griqm(2),400jrgcz(1),;28067.4,27632.2,28482.2,28482.2,26.89851450976,25.97467051689,27.526393023693,27.526393023693,106.122487966027
715cjesd(2),400jrgcz(1),|715cjesd(2),400jrgcz(1),|643griqm(2),400jrgcz(1),|643griqm(2),400jrgcz(1),;28067.4,27632.2,28482.2,28482.2,21.89851450976,20.97467051689,22.526393023693,22.526393023693,111.122487966027
715cjesd(2),400jrgcz(1),|715cjesd(3),400jrgcz(2),|643griqm(2),400jrgcz(1),|643griqm(2),400jrgcz(1),;28067.4,27632.2,28482.2,28482.2,16.89851450976,15.97467051689,17.526393023693,17.526393023693,116.122487966027
715cjesd(2),400jrgcz(1),|715cjesd(3),400jrgcz(2),|643griqm(3),400jrgcz(2),|643griqm(3),400jrgcz(2),;28067.4,27632.2,28482.2,28482.2,11.89851450976,10.97467051689,12.526393023693,12.526393023693,121.122487966027
715cjesd(3),400jrgcz(2),|715cjesd(3),400jrgcz(2),|643griqm(3),400jrgcz(2),|643griqm(3),400jrgcz(2),;28067.4,27632.2,28482.2,28482.2,6.89851450976,5.97467051689,7.526393023693,7.526393023693,126.122487966027
715cjesd(3),400jrgcz(3),|715cjesd(3),400jrgcz(3),|643griqm(3),400jrgcz(3),|643griqm(3),400jrgcz(3),;28067.4,27632.2,28482.2,28482.2,1.89851450976,0.97467051689,2.526393023693,2.526393023693,131.122487966027
715cjesd(3),400jrgcz(3),|715cjesd(3),400jrgcz(3),|643griqm(3),400jrgcz(3),|643griqm(3),400jrgcz(3),;28067.4,27632.2,28482.2,28482.2,0,0,0,0,136.122487966027
715cjesd(3),400jrgcz(3),|715cjesd(3),400jrgcz(3),|643griqm(3),400jrgcz(3),|643griqm(3),400jrgcz(3),;28067.4,27632.2,28482.2,28482.2,0,0,0,0,141.122487966027
715cjesd(3),400jrgcz(3),|715cjesd(3),400jrgcz(3),|643griqm(3),400jrgcz(3),|643griqm(3),400jrgcz(3),;28067.4,27632.2,28482.2,28482.2,0,0,0,0,146.122487966027
715cjesd(3),400jrgcz(3),|715cjesd(3),400jrgcz(3),|643griqm(3),400jrgcz(3),|643griqm(3),400jrgcz(3),;28067.4,27632.2,28482.2,28482.2,0,0,0,0,151.122487966027
715cjesd(3),400jrgcz(3),|715cjesd(3),400jrgcz(3),|643griqm(3),400jrgcz(3),|643griqm(3),400jrgcz(3),;28067.4,27632.2,28482.2,28482.2,0,0,0,0,156.122487966027
715cjesd(3),400jrgcz(3),|715cjesd(3),400jrgcz(3),|643griqm(3),400jrgcz(3),|643griqm(3),400jrgcz(3),;28067.4,27632.2,28482.2,28482.2,0,0,0,0,161.122487966027
715cjesd(3),400jrgcz(3),|715cjesd(3),400jrgcz(3),|643griqm(3),400jrgcz(3),|643griqm(3),400jrgcz(3),;28067.4,27632.2,28482.2,28482.2,0,0,0,0,166.122487966027
715cjesd(3),400jrgcz(3),|715cjesd(3),400jrgcz(3),|643griqm(3),400jrgcz(3),|643griqm(3),400jrgcz(3),;28067.4,27632.2,28482.2,28482.2,0,0,0,0,171.122487966027
715cjesd(3),400jrgcz(3),|715cjesd(3),400jrgcz(3),|400jrgcz(3),|400jrgcz(3),;28067.4,27632.2,32245.4,32245.4,0,0,0,0,176.122487966027
715cjesd(3),400jrgcz(3),|715cjesd(3),400jrgcz(3),|400jrgcz(3),|400jrgcz(3),;28067.4,27632.2,32245.4,32245.4,0,0,0,0,181.122487966027
715cjesd(3),400jrgcz(3),|715cjesd(3),400jrgcz(3),|400jrgcz(3),|400jrgcz(3),;28067.4,27632.2,32245.4,32245.4,0,0,0,0,186.122487966027
715cjesd(3),400jrgcz(3),|715cjesd(3),400jrgcz(3),|400jrgcz(3),|400jrgcz(3),;28067.4,27632.2,32245.4,32245.4,0,0,0,0,191.122487966027
|||;34918,34278,34918,34918,0,0,0,0,196.122487966027
|||;34918,34278,34918,34918,0,0,0,0,201.122487966027
|||;34918,34278,34918,34918,0,0,0,0,206.122487966027
|||;34918,34278,34918,34918,0,0,0,0,211.122487966027
444bdkac(2),75ajqyz(0),|444bdkac(2),75ajqyz(0),|444bdkac(2),75ajqyz(0),|444bdkac(2),75ajqyz(0),;31144.6,30504.6,32143,32143,20.078893594256,20.078893594256,15.705154129016,15.705154129016,216.122487966027
75ajqyz(2),|75ajqyz(2),|75ajqyz(2),|75ajqyz(2),;31922.8,31282.8,32921.2,32921.2,15.078893594256,15.078893594256,10.705154129016,10.705154129016,221.122487966027
75ajqyz(2),853ronlg(1),|75ajqyz(2),853ronlg(1),|75ajqyz(2),853ronlg(1),|75ajqyz(2),853ronlg(1),;30868.1,30228.1,31339.1,31339.1,17.671017308584,17.671017308584,15.607509458317,15.607509458317,226.122487966027
75ajqyz(2),853ronlg(1),|75ajqyz(2),853ronlg(1),|853ronlg(2),|853ronlg(2),;30868.1,30228.1,33335.9,33335.9,12.671017308584,12.671017308584,10.607509458317,10.607509458317,231.122487966027
853ronlg(2),|853ronlg(2),||;33863.3,33223.3,34918,34918,7.671017308584,7.671017308584,5.607509458317,5.607509458317,236.122487966027
|||;34918,34278,34918,34918,2.671017308584,2.671017308584,0.607509458317,0.607509458317,241.122487966027
|||;34918,34278,34918,34918,0,0,0,0,246.122487966027
|||;34918,34278,34918,34918,0,0,0,0,251.122487966027
|||;34918,34278,34918,34918,0,0,0,0,256.122487966027
|||;34918,34278,34918,34918,0,0,0,0,261.122487966027
|||;34918,34278,34918,34918,0,0,0,0,266.122487966027
|||;34918,34278,34918,34918,0,0,0,0,271.122487966027
|||;34918,34278,34918,34918,0,0,0,0,276.122487966027
|||;34918,34278,34918,34918,0,0,0,0,281.122487966027
|||;34918,34278,34918,34918,0,0,0,0,286.122487966027
|||;34918,34278,34918,34918,0,0,0,0,291.122487966027
|||;34918,34278,34918,34918,0,0,0,0,296.122487966027
|||;34918,34278,34918,34918,0,0,0,0,301.122487966027
|||;34918,34278,34918,34918,0,0,0,0,306.122487966027
|||;34918,34278,34918,34918,0,0,0,0,311.122487966027
|||;34918,34278,34918,34918,0,0,0,0,316.122487966027
|||;34918,34278,34918,34918,0,0,0,0,321.122487966027
|||;34918,34278,34918,34918,0,0,0,0,326.122487966027
|||;34918,34278,34918,34918,0,0,0,0,331.122487966027
|||;34918,34278,34918,34918,0,0,0,0,336.122487966027
|||;34918,34278,34918,34918,0,0,0,0,341.122487966027
|||;34918,34278,34918,34918,0,0,0,0,346.122487966027
|||;34918,34278,34918,34918,0,0,0,0,351.122487966027
|||;34918,34278,34918,34918,0,0,0,0,356.122487966027
|||;34918,34278,34918,34918,0,0,0,0,361.122487966027
|||;34918,34278,34918,34918,0,0,0,0,366.122487966027
|||;34918,34278,34918,34918,0,0,0,0,371.122487966027
|||;34918,34278,34918,34918,0,0,0,0,376.122487966027
|||;34918,34278,34918,34918,0,0,0,0,381.122487966027
|||;34918,34278,34918,34918,0,0,0,0,386.122487966027
|||;34918,34278,34918,34918,0,0,0,0,391.122487966027
|||;34918,34278,34918,34918,0,0,0,0,396.122487966027
|||;34918,34278,34918,34918,0,0,0,0,401.122487966027
|||;34918,34278,34918,34918,0,0,0,0,406.122487966027
|||;34918,34278,34918,34918,0,0,0,0,411.122487966027
|||;34918,34278,34918,34918,0,0,0,0,416.122487966027
|||;34918,34278,34918,34918,0,0,0,0,421.122487966027
|||;34918,34278,34918,34918,0,0,0,0,426.122487966027
|||;34918,34278,34918,34918,0,0,0,0,431.122487966027
|||;34918,34278,34918,34918,0,0,0,0,436.122487966027
|||;34918,34278,34918,34918,0,0,0,0,441.122487966027
|||;34918,34278,34918,34918,0,0,0,0,446.122487966027
|||;34918,34278,34918,34918,0,0,0,0,451.122487966027
||279udwci(2),|279udwci(2),;34918,34278,33991.3,33991.3,0,0,1.179291499008,1.179291499008,456.122487966027
||279udwci(3),|279udwci(3),;34918,34278,33991.3,33991.3,0,0,0,0,461.122487966027
||279udwci(3),|279udwci(3),;34918,34278,33991.3,33991.3,0,0,0,0,466.122487966027
||279udwci(3),|279udwci(3),;34918,34278,33991.3,33991.3,0,0,0,0,471.122487966027
||279udwci(3),|279udwci(3),;34918,34278,33991.3,33991.3,0,0,0,0,476.122487966027
|||;34918,34278,34918,34918,0,0,0,0,481.122487966027
|||;34918,34278,34918,34918,0,0,0,0,486.122487966027
|||;34918,34278,34918,34918,0,0,0,0,491.122487966027
|||;34918,34278,34918,34918,0,0,0,0,496.122487966027
|||;34918,34278,34918,34918,0,0,0,0,501.122487966027
|||;34918,34278,34918,34918,0,0,0,0,506.122487966027
|||;34918,34278,34918,34918,0,0,0,0,511.122487966027
|||;34918,34278,34918,34918,0,0,0,0,516.122487966027
|||;34918,34278,34918,34918,0,0,0,0,521.122487966027
|||;34918,34278,34918,34918,0,0,0,0,526.122487966027
|||;34918,34278,34918,34918,0,0,0,0,531.122487966027
|||;34918,34278,34918,34918,0,0,0,0,536.122487966027
|||;34918,34278,34918,34918,0,0,0,0,541.122487966027
|||;34918,34278,34918,34918,0,0,0,0,546.122487966027
|||;34918,34278,34918,34918,0,0,0,0,551.122487966027
|||;34918,34278,34918,34918,0,0,0,0,556.122487966027
|||;34918,34278,34918,34918,0,0,0,0,561.122487966027
|||;34918,34278,34918,34918,0,0,0,0,566.122487966027
|||;34918,34278,34918,34918,0,0,0,0,571.122487966027
|||;34918,34278,34918,34918,0,0,0,0,576.122487966027
|||;34918,34278,34918,34918,0,0,0,0,581.122487966027
826dshba(2),|826dshba(2),||;34278,33638,34918,34918,0.604398844594,0.604398844594,0,0,586.122487966027
826dshba(3),|826dshba(3),||;34278,33638,34918,34918,0,0,0,0,591.122487966027
826dshba(3),|826dshba(3),||;34278,33638,34918,34918,0,0,0,0,596.122487966027
826dshba(3),|826dshba(3),||;34278,33638,34918,34918,0,0,0,0,601.122487966027
826dshba(3),|826dshba(3),||;34278,33638,34918,34918,0,0,0,0,606.122487966027
826dshba(3),|826dshba(3),||;34278,33638,34918,34918,0,0,0,0,611.122487966027
826dshba(3),|826dshba(3),||;34278,33638,34918,34918,0,0,0,0,616.122487966027
826dshba(3),|826dshba(3),||;34278,33638,34918,34918,0,0,0,0,621.122487966027
|||;34918,34278,34918,34918,0,0,0,0,626.122487966027
|||;34918,34278,34918,34918,0,0,0,0,631.122487966027
|||;34918,34278,34918,34918,0,0,0,0,636.122487966027
|||;34918,34278,34918,34918,0,0,0,0,641.122487966027
|||;34918,34278,34918,34918,0,0,0,0,646.122487966027
|||;34918,34278,34918,34918,0,0,0,0,651.122487966027
|||;34918,34278,34918,34918,0,0,0,0,656.122487966027
|||;34918,34278,34918,34918,0,0,0,0,661.122487966027
|||;34918,34278,34918,34918,0,0,0,0,666.122487966027
|||;34918,34278,34918,34918,0,0,0,0,671.122487966027
|||;34918,34278,34918,34918,0,0,0,0,676.122487966027
|||;34918,34278,34918,34918,0,0,0,0,681.122487966027
|||;34918,34278,34918,34918,0,0,0,0,686.122487966027
|||;34918,34278,34918,34918,0,0,0,0,691.122487966027
|||;34918,34278,34918,34918,0,0,0,0,696.122487966027
|||;34918,34278,34918,34918,0,0,0,0,701.122487966027
|||;34918,34278,34918,34918,0,0,0,0,706.122487966027
|||;34918,34278,34918,34918,0,0,0,0,711.122487966027
|||;34918,34278,34918,34918,0,0,0,0,716.122487966027
|||;34918,34278,34918,34918,0,0,0,0,721.122487966027
|||;34918,34278,34918,34918,0,0,0,0,726.122487966027
|||;34918,34278,34918,34918,0,0,0,0,731.122487966027
|||;34918,34278,34918,34918,0,0,0,0,736.122487966027
|||;34918,34278,34918,34918,0,0,0,0,741.122487966027
|||;34918,34278,34918,34918,0,0,0,0,746.122487966027
|||;34918,34278,34918,34918,0,0,0,0,751.122487966027
|||;34918,34278,34918,34918,0,0,0,0,756.122487966027
|||;34918,34278,34918,34918,0,0,0,0,761.122487966027
|||;34918,34278,34918,34918,0,0,0,0,766.122487966027
|||;34918,34278,34918,34918,0,0,0,0,771.122487966027
|||;34918,34278,34918,34918,0,0,0,0,776.122487966027
|||;34918,34278,34918,34918,0,0,0,0,781.122487966027
|||;34918,34278,34918,34918,0,0,0,0,786.122487966027
|||;34918,34278,34918,34918,0,0,0,0,791.122487966027
|||;34918,34278,34918,34918,0,0,0,0,796.122487966027
|||;34918,34278,34918,34918,0,0,0,0,801.122487966027
|||;34918,34278,34918,34918,0,0,0,0,806.122487966027
|||;34918,34278,34918,34918,0,0,0,0,811.122487966027
|||;34918,34278,34918,34918,0,0,0,0,816.122487966027
|||;34918,34278,34918,34918,0,0,0,0,821.122487966027
|||;34918,34278,34918,34918,0,0,0,0,826.122487966027
|||;34918,34278,34918,34918,0,0,0,0,831.122487966027
|||;34918,34278,34918,34918,0,0,0,0,836.122487966027
|||;34918,34278,34918,34918,0,0,0,0,841.122487966027
|||;34918,34278,34918,34918,0,0,0,0,846.122487966027
|||;34918,34278,34918,34918,0,0,0,0,851.122487966027
|||;34918,34278,34918,34918,0,0,0,0,856.122487966027
|||;34918,34278,34918,34918,0,0,0,0,861.122487966027
|||;34918,34278,34918,34918,0,0,0,0,866.122487966027
|||;34918,34278,34918,34918,0,0,0,0,871.122487966027
|||;34918,34278,34918,34918,0,0,0,0,876.122487966027
|||;34918,34278,34918,34918,0,0,0,0,881.122487966027
|||;34918,34278,34918,34918,0,0,0,0,886.122487966027
|||;34918,34278,34918,34918,0,0,0,0,891.122487966027
|||;34918,34278,34918,34918,0,0,0,0,896.122487966027
|||;34918,34278,34918,34918,0,0,0,0,901.122487966027
|||;34918,34278,34918,34918,0,0,0,0,906.122487966027
|||;34918,34278,34918,34918,0,0,0,0,911.122487966027
|||;34918,34278,34918,34918,0,0,0,0,916.122487966027
|||;34918,34278,34918,34918,0,0,0,0,921.122487966027
|||;34918,34278,34918,34918,0,0,0,0,926.122487966027
|||;34918,34278,34918,34918,0,0,0,0,931.122487966027
|||;34918,34278,34918,34918,0,0,0,0,936.122487966027
|||;34918,34278,34918,34918,0,0,0,0,941.122487966027
|||;34918,34278,34918,34918,0,0,0,0,946.122487966027
|||;34918,34278,34918,34918,0,0,0,0,951.122487966027
|||;34918,34278,34918,34918,0,0,0,0,956.122487966027
|||;34918,34278,34918,34918,0,0,0,0,961.122487966027
|||;34918,34278,34918,34918,0,0,0,0,966.122487966027
|||;34918,34278,34918,34918,0,0,0,0,971.122487966027
|||;34918,34278,34918,34918,0,0,0,0,976.122487966027
|||;34918,34278,34918,34918,0,0,0,0,981.122487966027
|||;34918,34278,34918,34918,0,0,0,0,986.122487966027
|||;34918,34278,34918,34918,0,0,0,0,991.122487966027
|||;34918,34278,34918,34918,0,0,0,0,996.122487966027
|||;34918,34278,34918,34918,0,0,0,0,1001.122487966027
|||;34918,34278,34918,34918,0,0,0,0,1006.122487966027
|||;34918,34278,34918,34918,0,0,0,0,1011.122487966027
|||;34918,34278,34918,34918,0,0,0,0,1016.122487966027
|||;34918,34278,34918,34918,0,0,0,0,1021.122487966027
|||;34918,34278,34918,34918,0,0,0,0,1026.122487966027
|||;34918,34278,34918,34918,0,0,0,0,1031.122487966027
|||;34918,34278,34918,34918,0,0,0,0,1036.122487966027
|||;34918,34278,34918,34918,0,0,0,0,1041.122487966027
|||;34918,34278,34918,34918,0,0,0,0,1046.122487966027
|||;34918,34278,34918,34918,0,0,0,0,1051.122487966027
|||;34918,34278,34918,34918,0,0,0,0,1056.122487966027
|||;34918,34278,34918,34918,0,0,0,0,1061.122487966027
|||;34918,34278,34918,34918,0,0,0,0,1066.122487966027
|||;34918,34278,34918,34918,0,0,0,0,1071.122487966027
|||;34918,34278,34918,34918,0,0,0,0,1076.122487966027
|||;34918,34278,34918,34918,0,0,0,0,1081.122487966027
|||;34918,34278,34918,34918,0,0,0,0,1086.122487966027
|||;34918,34278,34918,34918,0,0,0,0,1091.122487966027
|||;34918,34278,34918,34918,0,0,0,0,1096.122487966027
|||;34918,34278,34918,34918,0,0,0,0,1101.122487966027
|||;34918,34278,34918,34918,0,0,0,0,1106.122487966027
|||;34918,34278,34918,34918,0,0,0,0,1111.122487966027
|||;34918,34278,34918,34918,0,0,0,0,1116.122487966027
|||;34918,34278,34918,34918,0,0,0,0,1121.122487966027
|||;34918,34278,34918,34918,0,0,0,0,1126.122487966027
|||;34918,34278,34918,34918,0,0,0,0,1131.122487966027
|||;34918,34278,34918,34918,0,0,0,0,1136.122487966027
|||;34918,34278,34918,34918,0,0,0,0,1141.122487966027
|||;34918,34278,34918,34918,0,0,0,0,1146.122487966027
|||;34918,34278,34918,34918,0,0,0,0,1151.122487966027
|||;34918,34278,34918,34918,0,0,0,0,1156.122487966027
|||;34918,34278,34918,34918,0,0,0,0,1161.122487966027
|||;34918,34278,34918,34918,0,0,0,0,1166.122487966027
|||;34918,34278,34918,34918,0,0,0,0,1171.122487966027
|||;34918,34278,34918,34918,0,0,0,0,1176.122487966027
|||;34918,34278,34918,34918,0,0,0,0,1181.122487966027
|||;34918,34278,34918,34918,0,0,0,0,1186.122487966027
|||;34918,34278,34918,34918,0,0,0,0,1191.122487966027
|||;34918,34278,34918,34918,0,0,0,0,1196.122487966027
|||;34918,34278,34918,34918,0,0,0,0,1201.122487966027
|||;34918,34278,34918,34918,0,0,0,0,1206.122487966027
|||;34918,34278,34918,34918,0,0,0,0,1211.122487966027
|||;34918,34278,34918,34918,0,0,0,0,1216.122487966027
|||;34918,34278,34918,34918,0,0,0,0,1221.122487966027
|||;34918,34278,34918,34918,0,0,0,0,1226.122487966027
|||;34918,34278,34918,34918,0,0,0,0,1231.122487966027
|||;34918,34278,34918,34918,0,0,0,0,1236.122487966027
|||;34918,34278,34918,34918,0,0,0,0,1241.122487966027
|||;34918,34278,34918,34918,0,0,0,0,1246.122487966027
|||;34918,34278,34918,34918,0,0,0,0,1251.122487966027
|||;34918,34278,34918,34918,0,0,0,0,1256.122487966027
|||;34918,34278,34918,34918,0,0,0,0,1261.122487966027
|||;34918,34278,34918,34918,0,0,0,0,1266.122487966027
|||;34918,34278,34918,34918,0,0,0,0,1271.122487966027
|||;34918,34278,34918,34918,0,0,0,0,1276.122487966027
|||;34918,34278,34918,34918,0,0,0,0,1281.122487966027
|||;34918,34278,34918,34918,0,0,0,0,1286.122487966027
|||;34918,34278,34918,34918,0,0,0,0,1291.122487966027
|||;34918,34278,34918,34918,0,0,0,0,1296.122487966027
|||;34918,34278,34918,34918,0,0,0,0,1301.122487966027
|||;34918,34278,34918,34918,0,0,0,0,1306.122487966027
|||;34918,34278,34918,34918,0,0,0,0,1311.122487966027
|||;34918,34278,34918,34918,0,0,0,0,1316.122487966027
|||;34918,34278,34918,34918,0,0,0,0,1321.122487966027
|||;34918,34278,34918,34918,0,0,0,0,1326.122487966027
|||;34918,34278,34918,34918,0,0,0,0,1331.122487966027
|||;34918,34278,34918,34918,0,0,0,0,1336.122487966027
|||;34918,34278,34918,34918,0,0,0,0,1341.122487966027
|||;34918,34278,34918,34918,0,0,0,0,1346.122487966027
|||;34918,34278,34918,34918,0,0,0,0,1351.122487966027
|||;34918,34278,34918,34918,0,0,0,0,1356.122487966027
|||;34918,34278,34918,34918,0,0,0,0,1361.122487966027
|||;34918,34278,34918,34918,0,0,0,0,1366.122487966027
|||;34918,34278,34918,34918,0,0,0,0,1371.122487966027
|||;34918,34278,34918,34918,0,0,0,0,1376.122487966027
|||;34918,34278,34918,34918,0,0,0,0,1381.122487966027
|||;34918,34278,34918,34918,0,0,0,0,1386.122487966027
|||;34918,34278,34918,34918,0,0,0,0,1391.122487966027
|||;34918,34278,34918,34918,0,0,0,0,1396.122487966027
|||;34918,34278,34918,34918,0,0,0,0,1401.122487966027
|||;34918,34278,34918,34918,0,0,0,0,1406.122487966027
|||;34918,34278,34918,34918,0,0,0,0,1411.122487966027
|||;34918,34278,34918,34918,0,0,0,0,1416.122487966027
|||;34918,34278,34918,34918,0,0,0,0,1421.122487966027
|||;34918,34278,34918,34918,0,0,0,0,1426.122487966027
|||;34918,34278,34918,34918,0,0,0,0,1431.122487966027
|||;34918,34278,34918,34918,0,0,0,0,1436.122487966027
|||;34918,34278,34918,34918,0,0,0,0,1441.122487966027
|||;34918,34278,34918,34918,0,0,0,0,1446.122487966027
|||;34918,34278,34918,34918,0,0,0,0,1451.122487966027
|||;34918,34278,34918,34918,0,0,0,0,1456.122487966027
|||;34918,34278,34918,34918,0,0,0,0,1461.122487966027
|||;34918,34278,34918,34918,0,0,0,0,1466.122487966027
|||;34918,34278,34918,34918,0,0,0,0,1471.122487966027
|||;34918,34278,34918,34918,0,0,0,0,1476.122487966027
|||;34918,34278,34918,34918,0,0,0,0,1481.122487966027
|||;34918,34278,34918,34918,0,0,0,0,1486.122487966027
|||;34918,34278,34918,34918,0,0,0,0,1491.122487966027
|||;34918,34278,34918,34918,0,0,0,0,1496.122487966027
|||;34918,34278,34918,34918,0,0,0,0,1501.122487966027
|||;34918,34278,34918,34918,0,0,0,0,1506.122487966027
|||;34918,34278,34918,34918,0,0,0,0,1511.122487966027
|||;34918,34278,34918,34918,0,0,0,0,1516.122487966027
|||;34918,34278,34918,34918,0,0,0,0,1521.122487966027
|||;34918,34278,34918,34918,0,0,0,0,1526.122487966027
|||;34918,34278,34918,34918,0,0,0,0,1531.122487966027
|||;34918,34278,34918,34918,0,0,0,0,1536.122487966027
|||;34918,34278,34918,34918,0,0,0,0,1541.122487966027
|||;34918,34278,34918,34918,0,0,0,0,1546.122487966027
|||;34918,34278,34918,34918,0,0,0,0,1551.122487966027
|||;34918,34278,34918,34918,0,0,0,0,1556.122487966027
|||;34918,34278,34918,34918,0,0,0,0,1561.122487966027
|||;34918,34278,34918,34918,0,0,0,0,1566.122487966027
|||;34918,34278,34918,34918,0,0,0,0,1571.122487966027
|||;34918,34278,34918,34918,0,0,0,0,1576.122487966027
|||;34918,34278,34918,34918,0,0,0,0,1581.122487966027
|||;34918,34278,34918,34918,0,0,0,0,1586.122487966027
|||;34918,34278,34918,34918,0,0,0,0,1591.122487966027
|||;34918,34278,34918,34918,0,0,0,0,1596.122487966027
|||;34918,34278,34918,34918,0,0,0,0,1601.122487966027
|||;34918,34278,34918,34918,0,0,0,0,1606.122487966027
|||;34918,34278,34918,34918,0,0,0,0,1611.122487966027
|||;34918,34278,34918,34918,0,0,0,0,1616.122487966027
|||;34918,34278,34918,34918,0,0,0,0,1621.122487966027
|||;34918,34278,34918,34918,0,0,0,0,1626.122487966027
|||;34918,34278,34918,34918,0,0,0,0,1631.122487966027
|||;34918,34278,34918,34918,0,0,0,0,1636.122487966027
|||;34918,34278,34918,34918,0,0,0,0,1641.122487966027
|||;34918,34278,34918,34918,0,0,0,0,1646.122487966027
|||;34918,34278,34918,34918,0,0,0,0,1651.122487966027
|||;34918,34278,34918,34918,0,0,0,0,1656.122487966027
|||;34918,34278,34918,34918,0,0,0,0,1661.122487966027
|||;34918,34278,34918,34918,0,0,0,0,1666.122487966027
|||;34918,34278,34918,34918,0,0,0,0,1671.122487966027
|||;34918,34278,34918,34918,0,0,0,0,1676.122487966027
|||;34918,34278,34918,34918,0,0,0,0,1681.122487966027
|||;34918,34278,34918,34918,0,0,0,0,1686.122487966027
|||;34918,34278,34918,34918,0,0,0,0,1691.122487966027
|||;34918,34278,34918,34918,0,0,0,0,1696.122487966027
|||;34918,34278,34918,34918,0,0,0,0,1701.122487966027
|||;34918,34278,34918,34918,0,0,0,0,1706.122487966027
|||;34918,34278,34918,34918,0,0,0,0,1711.122487966027
|||;34918,34278,34918,34918,0,0,0,0,1716.122487966027
|||;34918,34278,34918,34918,0,0,0,0,1721.122487966027
|||;34918,34278,34918,34918,0,0,0,0,1726.122487966027
|||;34918,34278,34918,34918,0,0,0,0,1731.122487966027
|||;34918,34278,34918,34918,0,0,0,0,1736.122487966027
|||;34918,34278,34918,34918,0,0,0,0,1741.122487966027
|||;34918,34278,34918,34918,0,0,0,0,1746.122487966027
|||;34918,34278,34918,34918,0,0,0,0,1751.122487966027
|||;34918,34278,34918,34918,0,0,0,0,1756.122487966027
|||;34918,34278,34918,34918,0,0,0,0,1761.122487966027
|||;34918,34278,34918,34918,0,0,0,0,1766.122487966027
|||;34918,34278,34918,34918,0,0,0,0,1771.122487966027
|||;34918,34278,34918,34918,0,0,0,0,1776.122487966027
|||;34918,34278,34918,34918,0,0,0,0,1781.122487966027
|||;34918,34278,34918,34918,0,0,0,0,1786.122487966027
|||;34918,34278,34918,34918,0,0,0,0,1791.122487966027
|||;34918,34278,34918,34918,0,0,0,0,1796.122487966027
|||;34918,34278,34918,34918,0,0,0,0,1801.122487966027
|||;34918,34278,34918,34918,0,0,0,0,1806.122487966027
|||;34918,34278,34918,34918,0,0,0,0,1811.122487966027
|||;34918,34278,34918,34918,0,0,0,0,1816.122487966027
|||;34918,34278,34918,34918,0,0,0,0,1821.122487966027
|||;34918,34278,34918,34918,0,0,0,0,1826.122487966027
|||;34918,34278,34918,34918,0,0,0,0,1831.122487966027
|||;34918,34278,34918,34918,0,0,0,0,1836.122487966027
|||;34918,34278,34918,34918,0,0,0,0,1841.122487966027
|||;34918,34278,34918,34918,0,0,0,0,1846.122487966027
|||;34918,34278,34918,34918,0,0,0,0,1851.122487966027
|||;34918,34278,34918,34918,0,0,0,0,1856.122487966027
|||;34918,34278,34918,34918,0,0,0,0,1861.122487966027
|||;34918,34278,34918,34918,0,0,0,0,1866.122487966027
|||;34918,34278,34918,34918,0,0,0,0,1871.122487966027
|||;34918,34278,34918,34918,0,0,0,0,1876.122487966027
|||;34918,34278,34918,34918,0,0,0,0,1881.122487966027
|||;34918,34278,34918,34918,0,0,0,0,1886.122487966027
|||;34918,34278,34918,34918,0,0,0,0,1891.122487966027
|||;34918,34278,34918,34918,0,0,0,0,1896.122487966027
|||;34918,34278,34918,34918,0,0,0,0,1901.122487966027
|||;34918,34278,34918,34918,0,0,0,0,1906.122487966027
|||;34918,34278,34918,34918,0,0,0,0,1911.122487966027
|||;34918,34278,34918,34918,0,0,0,0,1916.122487966027
|||;34918,34278,34918,34918,0,0,0,0,1921.122487966027
|||;34918,34278,34918,34918,0,0,0,0,1926.122487966027
|||;34918,34278,34918,34918,0,0,0,0,1931.122487966027
|||;34918,34278,34918,34918,0,0,0,0,1936.122487966027
|||;34918,34278,34918,34918,0,0,0,0,1941.122487966027
|||;34918,34278,34918,34918,0,0,0,0,1946.122487966027
|||;34918,34278,34918,34918,0,0,0,0,1951.122487966027
|||;34918,34278,34918,34918,0,0,0,0,1956.122487966027
|||;34918,34278,34918,34918,0,0,0,0,1961.122487966027
|||;34918,34278,34918,34918,0,0,0,0,1966.122487966027
|||;34918,34278,34918,34918,0,0,0,0,1971.122487966027
|||;34918,34278,34918,34918,0,0,0,0,1976.122487966027
|||;34918,34278,34918,34918,0,0,0,0,1981.122487966027
|||;34918,34278,34918,34918,0,0,0,0,1986.122487966027
|||;34918,34278,34918,34918,0,0,0,0,1991.122487966027
|||;34918,34278,34918,34918,0,0,0,0,1996.122487966027
|||;20172,20172,20172,20172,0,0,0,0,1.122487966027
|||;26521,26521,26521,26521,0,0,0,0,1.122487966027
|||;26521,26521,26521,26521,0,0,0,0,6.122487966027
|||;27750,27750,27750,27750,0,0,0,0,1.122487966027
4rfikz(2),|412zxmap(0),||;20889.2,18329.2,27750,27750,46.921632923534,66.69862505846,0,0,6.122487966027
4rfikz(2),|412zxmap(2),||;20889.2,18329.2,27750,27750,41.921632923534,61.69862505846,0,0,11.122487966027
4rfikz(2),|412zxmap(2),||;20889.2,18329.2,27750,27750,36.921632923534,56.69862505846,0,0,16.122487966027
4rfikz(2),|412zxmap(2),||;20889.2,18329.2,27750,27750,31.921632923534,51.69862505846,0,0,21.122487966027
4rfikz(2),|412zxmap(2),||;20889.2,18329.2,27750,27750,26.921632923534,46.69862505846,0,0,26.122487966027
4rfikz(2),|412zxmap(2),|220mbhrx(2),|;20889.2,18329.2,18482.8,27750,21.921632923534,41.69862505846,59.581934949798,0,31.122487966027
4rfikz(2),|412zxmap(2),|220mbhrx(2),|812ipnoq(2),;20889.2,18329.2,18482.8,21810.8,16.921632923534,36.69862505846,54.581934949798,39.996395866389,36.122487966027
4rfikz(2),430shbzg(1),|412zxmap(2),375vrmbk(0),|220mbhrx(2),|812ipnoq(2),;12850.8,9983.6,18482.8,21810.8,71.041755698335,93.525442255999,49.581934949798,34.996395866389,41.122487966027
4rfikz(2),430shbzg(1),|412zxmap(2),375vrmbk(1),|220mbhrx(2),|812ipnoq(2),944pegbx(0),;12850.8,9983.6,18482.8,14489.2,66.041755698335,88.525442255999,44.581934949798,83.693047911126,46.122487966027
4rfikz(2),430shbzg(1),|412zxmap(2),375vrmbk(1),|220mbhrx(2),|812ipnoq(2),944pegbx(1),;12850.8,9983.6,18482.8,14489.2,61.041755698335,83.525442255999,39.581934949798,78.693047911126,51.122487966027
430shbzg(2),|412zxmap(2),375vrmbk(1),|220mbhrx(2),|812ipnoq(2),944pegbx(1),;19711.6,9983.6,18482.8,14489.2,56.041755698335,78.525442255999,34.581934949798,73.693047911126,56.122487966027
|||;31232,31232,31232,31232,0,0,0,0,1.122487966027
|||;31232,31232,31232,31232,0,0,0,0,6.122487966027
|||;24268,24268,24268,24268,0,0,0,0,1.122487966027
|||;27545,27545,27545,27545,0,0,0,0,1.122487966027
|||;28364,28364,28364,28364,0,0,0,0,1.122487966027
|||;33689,33689,33689,33689,0,0,0,0,1.122487966027
|||;18534,18534,18534,18534,0,0,0,0,1.122487966027
|||;18534,18534,18534,18534,0,0,0,0,6.122487966027
|||;37580,37580,37580,37580,0,0,0,0,1.122487966027
|||;24064,24064,24064,24064,0,0,0,0,1.122487966027
|||;20992,20992,20992,20992,0,0,0,0,1.122487966027
|||;20992,20992,20992,20992,0,0,0,0,6.122487966027
|||;34304,34304,34304,34304,0,0,0,0,1.122487966027
|||;34304,34304,34304,34304,0,0,0,0,6.122487966027
|||;35942,35942,35942,35942,0,0,0,0,1.122487966027
