|||;27136,27136,27136,27136,0,0,0,0,1.192815823534
816rgdku(0),762vnkdf(0),785phgtk(0),|816rgdku(0),762vnkdf(0),785phgtk(0),|816rgdku(0),785phgtk(0),|816rgdku(0),785phgtk(0),;23685.1,23685.1,21852.2,21852.2,29.729974276917,29.729974276917,33.395462285961,33.395462285961,6.192815823534
816rgdku(2),762vnkdf(1),785phgtk(1),|816rgdku(2),762vnkdf(1),785phgtk(1),|816rgdku(2),785phgtk(1),|816rgdku(2),785phgtk(1),;23685.1,23685.1,21852.2,21852.2,24.729974276917,24.729974276917,28.395462285961,28.395462285961,11.192815823534
762vnkdf(2),785phgtk(1),274xdwuy(0),|762vnkdf(2),785phgtk(1),274xdwuy(0),|785phgtk(2),|785phgtk(2),;24340.5,24340.5,23388.2,23388.2,29.872130303826,29.872130303826,23.395462285961,23.395462285961,16.192815823534
785phgtk(1),274xdwuy(1),|785phgtk(1),274xdwuy(1),|785phgtk(2),|785phgtk(2),;25318.4,25318.4,23388.2,23388.2,24.872130303826,24.872130303826,18.395462285961,18.395462285961,21.192815823534
785phgtk(2),274xdwuy(1),|785phgtk(2),274xdwuy(1),|785phgtk(2),|785phgtk(2),;25318.4,25318.4,23388.2,23388.2,19.872130303826,19.872130303826,13.395462285961,13.395462285961,26.192815823534
785phgtk(3),274xdwuy(3),|785phgtk(3),274xdwuy(3),|785phgtk(2),|785phgtk(2),;25318.4,25318.4,23388.2,23388.2,14.872130303826,14.872130303826,8.395462285961,8.395462285961,31.192815823534
785phgtk(3),274xdwuy(3),|785phgtk(3),274xdwuy(3),|785phgtk(3),|785phgtk(3),;25318.4,25318.4,23388.2,23388.2,9.872130303826,9.872130303826,3.395462285961,3.395462285961,36.192815823534
785phgtk(3),274xdwuy(3),|785phgtk(3),274xdwuy(3),|785phgtk(3),|785phgtk(3),;25318.4,25318.4,23388.2,23388.2,4.872130303826,4.872130303826,0,0,41.192815823534
785phgtk(3),274xdwuy(3),|785phgtk(3),274xdwuy(3),|785phgtk(3),|785phgtk(3),;25318.4,25318.4,23388.2,23388.2,0,0,0,0,46.192815823534
785phgtk(3),274xdwuy(3),|785phgtk(3),274xdwuy(3),|785phgtk(3),|785phgtk(3),;25318.4,25318.4,23388.2,23388.2,0,0,0,0,51.192815823534
785phgtk(3),274xdwuy(3),|785phgtk(3),274xdwuy(3),|785phgtk(3),|785phgtk(3),;25318.4,25318.4,23388.2,23388.2,0,0,0,0,56.192815823534
274xdwuy(3),|274xdwuy(3),||;26255.4,26255.4,27136,27136,0,0,0,0,61.192815823534
274xdwuy(3),|274xdwuy(3),||;26255.4,26255.4,27136,27136,0,0,0,0,66.192815823534
274xdwuy(3),|274xdwuy(3),||;26255.4,26255.4,27136,27136,0,0,0,0,71.192815823534
274xdwuy(3),|274xdwuy(3),||;26255.4,26255.4,27136,27136,0,0,0,0,76.192815823534
|||;27136,27136,27136,27136,0,0,0,0,81.192815823534
|||;27136,27136,27136,27136,0,0,0,0,86.192815823534
|||;27136,27136,27136,27136,0,0,0,0,91.192815823534
|||;27136,27136,27136,27136,0,0,0,0,96.192815823534
441yclvn(2),|441yclvn(2),|441yclvn(2),|441yclvn(2),;25047,25047,25743.4,25743.4,6.754264036932,6.754264036932,3.076016590391,3.076016590391,101.192815823534
441yclvn(2),|441yclvn(2),||;25047,25047,27136,27136,1.754264036932,1.754264036932,0,0,106.192815823534
|||;27136,27136,27136,27136,0,0,0,0,111.192815823534
|||;27136,27136,27136,27136,0,0,0,0,116.192815823534
|||;27136,27136,27136,27136,0,0,0,0,121.192815823534
|||;27136,27136,27136,27136,0,0,0,0,126.192815823534
|||;27136,27136,27136,27136,0,0,0,0,131.192815823534
|||;27136,27136,27136,27136,0,0,0,0,136.192815823534
|||;27136,27136,27136,27136,0,0,0,0,141.192815823534
|||;27136,27136,27136,27136,0,0,0,0,146.192815823534
|||;27136,27136,27136,27136,0,0,0,0,151.192815823534
253szlvw(0),|253szlvw(0),|253szlvw(0),|253szlvw(0),;26132.5,26132.5,26132.5,23121.9,9.814656361894,9.814656361894,9.814656361894,25.717667380762,156.192815823534
253szlvw(2),|253szlvw(2),|253szlvw(2),|253szlvw(2),;26132.5,26132.5,26132.5,23121.9,4.814656361894,4.814656361894,4.814656361894,20.717667380762,161.192815823534
|||253szlvw(2),;27136,27136,27136,23121.9,0,0,0,15.717667380762,166.192815823534
|||253szlvw(2),;27136,27136,27136,23121.9,0,0,0,10.717667380762,171.192815823534
|||253szlvw(2),;27136,27136,27136,23121.9,0,0,0,5.717667380762,176.192815823534
|||253szlvw(2),;27136,27136,27136,23121.9,0,0,0,0.717667380762,181.192815823534
|||253szlvw(3),;27136,27136,27136,23121.9,0,0,0,0,186.192815823534
|||253szlvw(3),;27136,27136,27136,23121.9,0,0,0,0,191.192815823534
|||253szlvw(3),;27136,27136,27136,23121.9,0,0,0,0,196.192815823534
|||253szlvw(3),;27136,27136,27136,23121.9,0,0,0,0,201.192815823534
|||253szlvw(3),;27136,27136,27136,23121.9,0,0,0,0,206.192815823534
|||253szlvw(3),;27136,27136,27136,23121.9,0,0,0,0,211.192815823534
|||;27136,27136,27136,27136,0,0,0,0,216.192815823534
|||;27136,27136,27136,27136,0,0,0,0,221.192815823534
|||;27136,27136,27136,27136,0,0,0,0,226.192815823534
|||;27136,27136,27136,27136,0,0,0,0,231.192815823534
|||;27136,27136,27136,27136,0,0,0,0,236.192815823534
|||;27136,27136,27136,27136,0,0,0,0,241.192815823534
|||;27136,27136,27136,27136,0,0,0,0,246.192815823534
|||;27136,27136,27136,27136,0,0,0,0,251.192815823534
|||;27136,27136,27136,27136,0,0,0,0,256.192815823534
|||;27136,27136,27136,27136,0,0,0,0,261.192815823534
|||;27136,27136,27136,27136,0,0,0,0,266.192815823534
|||;27136,27136,27136,27136,0,0,0,0,271.192815823534
|||;27136,27136,27136,27136,0,0,0,0,276.192815823534
|||;27136,27136,27136,27136,0,0,0,0,281.192815823534
|||;27136,27136,27136,27136,0,0,0,0,286.192815823534
|||;27136,27136,27136,27136,0,0,0,0,291.192815823534
|||;27136,27136,27136,27136,0,0,0,0,296.192815823534
|||;27136,27136,27136,27136,0,0,0,0,301.192815823534
|||;27136,27136,27136,27136,0,0,0,0,306.192815823534
|||;27136,27136,27136,27136,0,0,0,0,311.192815823534
|||;27136,27136,27136,27136,0,0,0,0,316.192815823534
|||;27136,27136,27136,27136,0,0,0,0,321.192815823534
|||;27136,27136,27136,27136,0,0,0,0,326.192815823534
|||;27136,27136,27136,27136,0,0,0,0,331.192815823534
|||;27136,27136,27136,27136,0,0,0,0,336.192815823534
|||;27136,27136,27136,27136,0,0,0,0,341.192815823534
|||;27136,27136,27136,27136,0,0,0,0,346.192815823534
|||;27136,27136,27136,27136,0,0,0,0,351.192815823534
|||;27136,27136,27136,27136,0,0,0,0,356.192815823534
|||;27136,27136,27136,27136,0,0,0,0,361.192815823534
|||;27136,27136,27136,27136,0,0,0,0,366.192815823534
|||;27136,27136,27136,27136,0,0,0,0,371.192815823534
|||;27136,27136,27136,27136,0,0,0,0,376.192815823534
|||;27136,27136,27136,27136,0,0,0,0,381.192815823534
|||;27136,27136,27136,27136,0,0,0,0,386.192815823534
|||;27136,27136,27136,27136,0,0,0,0,391.192815823534
|||;27136,27136,27136,27136,0,0,0,0,396.192815823534
|||;27136,27136,27136,27136,0,0,0,0,401.192815823534
|||;27136,27136,27136,27136,0,0,0,0,406.192815823534
|||;27136,27136,27136,27136,0,0,0,0,411.192815823534
|||;27136,27136,27136,27136,0,0,0,0,416.192815823534
|||;27136,27136,27136,27136,0,0,0,0,421.192815823534
|||;27136,27136,27136,27136,0,0,0,0,426.192815823534
|||;27136,27136,27136,27136,0,0,0,0,431.192815823534
|||;27136,27136,27136,27136,0,0,0,0,436.192815823534
|||;27136,27136,27136,27136,0,0,0,0,441.192815823534
|||;27136,27136,27136,27136,0,0,0,0,446.192815823534
|||;27136,27136,27136,27136,0,0,0,0,451.192815823534
|||;27136,27136,27136,27136,0,0,0,0,456.192815823534
|||;27136,27136,27136,27136,0,0,0,0,461.192815823534
|||;27136,27136,27136,27136,0,0,0,0,466.192815823534
|||;27136,27136,27136,27136,0,0,0,0,471.192815823534
|||;27136,27136,27136,27136,0,0,0,0,476.192815823534
|||;27136,27136,27136,27136,0,0,0,0,481.192815823534
|||;27136,27136,27136,27136,0,0,0,0,486.192815823534
|||;27136,27136,27136,27136,0,0,0,0,491.192815823534
|||;27136,27136,27136,27136,0,0,0,0,496.192815823534
|||;27136,27136,27136,27136,0,0,0,0,501.192815823534
|||;27136,27136,27136,27136,0,0,0,0,506.192815823534
|||;27136,27136,27136,27136,0,0,0,0,511.192815823534
|||;27136,27136,27136,27136,0,0,0,0,516.192815823534
|||;27136,27136,27136,27136,0,0,0,0,521.192815823534
|||;27136,27136,27136,27136,0,0,0,0,526.192815823534
|||;27136,27136,27136,27136,0,0,0,0,531.192815823534
|||;27136,27136,27136,27136,0,0,0,0,536.192815823534
|||;27136,27136,27136,27136,0,0,0,0,541.192815823534
|||;27136,27136,27136,27136,0,0,0,0,546.192815823534
|||;27136,27136,27136,27136,0,0,0,0,551.192815823534
|||;27136,27136,27136,27136,0,0,0,0,556.192815823534
|||;27136,27136,27136,27136,0,0,0,0,561.192815823534
|||;27136,27136,27136,27136,0,0,0,0,566.192815823534
|||;27136,27136,27136,27136,0,0,0,0,571.192815823534
|||;27136,27136,27136,27136,0,0,0,0,576.192815823534
|||;27136,27136,27136,27136,0,0,0,0,581.192815823534
|||;27136,27136,27136,27136,0,0,0,0,586.192815823534
|||;27136,27136,27136,27136,0,0,0,0,591.192815823534
|||;27136,27136,27136,27136,0,0,0,0,596.192815823534
|||;27136,27136,27136,27136,0,0,0,0,601.192815823534
|||;27136,27136,27136,27136,0,0,0,0,606.192815823534
|||;27136,27136,27136,27136,0,0,0,0,611.192815823534
|||;27136,27136,27136,27136,0,0,0,0,616.192815823534
|||;27136,27136,27136,27136,0,0,0,0,621.192815823534
|||;27136,27136,27136,27136,0,0,0,0,626.192815823534
|||;27136,27136,27136,27136,0,0,0,0,631.192815823534
|||;27136,27136,27136,27136,0,0,0,0,636.192815823534
|||;27136,27136,27136,27136,0,0,0,0,641.192815823534
|||;27136,27136,27136,27136,0,0,0,0,646.192815823534
|||;27136,27136,27136,27136,0,0,0,0,651.192815823534
|||;27136,27136,27136,27136,0,0,0,0,656.192815823534
|||;27136,27136,27136,27136,0,0,0,0,661.192815823534
|||;27136,27136,27136,27136,0,0,0,0,666.192815823534
|||;27136,27136,27136,27136,0,0,0,0,671.192815823534
|||;27136,27136,27136,27136,0,0,0,0,676.192815823534
|||;27136,27136,27136,27136,0,0,0,0,681.192815823534
|||;27136,27136,27136,27136,0,0,0,0,686.192815823534
|||;27136,27136,27136,27136,0,0,0,0,691.192815823534
|||;27136,27136,27136,27136,0,0,0,0,696.192815823534
|||;27136,27136,27136,27136,0,0,0,0,701.192815823534
|||;27136,27136,27136,27136,0,0,0,0,706.192815823534
|||;27136,27136,27136,27136,0,0,0,0,711.192815823534
|||;27136,27136,27136,27136,0,0,0,0,716.192815823534
|||;27136,27136,27136,27136,0,0,0,0,721.192815823534
|||;27136,27136,27136,27136,0,0,0,0,726.192815823534
|||;27136,27136,27136,27136,0,0,0,0,731.192815823534
|||;27136,27136,27136,27136,0,0,0,0,736.192815823534
|||;27136,27136,27136,27136,0,0,0,0,741.192815823534
|||;27136,27136,27136,27136,0,0,0,0,746.192815823534
|||;27136,27136,27136,27136,0,0,0,0,751.192815823534
|||;27136,27136,27136,27136,0,0,0,0,756.192815823534
|||;27136,27136,27136,27136,0,0,0,0,761.192815823534
|||;27136,27136,27136,27136,0,0,0,0,766.192815823534
|||;27136,27136,27136,27136,0,0,0,0,771.192815823534
|||;27136,27136,27136,27136,0,0,0,0,776.192815823534
|||;27136,27136,27136,27136,0,0,0,0,781.192815823534
|||;27136,27136,27136,27136,0,0,0,0,786.192815823534
|||;27136,27136,27136,27136,0,0,0,0,791.192815823534
|||;27136,27136,27136,27136,0,0,0,0,796.192815823534
|||;27136,27136,27136,27136,0,0,0,0,801.192815823534
|||;27136,27136,27136,27136,0,0,0,0,806.192815823534
|||;27136,27136,27136,27136,0,0,0,0,811.192815823534
|||;27136,27136,27136,27136,0,0,0,0,816.192815823534
|||;27136,27136,27136,27136,0,0,0,0,821.192815823534
|||;27136,27136,27136,27136,0,0,0,0,826.192815823534
|||;27136,27136,27136,27136,0,0,0,0,831.192815823534
|||;27136,27136,27136,27136,0,0,0,0,836.192815823534
|||;27136,27136,27136,27136,0,0,0,0,841.192815823534
|||;27136,27136,27136,27136,0,0,0,0,846.192815823534
|||;27136,27136,27136,27136,0,0,0,0,851.192815823534
|||;27136,27136,27136,27136,0,0,0,0,856.192815823534
|||;27136,27136,27136,27136,0,0,0,0,861.192815823534
|||;27136,27136,27136,27136,0,0,0,0,866.192815823534
|||;27136,27136,27136,27136,0,0,0,0,871.192815823534
|||;27136,27136,27136,27136,0,0,0,0,876.192815823534
|||;27136,27136,27136,27136,0,0,0,0,881.192815823534
|||;27136,27136,27136,27136,0,0,0,0,886.192815823534
|||;27136,27136,27136,27136,0,0,0,0,891.192815823534
|||;27136,27136,27136,27136,0,0,0,0,896.192815823534
|||;27136,27136,27136,27136,0,0,0,0,901.192815823534
|||;27136,27136,27136,27136,0,0,0,0,906.192815823534
|||;27136,27136,27136,27136,0,0,0,0,911.192815823534
|||;27136,27136,27136,27136,0,0,0,0,916.192815823534
|||;27136,27136,27136,27136,0,0,0,0,921.192815823534
|||;27136,27136,27136,27136,0,0,0,0,926.192815823534
|||;27136,27136,27136,27136,0,0,0,0,931.192815823534
|||;27136,27136,27136,27136,0,0,0,0,936.192815823534
|||;27136,27136,27136,27136,0,0,0,0,941.192815823534
|||;27136,27136,27136,27136,0,0,0,0,946.192815823534
|||;27136,27136,27136,27136,0,0,0,0,951.192815823534
|||;27136,27136,27136,27136,0,0,0,0,956.192815823534
|||;27136,27136,27136,27136,0,0,0,0,961.192815823534
|||;27136,27136,27136,27136,0,0,0,0,966.192815823534
|||;27136,27136,27136,27136,0,0,0,0,971.192815823534
|||;27136,27136,27136,27136,0,0,0,0,976.192815823534
|||;27136,27136,27136,27136,0,0,0,0,981.192815823534
|||;27136,27136,27136,27136,0,0,0,0,986.192815823534
|||;27136,27136,27136,27136,0,0,0,0,991.192815823534
|||;27136,27136,27136,27136,0,0,0,0,996.192815823534
|||;27136,27136,27136,27136,0,0,0,0,1001.192815823534
|||;27136,27136,27136,27136,0,0,0,0,1006.192815823534
|||;27136,27136,27136,27136,0,0,0,0,1011.192815823534
|||;27136,27136,27136,27136,0,0,0,0,1016.192815823534
|||;27136,27136,27136,27136,0,0,0,0,1021.192815823534
|||;27136,27136,27136,27136,0,0,0,0,1026.192815823534
|||;27136,27136,27136,27136,0,0,0,0,1031.192815823534
|||;27136,27136,27136,27136,0,0,0,0,1036.192815823534
|||;27136,27136,27136,27136,0,0,0,0,1041.192815823534
|||;27136,27136,27136,27136,0,0,0,0,1046.192815823534
|||;27136,27136,27136,27136,0,0,0,0,1051.192815823534
|||;27136,27136,27136,27136,0,0,0,0,1056.192815823534
|||;27136,27136,27136,27136,0,0,0,0,1061.192815823534
|||;27136,27136,27136,27136,0,0,0,0,1066.192815823534
|||;27136,27136,27136,27136,0,0,0,0,1071.192815823534
|||;27136,27136,27136,27136,0,0,0,0,1076.192815823534
|||;27136,27136,27136,27136,0,0,0,0,1081.192815823534
|||;27136,27136,27136,27136,0,0,0,0,1086.192815823534
|||;27136,27136,27136,27136,0,0,0,0,1091.192815823534
|||;27136,27136,27136,27136,0,0,0,0,1096.192815823534
|||;27136,27136,27136,27136,0,0,0,0,1101.192815823534
|||;27136,27136,27136,27136,0,0,0,0,1106.192815823534
|||;27136,27136,27136,27136,0,0,0,0,1111.192815823534
|||;27136,27136,27136,27136,0,0,0,0,1116.192815823534
|||;27136,27136,27136,27136,0,0,0,0,1121.192815823534
|||;27136,27136,27136,27136,0,0,0,0,1126.192815823534
|||;27136,27136,27136,27136,0,0,0,0,1131.192815823534
|||;27136,27136,27136,27136,0,0,0,0,1136.192815823534
|||;27136,27136,27136,27136,0,0,0,0,1141.192815823534
|||;27136,27136,27136,27136,0,0,0,0,1146.192815823534
|||;27136,27136,27136,27136,0,0,0,0,1151.192815823534
|||;27136,27136,27136,27136,0,0,0,0,1156.192815823534
|||;27136,27136,27136,27136,0,0,0,0,1161.192815823534
|||;27136,27136,27136,27136,0,0,0,0,1166.192815823534
|||;27136,27136,27136,27136,0,0,0,0,1171.192815823534
|||;27136,27136,27136,27136,0,0,0,0,1176.192815823534
|||;27136,27136,27136,27136,0,0,0,0,1181.192815823534
|||;27136,27136,27136,27136,0,0,0,0,1186.192815823534
|||;27136,27136,27136,27136,0,0,0,0,1191.192815823534
|||;27136,27136,27136,27136,0,0,0,0,1196.192815823534
|||;27136,27136,27136,27136,0,0,0,0,1201.192815823534
|||;27136,27136,27136,27136,0,0,0,0,1206.192815823534
|||;27136,27136,27136,27136,0,0,0,0,1211.192815823534
|||;27136,27136,27136,27136,0,0,0,0,1216.192815823534
|||;27136,27136,27136,27136,0,0,0,0,1221.192815823534
|||;27136,27136,27136,27136,0,0,0,0,1226.192815823534
|||;27136,27136,27136,27136,0,0,0,0,1231.192815823534
|||;27136,27136,27136,27136,0,0,0,0,1236.192815823534
|||;27136,27136,27136,27136,0,0,0,0,1241.192815823534
|||;27136,27136,27136,27136,0,0,0,0,1246.192815823534
|||;27136,27136,27136,27136,0,0,0,0,1251.192815823534
|||;27136,27136,27136,27136,0,0,0,0,1256.192815823534
|||;27136,27136,27136,27136,0,0,0,0,1261.192815823534
|||;27136,27136,27136,27136,0,0,0,0,1266.192815823534
|||;27136,27136,27136,27136,0,0,0,0,1271.192815823534
|||;27136,27136,27136,27136,0,0,0,0,1276.192815823534
|||;27136,27136,27136,27136,0,0,0,0,1281.192815823534
|||;27136,27136,27136,27136,0,0,0,0,1286.192815823534
|||;27136,27136,27136,27136,0,0,0,0,1291.192815823534
|||;27136,27136,27136,27136,0,0,0,0,1296.192815823534
|||;27136,27136,27136,27136,0,0,0,0,1301.192815823534
|||;27136,27136,27136,27136,0,0,0,0,1306.192815823534
|||;27136,27136,27136,27136,0,0,0,0,1311.192815823534
|||;27136,27136,27136,27136,0,0,0,0,1316.192815823534
|||;27136,27136,27136,27136,0,0,0,0,1321.192815823534
|||;27136,27136,27136,27136,0,0,0,0,1326.192815823534
|||;27136,27136,27136,27136,0,0,0,0,1331.192815823534
|||;27136,27136,27136,27136,0,0,0,0,1336.192815823534
|||;27136,27136,27136,27136,0,0,0,0,1341.192815823534
|||;27136,27136,27136,27136,0,0,0,0,1346.192815823534
|||;27136,27136,27136,27136,0,0,0,0,1351.192815823534
|||;27136,27136,27136,27136,0,0,0,0,1356.192815823534
|||;27136,27136,27136,27136,0,0,0,0,1361.192815823534
|||;27136,27136,27136,27136,0,0,0,0,1366.192815823534
|||;27136,27136,27136,27136,0,0,0,0,1371.192815823534
|||;27136,27136,27136,27136,0,0,0,0,1376.192815823534
|||;27136,27136,27136,27136,0,0,0,0,1381.192815823534
|||;27136,27136,27136,27136,0,0,0,0,1386.192815823534
|||;27136,27136,27136,27136,0,0,0,0,1391.192815823534
|||;27136,27136,27136,27136,0,0,0,0,1396.192815823534
|||;27136,27136,27136,27136,0,0,0,0,1401.192815823534
|||;27136,27136,27136,27136,0,0,0,0,1406.192815823534
|||;27136,27136,27136,27136,0,0,0,0,1411.192815823534
|||;27136,27136,27136,27136,0,0,0,0,1416.192815823534
|||;27136,27136,27136,27136,0,0,0,0,1421.192815823534
|||;27136,27136,27136,27136,0,0,0,0,1426.192815823534
|||;27136,27136,27136,27136,0,0,0,0,1431.192815823534
|||;27136,27136,27136,27136,0,0,0,0,1436.192815823534
|||;27136,27136,27136,27136,0,0,0,0,1441.192815823534
|||;27136,27136,27136,27136,0,0,0,0,1446.192815823534
|||;27136,27136,27136,27136,0,0,0,0,1451.192815823534
|||;27136,27136,27136,27136,0,0,0,0,1456.192815823534
|||;27136,27136,27136,27136,0,0,0,0,1461.192815823534
|||;27136,27136,27136,27136,0,0,0,0,1466.192815823534
|||;27136,27136,27136,27136,0,0,0,0,1471.192815823534
|||;27136,27136,27136,27136,0,0,0,0,1476.192815823534
|||;27136,27136,27136,27136,0,0,0,0,1481.192815823534
|||;27136,27136,27136,27136,0,0,0,0,1486.192815823534
|||;27136,27136,27136,27136,0,0,0,0,1491.192815823534
|||;27136,27136,27136,27136,0,0,0,0,1496.192815823534
|||;27136,27136,27136,27136,0,0,0,0,1501.192815823534
|||;27136,27136,27136,27136,0,0,0,0,1506.192815823534
|||;27136,27136,27136,27136,0,0,0,0,1511.192815823534
|||;27136,27136,27136,27136,0,0,0,0,1516.192815823534
|||;27136,27136,27136,27136,0,0,0,0,1521.192815823534
|||;27136,27136,27136,27136,0,0,0,0,1526.192815823534
|||;27136,27136,27136,27136,0,0,0,0,1531.192815823534
|||;27136,27136,27136,27136,0,0,0,0,1536.192815823534
|||;27136,27136,27136,27136,0,0,0,0,1541.192815823534
|||;27136,27136,27136,27136,0,0,0,0,1546.192815823534
|||;27136,27136,27136,27136,0,0,0,0,1551.192815823534
|||;27136,27136,27136,27136,0,0,0,0,1556.192815823534
|||;27136,27136,27136,27136,0,0,0,0,1561.192815823534
|||;27136,27136,27136,27136,0,0,0,0,1566.192815823534
|||;27136,27136,27136,27136,0,0,0,0,1571.192815823534
|||;27136,27136,27136,27136,0,0,0,0,1576.192815823534
|||;27136,27136,27136,27136,0,0,0,0,1581.192815823534
|||;27136,27136,27136,27136,0,0,0,0,1586.192815823534
|||;27136,27136,27136,27136,0,0,0,0,1591.192815823534
|||;27136,27136,27136,27136,0,0,0,0,1596.192815823534
|||;27136,27136,27136,27136,0,0,0,0,1601.192815823534
|||;27136,27136,27136,27136,0,0,0,0,1606.192815823534
|||;27136,27136,27136,27136,0,0,0,0,1611.192815823534
|||;27136,27136,27136,27136,0,0,0,0,1616.192815823534
|||;27136,27136,27136,27136,0,0,0,0,1621.192815823534
|||;27136,27136,27136,27136,0,0,0,0,1626.192815823534
|||;27136,27136,27136,27136,0,0,0,0,1631.192815823534
|||;27136,27136,27136,27136,0,0,0,0,1636.192815823534
|||;27136,27136,27136,27136,0,0,0,0,1641.192815823534
|||;27136,27136,27136,27136,0,0,0,0,1646.192815823534
|||;27136,27136,27136,27136,0,0,0,0,1651.192815823534
|||;27136,27136,27136,27136,0,0,0,0,1656.192815823534
|||;27136,27136,27136,27136,0,0,0,0,1661.192815823534
|||;27136,27136,27136,27136,0,0,0,0,1666.192815823534
|||;27136,27136,27136,27136,0,0,0,0,1671.192815823534
|||;27136,27136,27136,27136,0,0,0,0,1676.192815823534
|||;27136,27136,27136,27136,0,0,0,0,1681.192815823534
|||;27136,27136,27136,27136,0,0,0,0,1686.192815823534
|||;27136,27136,27136,27136,0,0,0,0,1691.192815823534
|||;27136,27136,27136,27136,0,0,0,0,1696.192815823534
|||;27136,27136,27136,27136,0,0,0,0,1701.192815823534
|||;27136,27136,27136,27136,0,0,0,0,1706.192815823534
|||;27136,27136,27136,27136,0,0,0,0,1711.192815823534
|||;27136,27136,27136,27136,0,0,0,0,1716.192815823534
|||;27136,27136,27136,27136,0,0,0,0,1721.192815823534
|||;27136,27136,27136,27136,0,0,0,0,1726.192815823534
|||;27136,27136,27136,27136,0,0,0,0,1731.192815823534
|||;27136,27136,27136,27136,0,0,0,0,1736.192815823534
|||;27136,27136,27136,27136,0,0,0,0,1741.192815823534
|||;27136,27136,27136,27136,0,0,0,0,1746.192815823534
|||;27136,27136,27136,27136,0,0,0,0,1751.192815823534
|||;27136,27136,27136,27136,0,0,0,0,1756.192815823534
|||;27136,27136,27136,27136,0,0,0,0,1761.192815823534
|||;27136,27136,27136,27136,0,0,0,0,1766.192815823534
|||;27136,27136,27136,27136,0,0,0,0,1771.192815823534
|||;27136,27136,27136,27136,0,0,0,0,1776.192815823534
|||;27136,27136,27136,27136,0,0,0,0,1781.192815823534
|||;27136,27136,27136,27136,0,0,0,0,1786.192815823534
|||;27136,27136,27136,27136,0,0,0,0,1791.192815823534
|||;27136,27136,27136,27136,0,0,0,0,1796.192815823534
|||;27136,27136,27136,27136,0,0,0,0,1801.192815823534
|||;27136,27136,27136,27136,0,0,0,0,1806.192815823534
|||;27136,27136,27136,27136,0,0,0,0,1811.192815823534
|||;27136,27136,27136,27136,0,0,0,0,1816.192815823534
|||;27136,27136,27136,27136,0,0,0,0,1821.192815823534
|||;27136,27136,27136,27136,0,0,0,0,1826.192815823534
|||;27136,27136,27136,27136,0,0,0,0,1831.192815823534
|||;27136,27136,27136,27136,0,0,0,0,1836.192815823534
|||;27136,27136,27136,27136,0,0,0,0,1841.192815823534
|||;27136,27136,27136,27136,0,0,0,0,1846.192815823534
|||;27136,27136,27136,27136,0,0,0,0,1851.192815823534
|||;27136,27136,27136,27136,0,0,0,0,1856.192815823534
|||;27136,27136,27136,27136,0,0,0,0,1861.192815823534
|||;27136,27136,27136,27136,0,0,0,0,1866.192815823534
|||;27136,27136,27136,27136,0,0,0,0,1871.192815823534
|||;27136,27136,27136,27136,0,0,0,0,1876.192815823534
|||;27136,27136,27136,27136,0,0,0,0,1881.192815823534
|||;27136,27136,27136,27136,0,0,0,0,1886.192815823534
|||;27136,27136,27136,27136,0,0,0,0,1891.192815823534
|||;27136,27136,27136,27136,0,0,0,0,1896.192815823534
|||;27136,27136,27136,27136,0,0,0,0,1901.192815823534
|||;27136,27136,27136,27136,0,0,0,0,1906.192815823534
|||;27136,27136,27136,27136,0,0,0,0,1911.192815823534
|||;27136,27136,27136,27136,0,0,0,0,1916.192815823534
|||;27136,27136,27136,27136,0,0,0,0,1921.192815823534
|||;27136,27136,27136,27136,0,0,0,0,1926.192815823534
|||;27136,27136,27136,27136,0,0,0,0,1931.192815823534
|||;27136,27136,27136,27136,0,0,0,0,1936.192815823534
|||;27136,27136,27136,27136,0,0,0,0,1941.192815823534
|||;27136,27136,27136,27136,0,0,0,0,1946.192815823534
|||;27136,27136,27136,27136,0,0,0,0,1951.192815823534
|||;27136,27136,27136,27136,0,0,0,0,1956.192815823534
|||;27136,27136,27136,27136,0,0,0,0,1961.192815823534
|||;27136,27136,27136,27136,0,0,0,0,1966.192815823534
|||;27136,27136,27136,27136,0,0,0,0,1971.192815823534
|||;27136,27136,27136,27136,0,0,0,0,1976.192815823534
|||;27136,27136,27136,27136,0,0,0,0,1981.192815823534
|||;27136,27136,27136,27136,0,0,0,0,1986.192815823534
|||;27136,27136,27136,27136,0,0,0,0,1991.192815823534
|||;27136,27136,27136,27136,0,0,0,0,1996.192815823534
|||;36966,36966,36966,36966,0,0,0,0,1.192815823534
|||;17920,17920,17920,17920,0,0,0,0,1.192815823534
|||;17920,17920,17920,17920,0,0,0,0,6.192815823534
|||;30208,30208,30208,30208,0,0,0,0,1.192815823534
352dmeua(2),|241ujitn(2),|215fntac(2),|389bxltf(2),;24320,23142.4,23654.4,22886.4,24.702865810976,31.030005344785,27.979052511638,31.835513520256,6.192815823534
352dmeua(2),|241ujitn(2),|215fntac(2),|389bxltf(2),;24320,23142.4,23654.4,22886.4,19.702865810976,26.030005344785,22.979052511638,26.835513520256,11.192815823534
352dmeua(2),|241ujitn(2),|215fntac(2),|389bxltf(2),;24320,23142.4,23654.4,22886.4,14.702865810976,21.030005344785,17.979052511638,21.835513520256,16.192815823534
352dmeua(2),|241ujitn(2),|215fntac(2),|389bxltf(2),;24320,23142.4,23654.4,22886.4,9.702865810976,16.030005344785,12.979052511638,16.835513520256,21.192815823534
352dmeua(2),550vmxof(1),|241ujitn(2),|215fntac(2),133zaptc(0),|389bxltf(2),;16486.4,23142.4,14694.4,22886.4,42.497069224207,11.030005344785,53.998255690549,11.835513520256,26.192815823534
550vmxof(1),|241ujitn(2),|215fntac(2),133zaptc(1),|389bxltf(2),;22374.4,23142.4,14694.4,22886.4,37.497069224207,6.030005344785,48.998255690549,6.835513520256,31.192815823534
550vmxof(2),|241ujitn(2),467sxqkr(1),|133zaptc(2),|389bxltf(2),;22374.4,17459.2,21248,22886.4,32.497069224207,28.475359816596,43.998255690549,1.835513520256,36.192815823534
550vmxof(2),|467sxqkr(2),|133zaptc(2),|389bxltf(3),;22374.4,24524.8,21248,22886.4,27.497069224207,23.475359816596,38.998255690549,0,41.192815823534
550vmxof(2),|467sxqkr(2),|133zaptc(2),|;22374.4,24524.8,21248,30208,22.497069224207,18.475359816596,33.998255690549,0,46.192815823534
550vmxof(2),593pwsfg(1),621swjvo(0),|467sxqkr(2),|133zaptc(2),|479eoynm(2),;6451.2,24524.8,21248,20326.4,95.080787517562,13.475359816596,28.998255690549,42.493990553315,51.192815823534
550vmxof(2),593pwsfg(1),621swjvo(1),|467sxqkr(2),|133zaptc(2),|479eoynm(2),;6451.2,24524.8,21248,20326.4,90.080787517562,8.475359816596,23.998255690549,37.493990553315,56.192815823534
|||;27545,27545,27545,27545,0,0,0,0,1.192815823534
|||;27545,27545,27545,27545,0,0,0,0,6.192815823534
|||;34304,34304,34304,34304,0,0,0,0,1.192815823534
|||;25292,25292,25292,25292,0,0,0,0,1.192815823534
|||;29184,29184,29184,29184,0,0,0,0,1.192815823534
|||;28569,28569,28569,28569,0,0,0,0,1.192815823534
|||;35737,35737,35737,35737,0,0,0,0,1.192815823534
|||;35737,35737,35737,35737,0,0,0,0,6.192815823534
|||;22220,22220,22220,22220,0,0,0,0,1.192815823534
|||;25497,25497,25497,25497,0,0,0,0,1.192815823534
|||;37990,37990,37990,37990,0,0,0,0,1.192815823534
|||;37990,37990,37990,37990,0,0,0,0,6.192815823534
|||;18944,18944,18944,18944,0,0,0,0,1.192815823534
|||;18944,18944,18944,18944,0,0,0,0,6.192815823534
|||;37580,37580,37580,37580,0,0,0,0,1.192815823534
