,83968,0.00.00.00.0,0.149686863883
,92160,0.00.00.00.0,0.149686863883
,92160,0.00.00.00.0,5.149686863883
,92160,0.00.00.00.0,10.149686863883
,92160,0.00.00.00.0,15.149686863883
,92160,0.00.00.00.0,20.149686863883
,92160,0.00.00.00.0,25.149686863883
,92160,0.00.00.00.0,30.149686863883
,142950,0.00.00.00.0,0.149686863883
,125747,0.00.00.00.0,0.149686863883
,115098,0.00.00.00.0,1.149686863883
,115098,0.00.00.00.0,6.149686863883
,92979.2,0.00.00.00.0,1.149686863883
,92979.2,0.00.00.00.0,6.149686863883
,92979.2,0.00.00.00.0,11.149686863883
,92979.2,0.00.00.00.0,16.149686863883
,92979.2,0.00.00.00.0,21.149686863883
137216,0,0,0,0,1.149686863883137216,0,0,0,0,6.149686863883137216,0,0,0,0,11.149686863883;76595.2,0,0,0,0,1.149686863883
;76595.2,0,0,0,0,6.149686863883
;76595.2,0,0,0,0,11.149686863883
;76595.2,0,0,0,0,16.149686863883
;76595.2,0,0,0,0,21.149686863883
;76595.2,0,0,0,0,26.149686863883
;76595.2,0,0,0,0,31.149686863883
;76595.2,0,0,0,0,36.149686863883
;76595.2,0,0,0,0,41.149686863883
;76595.2,0,0,0,0,46.149686863883
;76595.2,0,0,0,0,51.149686863883
;76595.2,0,0,0,0,56.149686863883
;76595.2,0,0,0,0,61.149686863883
;76595.2,0,0,0,0,66.149686863883
;76595.2,0,0,0,0,71.149686863883
;76595.2,0,0,0,0,76.149686863883
;76595.2,0,0,0,0,81.149686863883
;76595.2,0,0,0,0,86.149686863883
;76595.2,0,0,0,0,91.149686863883
;76595.2,0,0,0,0,96.149686863883
;76595.2,0,0,0,0,101.149686863883
;76595.2,0,0,0,0,106.149686863883
;76595.2,0,0,0,0,111.149686863883
;76595.2,0,0,0,0,116.149686863883
;76595.2,0,0,0,0,121.149686863883
;76595.2,0,0,0,0,126.149686863883
;76595.2,0,0,0,0,131.149686863883
;76595.2,0,0,0,0,136.149686863883
;76595.2,0,0,0,0,141.149686863883
;76595.2,0,0,0,0,146.149686863883
;86425.6,0,0,0,0,1.149686863883
;86425.6,0,0,0,0,6.149686863883
;86425.6,0,0,0,0,11.149686863883
;86425.6,0,0,0,0,16.149686863883
;86425.6,0,0,0,0,21.149686863883
;86425.6,0,0,0,0,26.149686863883
;86425.6,0,0,0,0,31.149686863883
;86425.6,0,0,0,0,36.149686863883
;86425.6,0,0,0,0,41.149686863883
;86425.6,0,0,0,0,46.149686863883
;86425.6,0,0,0,0,51.149686863883
;86425.6,0,0,0,0,56.149686863883
;86425.6,0,0,0,0,61.149686863883
;86425.6,0,0,0,0,66.149686863883
;86425.6,0,0,0,0,71.149686863883
;86425.6,0,0,0,0,76.149686863883
;86425.6,0,0,0,0,81.149686863883
;86425.6,0,0,0,0,86.149686863883
;86425.6,0,0,0,0,91.149686863883
;86425.6,0,0,0,0,96.149686863883
;86425.6,0,0,0,0,101.149686863883
;73318.4,0,0,0,0,1.149686863883
;111002,0,0,0,0,1.149686863883
;108544,0,0,0,0,1.149686863883
;75776,0,0,0,0,1.16819777014
;75776,0,0,0,0,6.16819777014
;120013,0,0,0,0,1.16819777014
;120013,0,0,0,0,6.16819777014
;120013,0,0,0,0,11.16819777014
;120013,0,0,0,0,16.16819777014
;120013,0,0,0,0,21.16819777014
;120013,0,0,0,0,26.16819777014
;120013,0,0,0,0,31.16819777014
;120013,0,0,0,0,36.16819777014
;120013,0,0,0,0,41.16819777014
;120013,0,0,0,0,46.16819777014
;120013,0,0,0,0,51.16819777014
;120013,0,0,0,0,56.16819777014
;120013,0,0,0,0,61.16819777014
;120013,0,0,0,0,66.16819777014
;120013,0,0,0,0,71.16819777014
;120013,0,0,0,0,76.16819777014
;120013,0,0,0,0,81.16819777014
;120013,0,0,0,0,86.16819777014
;120013,0,0,0,0,91.16819777014
;120013,0,0,0,0,96.16819777014
;120013,0,0,0,0,101.16819777014
;120013,0,0,0,0,106.16819777014
;120013,0,0,0,0,111.16819777014
;120013,0,0,0,0,116.16819777014
;120013,0,0,0,0,121.16819777014
;120013,0,0,0,0,126.16819777014
;120013,0,0,0,0,131.16819777014
;120013,0,0,0,0,136.16819777014
;120013,0,0,0,0,141.16819777014
;120013,0,0,0,0,146.16819777014
;120013,0,0,0,0,151.16819777014
;120013,0,0,0,0,156.16819777014
;120013,0,0,0,0,161.16819777014
;120013,0,0,0,0,166.16819777014
;120013,0,0,0,0,171.16819777014
;120013,0,0,0,0,176.16819777014
;120013,0,0,0,0,181.16819777014
;120013,0,0,0,0,186.16819777014
;120013,0,0,0,0,191.16819777014
;120013,0,0,0,0,196.16819777014
;120013,0,0,0,0,201.16819777014
;120013,0,0,0,0,206.16819777014
;120013,0,0,0,0,211.16819777014
;120013,0,0,0,0,216.16819777014
;120013,0,0,0,0,221.16819777014
;120013,0,0,0,0,226.16819777014
;120013,0,0,0,0,231.16819777014
;120013,0,0,0,0,236.16819777014
;120013,0,0,0,0,241.16819777014
;120013,0,0,0,0,246.16819777014
;120013,0,0,0,0,251.16819777014
;120013,0,0,0,0,256.16819777014
;120013,0,0,0,0,261.16819777014
;120013,0,0,0,0,266.16819777014
;120013,0,0,0,0,271.16819777014
;120013,0,0,0,0,276.16819777014
;120013,0,0,0,0,281.16819777014
;120013,0,0,0,0,286.16819777014
;120013,0,0,0,0,291.16819777014
;120013,0,0,0,0,296.16819777014
;120013,0,0,0,0,301.16819777014
;120013,0,0,0,0,306.16819777014
;120013,0,0,0,0,311.16819777014
;120013,0,0,0,0,316.16819777014
;120013,0,0,0,0,321.16819777014
;120013,0,0,0,0,326.16819777014
;120013,0,0,0,0,331.16819777014
;120013,0,0,0,0,336.16819777014
;120013,0,0,0,0,341.16819777014
;120013,0,0,0,0,346.16819777014
;120013,0,0,0,0,351.16819777014
;120013,0,0,0,0,356.16819777014
;120013,0,0,0,0,361.16819777014
;120013,0,0,0,0,366.16819777014
;120013,0,0,0,0,371.16819777014
;120013,0,0,0,0,376.16819777014
;120013,0,0,0,0,381.16819777014
;120013,0,0,0,0,386.16819777014
;120013,0,0,0,0,391.16819777014
;120013,0,0,0,0,396.16819777014
;120013,0,0,0,0,401.16819777014
;120013,0,0,0,0,406.16819777014
;120013,0,0,0,0,411.16819777014
;120013,0,0,0,0,416.16819777014
;120013,0,0,0,0,421.16819777014
;120013,0,0,0,0,426.16819777014
;120013,0,0,0,0,431.16819777014
;120013,0,0,0,0,436.16819777014
;120013,0,0,0,0,441.16819777014
;120013,0,0,0,0,446.16819777014
;120013,0,0,0,0,451.16819777014
;120013,0,0,0,0,456.16819777014
;120013,0,0,0,0,461.16819777014
;120013,0,0,0,0,466.16819777014
;120013,0,0,0,0,471.16819777014
;120013,0,0,0,0,476.16819777014
;120013,0,0,0,0,481.16819777014
;120013,0,0,0,0,486.16819777014
;120013,0,0,0,0,491.16819777014
;120013,0,0,0,0,496.16819777014
;120013,0,0,0,0,501.16819777014
;120013,0,0,0,0,506.16819777014
;120013,0,0,0,0,511.16819777014
;120013,0,0,0,0,516.16819777014
;120013,0,0,0,0,521.16819777014
;120013,0,0,0,0,526.16819777014
;120013,0,0,0,0,531.16819777014
;120013,0,0,0,0,536.16819777014
;120013,0,0,0,0,541.16819777014
;120013,0,0,0,0,546.16819777014
;120013,0,0,0,0,551.16819777014
;120013,0,0,0,0,556.16819777014
;120013,0,0,0,0,561.16819777014
;120013,0,0,0,0,566.16819777014
;120013,0,0,0,0,571.16819777014
;120013,0,0,0,0,576.16819777014
;120013,0,0,0,0,581.16819777014
;120013,0,0,0,0,586.16819777014
;120013,0,0,0,0,591.16819777014
;120013,0,0,0,0,596.16819777014
;120013,0,0,0,0,601.16819777014
;120013,0,0,0,0,606.16819777014
;120013,0,0,0,0,611.16819777014
;120013,0,0,0,0,616.16819777014
;120013,0,0,0,0,621.16819777014
;120013,0,0,0,0,626.16819777014
;120013,0,0,0,0,631.16819777014
;120013,0,0,0,0,636.16819777014
;120013,0,0,0,0,641.16819777014
;120013,0,0,0,0,646.16819777014
;120013,0,0,0,0,651.16819777014
;120013,0,0,0,0,656.16819777014
;120013,0,0,0,0,661.16819777014
;120013,0,0,0,0,666.16819777014
;120013,0,0,0,0,671.16819777014
;120013,0,0,0,0,676.16819777014
;120013,0,0,0,0,681.16819777014
;120013,0,0,0,0,686.16819777014
;120013,0,0,0,0,691.16819777014
;120013,0,0,0,0,696.16819777014
;120013,0,0,0,0,701.16819777014
;120013,0,0,0,0,706.16819777014
;120013,0,0,0,0,711.16819777014
;120013,0,0,0,0,716.16819777014
;120013,0,0,0,0,721.16819777014
;120013,0,0,0,0,726.16819777014
;120013,0,0,0,0,731.16819777014
;120013,0,0,0,0,736.16819777014
;120013,0,0,0,0,741.16819777014
;120013,0,0,0,0,746.16819777014
;120013,0,0,0,0,751.16819777014
;120013,0,0,0,0,756.16819777014
;120013,0,0,0,0,761.16819777014
;120013,0,0,0,0,766.16819777014
;120013,0,0,0,0,771.16819777014
;120013,0,0,0,0,776.16819777014
;120013,0,0,0,0,781.16819777014
;120013,0,0,0,0,786.16819777014
;120013,0,0,0,0,791.16819777014
;120013,0,0,0,0,796.16819777014
;120013,0,0,0,0,801.16819777014
;120013,0,0,0,0,806.16819777014
;120013,0,0,0,0,811.16819777014
;120013,0,0,0,0,816.16819777014
;120013,0,0,0,0,821.16819777014
;120013,0,0,0,0,826.16819777014
;120013,0,0,0,0,831.16819777014
;120013,0,0,0,0,836.16819777014
;120013,0,0,0,0,841.16819777014
;120013,0,0,0,0,846.16819777014
;120013,0,0,0,0,851.16819777014
;120013,0,0,0,0,856.16819777014
;120013,0,0,0,0,861.16819777014
;120013,0,0,0,0,866.16819777014
;120013,0,0,0,0,871.16819777014
;120013,0,0,0,0,876.16819777014
;120013,0,0,0,0,881.16819777014
;120013,0,0,0,0,886.16819777014
;120013,0,0,0,0,891.16819777014
;120013,0,0,0,0,896.16819777014
;120013,0,0,0,0,901.16819777014
;120013,0,0,0,0,906.16819777014
;120013,0,0,0,0,911.16819777014
;120013,0,0,0,0,916.16819777014
;120013,0,0,0,0,921.16819777014
;120013,0,0,0,0,926.16819777014
;120013,0,0,0,0,931.16819777014
;120013,0,0,0,0,936.16819777014
;120013,0,0,0,0,941.16819777014
;120013,0,0,0,0,946.16819777014
;120013,0,0,0,0,951.16819777014
;120013,0,0,0,0,956.16819777014
;120013,0,0,0,0,961.16819777014
;120013,0,0,0,0,966.16819777014
;120013,0,0,0,0,971.16819777014
;120013,0,0,0,0,976.16819777014
;120013,0,0,0,0,981.16819777014
;120013,0,0,0,0,986.16819777014
;120013,0,0,0,0,991.16819777014
;120013,0,0,0,0,996.16819777014
;120013,0,0,0,0,1001.16819777014
;120013,0,0,0,0,1006.16819777014
;120013,0,0,0,0,1011.16819777014
;120013,0,0,0,0,1016.16819777014
;120013,0,0,0,0,1021.16819777014
;120013,0,0,0,0,1026.16819777014
;120013,0,0,0,0,1031.16819777014
;120013,0,0,0,0,1036.16819777014
;120013,0,0,0,0,1041.16819777014
;120013,0,0,0,0,1046.16819777014
;120013,0,0,0,0,1051.16819777014
;120013,0,0,0,0,1056.16819777014
;120013,0,0,0,0,1061.16819777014
;120013,0,0,0,0,1066.16819777014
;120013,0,0,0,0,1071.16819777014
;120013,0,0,0,0,1076.16819777014
;120013,0,0,0,0,1081.16819777014
;120013,0,0,0,0,1086.16819777014
;120013,0,0,0,0,1091.16819777014
;120013,0,0,0,0,1096.16819777014
;120013,0,0,0,0,1101.16819777014
;120013,0,0,0,0,1106.16819777014
;120013,0,0,0,0,1111.16819777014
;120013,0,0,0,0,1116.16819777014
;120013,0,0,0,0,1121.16819777014
;120013,0,0,0,0,1126.16819777014
;120013,0,0,0,0,1131.16819777014
;120013,0,0,0,0,1136.16819777014
;120013,0,0,0,0,1141.16819777014
;120013,0,0,0,0,1146.16819777014
;120013,0,0,0,0,1151.16819777014
;120013,0,0,0,0,1156.16819777014
;120013,0,0,0,0,1161.16819777014
;120013,0,0,0,0,1166.16819777014
;120013,0,0,0,0,1171.16819777014
;120013,0,0,0,0,1176.16819777014
;120013,0,0,0,0,1181.16819777014
;120013,0,0,0,0,1186.16819777014
;120013,0,0,0,0,1191.16819777014
;120013,0,0,0,0,1196.16819777014
;120013,0,0,0,0,1201.16819777014
;120013,0,0,0,0,1206.16819777014
;120013,0,0,0,0,1211.16819777014
;120013,0,0,0,0,1216.16819777014
;120013,0,0,0,0,1221.16819777014
;120013,0,0,0,0,1226.16819777014
;120013,0,0,0,0,1231.16819777014
;120013,0,0,0,0,1236.16819777014
;120013,0,0,0,0,1241.16819777014
;120013,0,0,0,0,1246.16819777014
;120013,0,0,0,0,1251.16819777014
;120013,0,0,0,0,1256.16819777014
;120013,0,0,0,0,1261.16819777014
;120013,0,0,0,0,1266.16819777014
;120013,0,0,0,0,1271.16819777014
;120013,0,0,0,0,1276.16819777014
;120013,0,0,0,0,1281.16819777014
;120013,0,0,0,0,1286.16819777014
;120013,0,0,0,0,1291.16819777014
;120013,0,0,0,0,1296.16819777014
;120013,0,0,0,0,1301.16819777014
;120013,0,0,0,0,1306.16819777014
;120013,0,0,0,0,1311.16819777014
;120013,0,0,0,0,1316.16819777014
;120013,0,0,0,0,1321.16819777014
;120013,0,0,0,0,1326.16819777014
;120013,0,0,0,0,1331.16819777014
;120013,0,0,0,0,1336.16819777014
;120013,0,0,0,0,1341.16819777014
;120013,0,0,0,0,1346.16819777014
;120013,0,0,0,0,1351.16819777014
;120013,0,0,0,0,1356.16819777014
;120013,0,0,0,0,1361.16819777014
;120013,0,0,0,0,1366.16819777014
;120013,0,0,0,0,1371.16819777014
;120013,0,0,0,0,1376.16819777014
;120013,0,0,0,0,1381.16819777014
;120013,0,0,0,0,1386.16819777014
;120013,0,0,0,0,1391.16819777014
;120013,0,0,0,0,1396.16819777014
;120013,0,0,0,0,1401.16819777014
;120013,0,0,0,0,1406.16819777014
;120013,0,0,0,0,1411.16819777014
;120013,0,0,0,0,1416.16819777014
;120013,0,0,0,0,1421.16819777014
;120013,0,0,0,0,1426.16819777014
;120013,0,0,0,0,1431.16819777014
;120013,0,0,0,0,1436.16819777014
;120013,0,0,0,0,1441.16819777014
;120013,0,0,0,0,1446.16819777014
;120013,0,0,0,0,1451.16819777014
;120013,0,0,0,0,1456.16819777014
;120013,0,0,0,0,1461.16819777014
;120013,0,0,0,0,1466.16819777014
;120013,0,0,0,0,1471.16819777014
;120013,0,0,0,0,1476.16819777014
;120013,0,0,0,0,1481.16819777014
;120013,0,0,0,0,1486.16819777014
;120013,0,0,0,0,1491.16819777014
;120013,0,0,0,0,1496.16819777014
;120013,0,0,0,0,1501.16819777014
;120013,0,0,0,0,1506.16819777014
;120013,0,0,0,0,1511.16819777014
;120013,0,0,0,0,1516.16819777014
;120013,0,0,0,0,1521.16819777014
;120013,0,0,0,0,1526.16819777014
;120013,0,0,0,0,1531.16819777014
;120013,0,0,0,0,1536.16819777014
;120013,0,0,0,0,1541.16819777014
;120013,0,0,0,0,1546.16819777014
;120013,0,0,0,0,1551.16819777014
;120013,0,0,0,0,1556.16819777014
;120013,0,0,0,0,1561.16819777014
;120013,0,0,0,0,1566.16819777014
;120013,0,0,0,0,1571.16819777014
;120013,0,0,0,0,1576.16819777014
;120013,0,0,0,0,1581.16819777014
;120013,0,0,0,0,1586.16819777014
;120013,0,0,0,0,1591.16819777014
;120013,0,0,0,0,1596.16819777014
;120013,0,0,0,0,1601.16819777014
;120013,0,0,0,0,1606.16819777014
;120013,0,0,0,0,1611.16819777014
;120013,0,0,0,0,1616.16819777014
;120013,0,0,0,0,1621.16819777014
;120013,0,0,0,0,1626.16819777014
;120013,0,0,0,0,1631.16819777014
;120013,0,0,0,0,1636.16819777014
;120013,0,0,0,0,1641.16819777014
;120013,0,0,0,0,1646.16819777014
;120013,0,0,0,0,1651.16819777014
;120013,0,0,0,0,1656.16819777014
;120013,0,0,0,0,1661.16819777014
;120013,0,0,0,0,1666.16819777014
;120013,0,0,0,0,1671.16819777014
;120013,0,0,0,0,1676.16819777014
;120013,0,0,0,0,1681.16819777014
;120013,0,0,0,0,1686.16819777014
;120013,0,0,0,0,1691.16819777014
;120013,0,0,0,0,1696.16819777014
;120013,0,0,0,0,1701.16819777014
;120013,0,0,0,0,1706.16819777014
;120013,0,0,0,0,1711.16819777014
;120013,0,0,0,0,1716.16819777014
;120013,0,0,0,0,1721.16819777014
;120013,0,0,0,0,1726.16819777014
;120013,0,0,0,0,1731.16819777014
;120013,0,0,0,0,1736.16819777014
;120013,0,0,0,0,1741.16819777014
;120013,0,0,0,0,1746.16819777014
;120013,0,0,0,0,1751.16819777014
;120013,0,0,0,0,1756.16819777014
;120013,0,0,0,0,1761.16819777014
;120013,0,0,0,0,1766.16819777014
;120013,0,0,0,0,1771.16819777014
;120013,0,0,0,0,1776.16819777014
;120013,0,0,0,0,1781.16819777014
;120013,0,0,0,0,1786.16819777014
;120013,0,0,0,0,1791.16819777014
;120013,0,0,0,0,1796.16819777014
;120013,0,0,0,0,1801.16819777014
;120013,0,0,0,0,1806.16819777014
;120013,0,0,0,0,1811.16819777014
;120013,0,0,0,0,1816.16819777014
;120013,0,0,0,0,1821.16819777014
;120013,0,0,0,0,1826.16819777014
;120013,0,0,0,0,1831.16819777014
;120013,0,0,0,0,1836.16819777014
;120013,0,0,0,0,1841.16819777014
;120013,0,0,0,0,1846.16819777014
;120013,0,0,0,0,1851.16819777014
;120013,0,0,0,0,1856.16819777014
;120013,0,0,0,0,1861.16819777014
;120013,0,0,0,0,1866.16819777014
;120013,0,0,0,0,1871.16819777014
;120013,0,0,0,0,1876.16819777014
;120013,0,0,0,0,1881.16819777014
;120013,0,0,0,0,1886.16819777014
;120013,0,0,0,0,1891.16819777014
;120013,0,0,0,0,1896.16819777014
;120013,0,0,0,0,1901.16819777014
;120013,0,0,0,0,1906.16819777014
;120013,0,0,0,0,1911.16819777014
;120013,0,0,0,0,1916.16819777014
;120013,0,0,0,0,1921.16819777014
;120013,0,0,0,0,1926.16819777014
;120013,0,0,0,0,1931.16819777014
;120013,0,0,0,0,1936.16819777014
;120013,0,0,0,0,1941.16819777014
;120013,0,0,0,0,1946.16819777014
;120013,0,0,0,0,1951.16819777014
;120013,0,0,0,0,1956.16819777014
;120013,0,0,0,0,1961.16819777014
;120013,0,0,0,0,1966.16819777014
;120013,0,0,0,0,1971.16819777014
;120013,0,0,0,0,1976.16819777014
;120013,0,0,0,0,1981.16819777014
;120013,0,0,0,0,1986.16819777014
;120013,0,0,0,0,1991.16819777014
;120013,0,0,0,0,1996.16819777014
;151962,0,0,0,0,1.16819777014
;151962,0,0,0,0,6.16819777014
;76595.2,0,0,0,0,1.16819777014
test1mbwfk,test1mbwfk,;75335.7,1.649554809834,1.649884809834,0,0,6.16819777014
;142131,0,0,0,0,1.16819777014
;142131,0,0,0,0,6.16819777014
;139674,0,0,0,0,1.16819777014
;139674,0,0,0,0,6.16819777014
;101171,0,0,0,0,1.16819777014
;101171,0,0,0,0,6.16819777014
;73318.4,0,0,0,0,1.16819777014
;73318.4,0,0,0,0,6.16819777014
;80691.2,0,0,0,0,1.16819777014
;80691.2,0,0,0,0,6.16819777014
;152781,0,0,0,0,1.16819777014
;152781,0,0,0,0,6.16819777014
;100352,0,0,0,0,1.16819777014
test1maiyl,test1maiyl,test1maiyl,test1maiyl,;97669.1,2.19705784051,2.19738784051,2.19769184051,2.19800884051,6.16819777014
;94617.6,0,0,0,0,1.16819777014
;94617.6,0,0,0,0,6.16819777014
;150323,0,0,0,0,1.16819777014
;150323,0,0,0,0,6.16819777014
;146944,0,0,0,0,11.16819777014
;97894.4,0,0,0,0,1.16819777014
;97894.4,0,0,0,0,6.16819777014
test1apgjs,test1apgjs,;96430.1,2.857662794169,2.857992794169,0,0,11.16819777014
;144589,0,0,0,0,1.16819777014
;144589,0,0,0,0,6.16819777014
;120832,0,0,0,0,1.16819777014
test1zjbqm,test1zjbqm,;119470,2.76339437024,2.76372437024,0,0,6.16819777014
;89702.4,0,0,0,0,1.16819777014
;89702.4,0,0,0,0,6.16819777014
;151962,0,0,0,0,1.16819777014
;151962,0,0,0,0,6.16819777014
;150323,0,0,0,0,1.16819777014
;150323,0,0,0,0,6.16819777014
;133120,0,0,0,0,1.16819777014
;133120,0,0,0,0,6.16819777014
;131482,0,0,0,0,1.16819777014
;131482,0,0,0,0,6.16819777014
;142131,0,0,0,0,1.16819777014
;142131,0,0,0,0,6.16819777014
;92979.2,0,0,0,0,1.16819777014
;92979.2,0,0,0,0,6.16819777014
;91340.8,0,0,0,0,1.16819777014
;91340.8,0,0,0,0,6.16819777014
;81510.4,0,0,0,0,1.16819777014
;81510.4,0,0,0,0,6.16819777014
;77824,0,0,0,0,11.16819777014
;121651,0,0,0,0,1.16819777014
;121651,0,0,0,0,6.16819777014
;78233.6,0,0,0,0,1.16819777014
test1wicnr,test1wicnr,;76800,3.142299031875,3.142603031875,0,0,6.16819777014
;76800,0,0,0,0,11.16819777014
;143770,0,0,0,0,1.16819777014
;143770,0,0,0,0,6.16819777014
;148685,0,0,0,0,1.16819777014
;148685,0,0,0,0,6.16819777014
;91340.8,0,0,0,0,1.16819777014
;91340.8,0,0,0,0,6.16819777014
;90485.8,0,0,0,0,11.16819777014
;90485.8,0,0,0,0,16.16819777014
;90485.8,0,0,0,0,21.16819777014
;90485.8,0,0,0,0,26.16819777014
;90485.8,0,0,0,0,31.16819777014
;90485.8,0,0,0,0,36.16819777014
;90485.8,0,0,0,0,41.16819777014
;90485.8,0,0,0,0,46.16819777014
;90485.8,0,0,0,0,51.16819777014
;90485.8,0,0,0,0,56.16819777014
;90485.8,0,0,0,0,61.16819777014
;90485.8,0,0,0,0,66.16819777014
;90485.8,0,0,0,0,71.16819777014
;90485.8,0,0,0,0,76.16819777014
;90485.8,0,0,0,0,81.16819777014
;90485.8,0,0,0,0,86.16819777014
;90485.8,0,0,0,0,91.16819777014
;90485.8,0,0,0,0,96.16819777014
;90485.8,0,0,0,0,101.16819777014
;90485.8,0,0,0,0,106.16819777014
;90485.8,0,0,0,0,111.16819777014
;90485.8,0,0,0,0,116.16819777014
;90485.8,0,0,0,0,121.16819777014
;90485.8,0,0,0,0,126.16819777014
;90485.8,0,0,0,0,131.16819777014
;90485.8,0,0,0,0,136.16819777014
;90485.8,0,0,0,0,141.16819777014
;90485.8,0,0,0,0,146.16819777014
;90485.8,0,0,0,0,151.16819777014
;90485.8,0,0,0,0,156.16819777014
;90485.8,0,0,0,0,161.16819777014
;90485.8,0,0,0,0,166.16819777014
;90485.8,0,0,0,0,171.16819777014
;90485.8,0,0,0,0,176.16819777014
;90485.8,0,0,0,0,181.16819777014
;90485.8,0,0,0,0,186.16819777014
;90485.8,0,0,0,0,191.16819777014
;90485.8,0,0,0,0,196.16819777014
;90485.8,0,0,0,0,201.16819777014
;90485.8,0,0,0,0,206.16819777014
;90485.8,0,0,0,0,211.16819777014
;90485.8,0,0,0,0,216.16819777014
;90485.8,0,0,0,0,221.16819777014
;90485.8,0,0,0,0,226.16819777014
;90485.8,0,0,0,0,231.16819777014
;90485.8,0,0,0,0,236.16819777014
;90485.8,0,0,0,0,241.16819777014
;90485.8,0,0,0,0,246.16819777014
;90485.8,0,0,0,0,251.16819777014
;90485.8,0,0,0,0,256.16819777014
;90485.8,0,0,0,0,261.16819777014
;90485.8,0,0,0,0,266.16819777014
;90485.8,0,0,0,0,271.16819777014
;90485.8,0,0,0,0,276.16819777014
;90485.8,0,0,0,0,281.16819777014
;90485.8,0,0,0,0,286.16819777014
;90485.8,0,0,0,0,291.16819777014
;90485.8,0,0,0,0,296.16819777014
;90485.8,0,0,0,0,301.16819777014
;90485.8,0,0,0,0,306.16819777014
;90485.8,0,0,0,0,311.16819777014
;90485.8,0,0,0,0,316.16819777014
;90485.8,0,0,0,0,321.16819777014
;90485.8,0,0,0,0,326.16819777014
;90485.8,0,0,0,0,331.16819777014
;90485.8,0,0,0,0,336.16819777014
;90485.8,0,0,0,0,341.16819777014
;90485.8,0,0,0,0,346.16819777014
;90485.8,0,0,0,0,351.16819777014
;90485.8,0,0,0,0,356.16819777014
;99036.2,0,0,0,0,361.16819777014
;99036.2,0,0,0,0,366.16819777014
;99036.2,0,0,0,0,371.16819777014
;99036.2,0,0,0,0,376.16819777014
;99036.2,0,0,0,0,381.16819777014
;99036.2,0,0,0,0,386.16819777014
;99036.2,0,0,0,0,391.16819777014
;99036.2,0,0,0,0,396.16819777014
;99036.2,0,0,0,0,401.16819777014
;99036.2,0,0,0,0,406.16819777014
;99036.2,0,0,0,0,411.16819777014
;99036.2,0,0,0,0,416.16819777014
;99036.2,0,0,0,0,421.16819777014
;99036.2,0,0,0,0,426.16819777014
;99036.2,0,0,0,0,431.16819777014
;99036.2,0,0,0,0,436.16819777014
;99036.2,0,0,0,0,441.16819777014
;99036.2,0,0,0,0,446.16819777014
;99036.2,0,0,0,0,451.16819777014
;99036.2,0,0,0,0,456.16819777014
;99036.2,0,0,0,0,461.16819777014
;99036.2,0,0,0,0,466.16819777014
;99036.2,0,0,0,0,471.16819777014
;99036.2,0,0,0,0,476.16819777014
;99036.2,0,0,0,0,481.16819777014
;99036.2,0,0,0,0,486.16819777014
;99036.2,0,0,0,0,491.16819777014
;99036.2,0,0,0,0,496.16819777014
;99036.2,0,0,0,0,501.16819777014
;99036.2,0,0,0,0,506.16819777014
;99036.2,0,0,0,0,511.16819777014
;99036.2,0,0,0,0,516.16819777014
;99036.2,0,0,0,0,521.16819777014
;99036.2,0,0,0,0,526.16819777014
;99036.2,0,0,0,0,531.16819777014
;99036.2,0,0,0,0,536.16819777014
;99036.2,0,0,0,0,541.16819777014
;99036.2,0,0,0,0,546.16819777014
;99036.2,0,0,0,0,551.16819777014
;99036.2,0,0,0,0,556.16819777014
;99036.2,0,0,0,0,561.16819777014
;99036.2,0,0,0,0,566.16819777014
;99036.2,0,0,0,0,571.16819777014
;99036.2,0,0,0,0,576.16819777014
;99036.2,0,0,0,0,581.16819777014
;99036.2,0,0,0,0,586.16819777014
;99036.2,0,0,0,0,591.16819777014
;99036.2,0,0,0,0,596.16819777014
;99036.2,0,0,0,0,601.16819777014
;99036.2,0,0,0,0,606.16819777014
;99036.2,0,0,0,0,611.16819777014
;99036.2,0,0,0,0,616.16819777014
;99036.2,0,0,0,0,621.16819777014
;99036.2,0,0,0,0,626.16819777014
;99036.2,0,0,0,0,631.16819777014
;99036.2,0,0,0,0,636.16819777014
;99036.2,0,0,0,0,641.16819777014
;99036.2,0,0,0,0,646.16819777014
;99036.2,0,0,0,0,651.16819777014
;99036.2,0,0,0,0,656.16819777014
;99036.2,0,0,0,0,661.16819777014
;99036.2,0,0,0,0,666.16819777014
;99036.2,0,0,0,0,671.16819777014
;99036.2,0,0,0,0,676.16819777014
;99036.2,0,0,0,0,681.16819777014
;99036.2,0,0,0,0,686.16819777014
;99036.2,0,0,0,0,691.16819777014
;99036.2,0,0,0,0,696.16819777014
;99036.2,0,0,0,0,701.16819777014
;99036.2,0,0,0,0,706.16819777014
;99036.2,0,0,0,0,711.16819777014
;99036.2,0,0,0,0,716.16819777014
;99036.2,0,0,0,0,721.16819777014
;99036.2,0,0,0,0,726.16819777014
;99036.2,0,0,0,0,731.16819777014
;99036.2,0,0,0,0,736.16819777014
;99036.2,0,0,0,0,741.16819777014
;99036.2,0,0,0,0,746.16819777014
;99036.2,0,0,0,0,751.16819777014
;99036.2,0,0,0,0,756.16819777014
;99036.2,0,0,0,0,761.16819777014
;99036.2,0,0,0,0,766.16819777014
;99036.2,0,0,0,0,771.16819777014
;99036.2,0,0,0,0,776.16819777014
;99036.2,0,0,0,0,781.16819777014
;99036.2,0,0,0,0,786.16819777014
;99036.2,0,0,0,0,791.16819777014
;99036.2,0,0,0,0,796.16819777014
;99036.2,0,0,0,0,801.16819777014
;99036.2,0,0,0,0,806.16819777014
;99036.2,0,0,0,0,811.16819777014
;99036.2,0,0,0,0,816.16819777014
;99036.2,0,0,0,0,821.16819777014
;99036.2,0,0,0,0,826.16819777014
;99036.2,0,0,0,0,831.16819777014
;99036.2,0,0,0,0,836.16819777014
;99036.2,0,0,0,0,841.16819777014
;99036.2,0,0,0,0,846.16819777014
;99036.2,0,0,0,0,851.16819777014
;99036.2,0,0,0,0,856.16819777014
;99036.2,0,0,0,0,861.16819777014
;99036.2,0,0,0,0,866.16819777014
;99036.2,0,0,0,0,871.16819777014
;99036.2,0,0,0,0,876.16819777014
;99036.2,0,0,0,0,881.16819777014
;99036.2,0,0,0,0,886.16819777014
;99036.2,0,0,0,0,891.16819777014
;99036.2,0,0,0,0,896.16819777014
;99036.2,0,0,0,0,901.16819777014
;99036.2,0,0,0,0,906.16819777014
;99036.2,0,0,0,0,911.16819777014
;99036.2,0,0,0,0,916.16819777014
;99036.2,0,0,0,0,921.16819777014
;99036.2,0,0,0,0,926.16819777014
;99036.2,0,0,0,0,931.16819777014
;99036.2,0,0,0,0,936.16819777014
;99036.2,0,0,0,0,941.16819777014
;99036.2,0,0,0,0,946.16819777014
;99036.2,0,0,0,0,951.16819777014
;99036.2,0,0,0,0,956.16819777014
;99036.2,0,0,0,0,961.16819777014
;99036.2,0,0,0,0,966.16819777014
;99036.2,0,0,0,0,971.16819777014
;99036.2,0,0,0,0,976.16819777014
;99036.2,0,0,0,0,981.16819777014
;99036.2,0,0,0,0,986.16819777014
;99036.2,0,0,0,0,991.16819777014
;99036.2,0,0,0,0,996.16819777014
;99036.2,0,0,0,0,1001.16819777014
;99036.2,0,0,0,0,1006.16819777014
;99036.2,0,0,0,0,1011.16819777014
;99036.2,0,0,0,0,1016.16819777014
;99036.2,0,0,0,0,1021.16819777014
;99036.2,0,0,0,0,1026.16819777014
;99036.2,0,0,0,0,1031.16819777014
;99036.2,0,0,0,0,1036.16819777014
;99036.2,0,0,0,0,1041.16819777014
;99036.2,0,0,0,0,1046.16819777014
;99036.2,0,0,0,0,1051.16819777014
;99036.2,0,0,0,0,1056.16819777014
;99036.2,0,0,0,0,1061.16819777014
;99036.2,0,0,0,0,1066.16819777014
;99036.2,0,0,0,0,1071.16819777014
;99036.2,0,0,0,0,1076.16819777014
;99036.2,0,0,0,0,1081.16819777014
;99036.2,0,0,0,0,1086.16819777014
;99036.2,0,0,0,0,1091.16819777014
;99036.2,0,0,0,0,1096.16819777014
;99036.2,0,0,0,0,1101.16819777014
;99036.2,0,0,0,0,1106.16819777014
;99036.2,0,0,0,0,1111.16819777014
;99036.2,0,0,0,0,1116.16819777014
;99036.2,0,0,0,0,1121.16819777014
;99036.2,0,0,0,0,1126.16819777014
;99036.2,0,0,0,0,1131.16819777014
;99036.2,0,0,0,0,1136.16819777014
;99036.2,0,0,0,0,1141.16819777014
;99036.2,0,0,0,0,1146.16819777014
;99036.2,0,0,0,0,1151.16819777014
;99036.2,0,0,0,0,1156.16819777014
;99036.2,0,0,0,0,1161.16819777014
;99036.2,0,0,0,0,1166.16819777014
;99036.2,0,0,0,0,1171.16819777014
;99036.2,0,0,0,0,1176.16819777014
;99036.2,0,0,0,0,1181.16819777014
;99036.2,0,0,0,0,1186.16819777014
;99036.2,0,0,0,0,1191.16819777014
;99036.2,0,0,0,0,1196.16819777014
;99036.2,0,0,0,0,1201.16819777014
;99036.2,0,0,0,0,1206.16819777014
;99036.2,0,0,0,0,1211.16819777014
;99036.2,0,0,0,0,1216.16819777014
;99036.2,0,0,0,0,1221.16819777014
;99036.2,0,0,0,0,1226.16819777014
;99036.2,0,0,0,0,1231.16819777014
;99036.2,0,0,0,0,1236.16819777014
;99036.2,0,0,0,0,1241.16819777014
;99036.2,0,0,0,0,1246.16819777014
;99036.2,0,0,0,0,1251.16819777014
;99036.2,0,0,0,0,1256.16819777014
;99036.2,0,0,0,0,1261.16819777014
;99036.2,0,0,0,0,1266.16819777014
;99036.2,0,0,0,0,1271.16819777014
;99036.2,0,0,0,0,1276.16819777014
;99036.2,0,0,0,0,1281.16819777014
;99036.2,0,0,0,0,1286.16819777014
;99036.2,0,0,0,0,1291.16819777014
;99036.2,0,0,0,0,1296.16819777014
;99036.2,0,0,0,0,1301.16819777014
;99036.2,0,0,0,0,1306.16819777014
;99036.2,0,0,0,0,1311.16819777014
;99036.2,0,0,0,0,1316.16819777014
;99036.2,0,0,0,0,1321.16819777014
;99036.2,0,0,0,0,1326.16819777014
;99036.2,0,0,0,0,1331.16819777014
;99036.2,0,0,0,0,1336.16819777014
;99036.2,0,0,0,0,1341.16819777014
;99036.2,0,0,0,0,1346.16819777014
;99036.2,0,0,0,0,1351.16819777014
;99036.2,0,0,0,0,1356.16819777014
;99036.2,0,0,0,0,1361.16819777014
;99036.2,0,0,0,0,1366.16819777014
;99036.2,0,0,0,0,1371.16819777014
;99036.2,0,0,0,0,1376.16819777014
;86425.6,0,0,0,0,1.16819777014
;86425.6,0,0,0,0,6.16819777014
;86425.6,0,0,0,0,11.16819777014
;86425.6,0,0,0,0,16.16819777014
;86425.6,0,0,0,0,21.16819777014
;86425.6,0,0,0,0,26.16819777014
;86425.6,0,0,0,0,31.16819777014
;86425.6,0,0,0,0,36.16819777014
;86425.6,0,0,0,0,41.16819777014
;86425.6,0,0,0,0,46.16819777014
;86425.6,0,0,0,0,51.16819777014
;86425.6,0,0,0,0,56.16819777014
;86425.6,0,0,0,0,61.16819777014
;86425.6,0,0,0,0,66.16819777014
;86425.6,0,0,0,0,71.16819777014
;86425.6,0,0,0,0,76.16819777014
;86425.6,0,0,0,0,81.16819777014
;86425.6,0,0,0,0,86.16819777014
;86425.6,0,0,0,0,91.16819777014
;86425.6,0,0,0,0,96.16819777014
;86425.6,0,0,0,0,101.16819777014
;86425.6,0,0,0,0,106.16819777014
;86425.6,0,0,0,0,111.16819777014
;86425.6,0,0,0,0,116.16819777014
;86425.6,0,0,0,0,121.16819777014
;86425.6,0,0,0,0,126.16819777014
;86425.6,0,0,0,0,131.16819777014
;86425.6,0,0,0,0,136.16819777014
;86425.6,0,0,0,0,141.16819777014
;86425.6,0,0,0,0,146.16819777014
;86425.6,0,0,0,0,151.16819777014
;86425.6,0,0,0,0,156.16819777014
;86425.6,0,0,0,0,161.16819777014
;86425.6,0,0,0,0,166.16819777014
;86425.6,0,0,0,0,171.16819777014
;86425.6,0,0,0,0,176.16819777014
;86425.6,0,0,0,0,181.16819777014
;86425.6,0,0,0,0,186.16819777014
;86425.6,0,0,0,0,191.16819777014
;86425.6,0,0,0,0,196.16819777014
;86425.6,0,0,0,0,201.16819777014
;86425.6,0,0,0,0,206.16819777014
;86425.6,0,0,0,0,211.16819777014
;86425.6,0,0,0,0,216.16819777014
;86425.6,0,0,0,0,221.16819777014
;86425.6,0,0,0,0,226.16819777014
;86425.6,0,0,0,0,231.16819777014
;86425.6,0,0,0,0,236.16819777014
;86425.6,0,0,0,0,241.16819777014
;86425.6,0,0,0,0,246.16819777014
;86425.6,0,0,0,0,251.16819777014
;86425.6,0,0,0,0,256.16819777014
;86425.6,0,0,0,0,261.16819777014
;86425.6,0,0,0,0,266.16819777014
;86425.6,0,0,0,0,271.16819777014
;86425.6,0,0,0,0,276.16819777014
;86425.6,0,0,0,0,281.16819777014
;86425.6,0,0,0,0,286.16819777014
;86425.6,0,0,0,0,291.16819777014
;86425.6,0,0,0,0,296.16819777014
;86425.6,0,0,0,0,301.16819777014
;86425.6,0,0,0,0,306.16819777014
;86425.6,0,0,0,0,311.16819777014
;86425.6,0,0,0,0,316.16819777014
;86425.6,0,0,0,0,321.16819777014
;86425.6,0,0,0,0,326.16819777014
;86425.6,0,0,0,0,331.16819777014
;86425.6,0,0,0,0,336.16819777014
;86425.6,0,0,0,0,341.16819777014
;86425.6,0,0,0,0,346.16819777014
;86425.6,0,0,0,0,351.16819777014
;86425.6,0,0,0,0,356.16819777014
;86425.6,0,0,0,0,361.16819777014
;86425.6,0,0,0,0,366.16819777014
;86425.6,0,0,0,0,371.16819777014
;86425.6,0,0,0,0,376.16819777014
;86425.6,0,0,0,0,381.16819777014
;86425.6,0,0,0,0,386.16819777014
;86425.6,0,0,0,0,391.16819777014
;86425.6,0,0,0,0,396.16819777014
;86425.6,0,0,0,0,401.16819777014
;86425.6,0,0,0,0,406.16819777014
;86425.6,0,0,0,0,411.16819777014
;86425.6,0,0,0,0,416.16819777014
;86425.6,0,0,0,0,421.16819777014
;86425.6,0,0,0,0,426.16819777014
;86425.6,0,0,0,0,431.16819777014
;86425.6,0,0,0,0,436.16819777014
;86425.6,0,0,0,0,441.16819777014
;86425.6,0,0,0,0,446.16819777014
;86425.6,0,0,0,0,451.16819777014
;86425.6,0,0,0,0,456.16819777014
;86425.6,0,0,0,0,461.16819777014
;86425.6,0,0,0,0,466.16819777014
;86425.6,0,0,0,0,471.16819777014
;86425.6,0,0,0,0,476.16819777014
;86425.6,0,0,0,0,481.16819777014
;86425.6,0,0,0,0,486.16819777014
;86425.6,0,0,0,0,491.16819777014
;86425.6,0,0,0,0,496.16819777014
;86425.6,0,0,0,0,501.16819777014
;86425.6,0,0,0,0,506.16819777014
;86425.6,0,0,0,0,511.16819777014
;86425.6,0,0,0,0,516.16819777014
;86425.6,0,0,0,0,521.16819777014
;86425.6,0,0,0,0,526.16819777014
;86425.6,0,0,0,0,531.16819777014
;86425.6,0,0,0,0,536.16819777014
;86425.6,0,0,0,0,541.16819777014
;86425.6,0,0,0,0,546.16819777014
;86425.6,0,0,0,0,551.16819777014
;86425.6,0,0,0,0,556.16819777014
;86425.6,0,0,0,0,561.16819777014
;86425.6,0,0,0,0,566.16819777014
;86425.6,0,0,0,0,571.16819777014
;86425.6,0,0,0,0,576.16819777014
;86425.6,0,0,0,0,581.16819777014
;86425.6,0,0,0,0,586.16819777014
;86425.6,0,0,0,0,591.16819777014
;86425.6,0,0,0,0,596.16819777014
;86425.6,0,0,0,0,601.16819777014
;86425.6,0,0,0,0,606.16819777014
;86425.6,0,0,0,0,611.16819777014
;86425.6,0,0,0,0,616.16819777014
;86425.6,0,0,0,0,621.16819777014
;86425.6,0,0,0,0,626.16819777014
;86425.6,0,0,0,0,631.16819777014
;86425.6,0,0,0,0,636.16819777014
;86425.6,0,0,0,0,641.16819777014
;86425.6,0,0,0,0,646.16819777014
;86425.6,0,0,0,0,651.16819777014
;86425.6,0,0,0,0,656.16819777014
;86425.6,0,0,0,0,661.16819777014
;86425.6,0,0,0,0,666.16819777014
;86425.6,0,0,0,0,671.16819777014
;86425.6,0,0,0,0,676.16819777014
;86425.6,0,0,0,0,681.16819777014
;86425.6,0,0,0,0,686.16819777014
;86425.6,0,0,0,0,691.16819777014
;86425.6,0,0,0,0,696.16819777014
;86425.6,0,0,0,0,701.16819777014
;86425.6,0,0,0,0,706.16819777014
;86425.6,0,0,0,0,711.16819777014
;86425.6,0,0,0,0,716.16819777014
;86425.6,0,0,0,0,721.16819777014
;86425.6,0,0,0,0,726.16819777014
;86425.6,0,0,0,0,731.16819777014
;86425.6,0,0,0,0,736.16819777014
;86425.6,0,0,0,0,741.16819777014
;86425.6,0,0,0,0,746.16819777014
;86425.6,0,0,0,0,751.16819777014
;86425.6,0,0,0,0,756.16819777014
;86425.6,0,0,0,0,761.16819777014
;86425.6,0,0,0,0,766.16819777014
;86425.6,0,0,0,0,771.16819777014
;86425.6,0,0,0,0,776.16819777014
;86425.6,0,0,0,0,781.16819777014
;86425.6,0,0,0,0,786.16819777014
;86425.6,0,0,0,0,791.16819777014
;86425.6,0,0,0,0,796.16819777014
;86425.6,0,0,0,0,801.16819777014
;86425.6,0,0,0,0,806.16819777014
;86425.6,0,0,0,0,811.16819777014
;86425.6,0,0,0,0,816.16819777014
;86425.6,0,0,0,0,821.16819777014
;86425.6,0,0,0,0,826.16819777014
;86425.6,0,0,0,0,831.16819777014
;86425.6,0,0,0,0,836.16819777014
;86425.6,0,0,0,0,841.16819777014
;86425.6,0,0,0,0,846.16819777014
;86425.6,0,0,0,0,851.16819777014
;86425.6,0,0,0,0,856.16819777014
;86425.6,0,0,0,0,861.16819777014
;86425.6,0,0,0,0,866.16819777014
;86425.6,0,0,0,0,871.16819777014
;86425.6,0,0,0,0,876.16819777014
;86425.6,0,0,0,0,881.16819777014
;86425.6,0,0,0,0,886.16819777014
;86425.6,0,0,0,0,891.16819777014
;86425.6,0,0,0,0,896.16819777014
;86425.6,0,0,0,0,901.16819777014
;86425.6,0,0,0,0,906.16819777014
;86425.6,0,0,0,0,911.16819777014
;86425.6,0,0,0,0,916.16819777014
;86425.6,0,0,0,0,921.16819777014
;86425.6,0,0,0,0,926.16819777014
;86425.6,0,0,0,0,931.16819777014
;86425.6,0,0,0,0,936.16819777014
;86425.6,0,0,0,0,941.16819777014
;86425.6,0,0,0,0,946.16819777014
;86425.6,0,0,0,0,951.16819777014
;86425.6,0,0,0,0,956.16819777014
;86425.6,0,0,0,0,961.16819777014
;86425.6,0,0,0,0,966.16819777014
;86425.6,0,0,0,0,971.16819777014
;86425.6,0,0,0,0,976.16819777014
;86425.6,0,0,0,0,981.16819777014
;86425.6,0,0,0,0,986.16819777014
;86425.6,0,0,0,0,991.16819777014
;86425.6,0,0,0,0,996.16819777014
;86425.6,0,0,0,0,1001.16819777014
;86425.6,0,0,0,0,1006.16819777014
;86425.6,0,0,0,0,1011.16819777014
;86425.6,0,0,0,0,1016.16819777014
;86425.6,0,0,0,0,1021.16819777014
;86425.6,0,0,0,0,1026.16819777014
;86425.6,0,0,0,0,1031.16819777014
;86425.6,0,0,0,0,1036.16819777014
;86425.6,0,0,0,0,1041.16819777014
;86425.6,0,0,0,0,1046.16819777014
;86425.6,0,0,0,0,1051.16819777014
;86425.6,0,0,0,0,1056.16819777014
;86425.6,0,0,0,0,1061.16819777014
;86425.6,0,0,0,0,1066.16819777014
;86425.6,0,0,0,0,1071.16819777014
;86425.6,0,0,0,0,1076.16819777014
;86425.6,0,0,0,0,1081.16819777014
;86425.6,0,0,0,0,1086.16819777014
;86425.6,0,0,0,0,1091.16819777014
;86425.6,0,0,0,0,1096.16819777014
;86425.6,0,0,0,0,1101.16819777014
;86425.6,0,0,0,0,1106.16819777014
;86425.6,0,0,0,0,1111.16819777014
;86425.6,0,0,0,0,1116.16819777014
;86425.6,0,0,0,0,1121.16819777014
;86425.6,0,0,0,0,1126.16819777014
;86425.6,0,0,0,0,1131.16819777014
;86425.6,0,0,0,0,1136.16819777014
;86425.6,0,0,0,0,1141.16819777014
;86425.6,0,0,0,0,1146.16819777014
;86425.6,0,0,0,0,1151.16819777014
;86425.6,0,0,0,0,1156.16819777014
;86425.6,0,0,0,0,1161.16819777014
;86425.6,0,0,0,0,1166.16819777014
;86425.6,0,0,0,0,1171.16819777014
;86425.6,0,0,0,0,1176.16819777014
;86425.6,0,0,0,0,1181.16819777014
;86425.6,0,0,0,0,1186.16819777014
;86425.6,0,0,0,0,1191.16819777014
;86425.6,0,0,0,0,1196.16819777014
;86425.6,0,0,0,0,1201.16819777014
;86425.6,0,0,0,0,1206.16819777014
;86425.6,0,0,0,0,1211.16819777014
;86425.6,0,0,0,0,1216.16819777014
;86425.6,0,0,0,0,1221.16819777014
;86425.6,0,0,0,0,1226.16819777014
;86425.6,0,0,0,0,1231.16819777014
;86425.6,0,0,0,0,1236.16819777014
;86425.6,0,0,0,0,1241.16819777014
;86425.6,0,0,0,0,1246.16819777014
;86425.6,0,0,0,0,1251.16819777014
;86425.6,0,0,0,0,1256.16819777014
;86425.6,0,0,0,0,1261.16819777014
;86425.6,0,0,0,0,1266.16819777014
;86425.6,0,0,0,0,1271.16819777014
;86425.6,0,0,0,0,1276.16819777014
;86425.6,0,0,0,0,1281.16819777014
;86425.6,0,0,0,0,1286.16819777014
;86425.6,0,0,0,0,1291.16819777014
;86425.6,0,0,0,0,1296.16819777014
;86425.6,0,0,0,0,1301.16819777014
;86425.6,0,0,0,0,1306.16819777014
;86425.6,0,0,0,0,1311.16819777014
;86425.6,0,0,0,0,1316.16819777014
;86425.6,0,0,0,0,1321.16819777014
;86425.6,0,0,0,0,1326.16819777014
;86425.6,0,0,0,0,1331.16819777014
;86425.6,0,0,0,0,1336.16819777014
;86425.6,0,0,0,0,1341.16819777014
;86425.6,0,0,0,0,1346.16819777014
;86425.6,0,0,0,0,1351.16819777014
;86425.6,0,0,0,0,1356.16819777014
;86425.6,0,0,0,0,1361.16819777014
;86425.6,0,0,0,0,1366.16819777014
;86425.6,0,0,0,0,1371.16819777014
;86425.6,0,0,0,0,1376.16819777014
;86425.6,0,0,0,0,1381.16819777014
;86425.6,0,0,0,0,1386.16819777014
;86425.6,0,0,0,0,1391.16819777014
;86425.6,0,0,0,0,1396.16819777014
;86425.6,0,0,0,0,1401.16819777014
;86425.6,0,0,0,0,1406.16819777014
;86425.6,0,0,0,0,1411.16819777014
;86425.6,0,0,0,0,1416.16819777014
;86425.6,0,0,0,0,1421.16819777014
;86425.6,0,0,0,0,1426.16819777014
;86425.6,0,0,0,0,1431.16819777014
;86425.6,0,0,0,0,1436.16819777014
;86425.6,0,0,0,0,1441.16819777014
;86425.6,0,0,0,0,1446.16819777014
;86425.6,0,0,0,0,1451.16819777014
;86425.6,0,0,0,0,1456.16819777014
;86425.6,0,0,0,0,1461.16819777014
;86425.6,0,0,0,0,1466.16819777014
;86425.6,0,0,0,0,1471.16819777014
;86425.6,0,0,0,0,1476.16819777014
;86425.6,0,0,0,0,1481.16819777014
;86425.6,0,0,0,0,1486.16819777014
;86425.6,0,0,0,0,1491.16819777014
;86425.6,0,0,0,0,1496.16819777014
;86425.6,0,0,0,0,1501.16819777014
;86425.6,0,0,0,0,1506.16819777014
;86425.6,0,0,0,0,1511.16819777014
;86425.6,0,0,0,0,1516.16819777014
;86425.6,0,0,0,0,1521.16819777014
;86425.6,0,0,0,0,1526.16819777014
;86425.6,0,0,0,0,1531.16819777014
;86425.6,0,0,0,0,1536.16819777014
;86425.6,0,0,0,0,1541.16819777014
;86425.6,0,0,0,0,1546.16819777014
;86425.6,0,0,0,0,1551.16819777014
;86425.6,0,0,0,0,1556.16819777014
;86425.6,0,0,0,0,1561.16819777014
;86425.6,0,0,0,0,1566.16819777014
;86425.6,0,0,0,0,1571.16819777014
;86425.6,0,0,0,0,1576.16819777014
;86425.6,0,0,0,0,1581.16819777014
;86425.6,0,0,0,0,1586.16819777014
;86425.6,0,0,0,0,1591.16819777014
;86425.6,0,0,0,0,1596.16819777014
;86425.6,0,0,0,0,1601.16819777014
;86425.6,0,0,0,0,1606.16819777014
;86425.6,0,0,0,0,1611.16819777014
;86425.6,0,0,0,0,1616.16819777014
;86425.6,0,0,0,0,1621.16819777014
;86425.6,0,0,0,0,1626.16819777014
;86425.6,0,0,0,0,1631.16819777014
;86425.6,0,0,0,0,1636.16819777014
;86425.6,0,0,0,0,1641.16819777014
;86425.6,0,0,0,0,1646.16819777014
;86425.6,0,0,0,0,1651.16819777014
;86425.6,0,0,0,0,1656.16819777014
;86425.6,0,0,0,0,1661.16819777014
;86425.6,0,0,0,0,1666.16819777014
;86425.6,0,0,0,0,1671.16819777014
;86425.6,0,0,0,0,1676.16819777014
;86425.6,0,0,0,0,1681.16819777014
;86425.6,0,0,0,0,1686.16819777014
;86425.6,0,0,0,0,1691.16819777014
;86425.6,0,0,0,0,1696.16819777014
;86425.6,0,0,0,0,1701.16819777014
;86425.6,0,0,0,0,1706.16819777014
;86425.6,0,0,0,0,1711.16819777014
;86425.6,0,0,0,0,1716.16819777014
;86425.6,0,0,0,0,1721.16819777014
;86425.6,0,0,0,0,1726.16819777014
;86425.6,0,0,0,0,1731.16819777014
;86425.6,0,0,0,0,1736.16819777014
;86425.6,0,0,0,0,1741.16819777014
;86425.6,0,0,0,0,1746.16819777014
;86425.6,0,0,0,0,1751.16819777014
;86425.6,0,0,0,0,1756.16819777014
;86425.6,0,0,0,0,1761.16819777014
;86425.6,0,0,0,0,1766.16819777014
;86425.6,0,0,0,0,1771.16819777014
;86425.6,0,0,0,0,1776.16819777014
;86425.6,0,0,0,0,1781.16819777014
;86425.6,0,0,0,0,1786.16819777014
;86425.6,0,0,0,0,1791.16819777014
;86425.6,0,0,0,0,1796.16819777014
;86425.6,0,0,0,0,1801.16819777014
;86425.6,0,0,0,0,1806.16819777014
;86425.6,0,0,0,0,1811.16819777014
;86425.6,0,0,0,0,1816.16819777014
;86425.6,0,0,0,0,1821.16819777014
;86425.6,0,0,0,0,1826.16819777014
;86425.6,0,0,0,0,1831.16819777014
;86425.6,0,0,0,0,1836.16819777014
;86425.6,0,0,0,0,1841.16819777014
;86425.6,0,0,0,0,1846.16819777014
;86425.6,0,0,0,0,1851.16819777014
;86425.6,0,0,0,0,1856.16819777014
;86425.6,0,0,0,0,1861.16819777014
;86425.6,0,0,0,0,1866.16819777014
;86425.6,0,0,0,0,1871.16819777014
;86425.6,0,0,0,0,1876.16819777014
;86425.6,0,0,0,0,1881.16819777014
;86425.6,0,0,0,0,1886.16819777014
;86425.6,0,0,0,0,1891.16819777014
;86425.6,0,0,0,0,1896.16819777014
;86425.6,0,0,0,0,1901.16819777014
;86425.6,0,0,0,0,1906.16819777014
;86425.6,0,0,0,0,1911.16819777014
;86425.6,0,0,0,0,1916.16819777014
;86425.6,0,0,0,0,1921.16819777014
;86425.6,0,0,0,0,1926.16819777014
;86425.6,0,0,0,0,1931.16819777014
;86425.6,0,0,0,0,1936.16819777014
;86425.6,0,0,0,0,1941.16819777014
;86425.6,0,0,0,0,1946.16819777014
;86425.6,0,0,0,0,1951.16819777014
;86425.6,0,0,0,0,1956.16819777014
;86425.6,0,0,0,0,1961.16819777014
;86425.6,0,0,0,0,1966.16819777014
;86425.6,0,0,0,0,1971.16819777014
;86425.6,0,0,0,0,1976.16819777014
;86425.6,0,0,0,0,1981.16819777014
;86425.6,0,0,0,0,1986.16819777014
;86425.6,0,0,0,0,1991.16819777014
;86425.6,0,0,0,0,1996.16819777014
;129843,0,0,0,0,1.16819777014
test1hifze,test1hifze,;128297,3.653642393842,3.653972393842,0,0,6.16819777014
;128297,0,0,0,0,11.16819777014
;128297,0,0,0,0,16.16819777014
;128297,0,0,0,0,21.16819777014
;128297,0,0,0,0,26.16819777014
;128297,0,0,0,0,31.16819777014
;128297,0,0,0,0,36.16819777014
;128297,0,0,0,0,41.16819777014
;128297,0,0,0,0,46.16819777014
;128297,0,0,0,0,51.16819777014
;128297,0,0,0,0,56.16819777014
;128297,0,0,0,0,61.16819777014
;128297,0,0,0,0,66.16819777014
;128297,0,0,0,0,71.16819777014
;128297,0,0,0,0,76.16819777014
;128297,0,0,0,0,81.16819777014
;128297,0,0,0,0,86.16819777014
;128297,0,0,0,0,91.16819777014
;128297,0,0,0,0,96.16819777014
;128297,0,0,0,0,101.16819777014
;128297,0,0,0,0,106.16819777014
;128297,0,0,0,0,111.16819777014
;128297,0,0,0,0,116.16819777014
;128297,0,0,0,0,121.16819777014
;128297,0,0,0,0,126.16819777014
;128297,0,0,0,0,131.16819777014
;128297,0,0,0,0,136.16819777014
;128297,0,0,0,0,141.16819777014
;128297,0,0,0,0,146.16819777014
;128297,0,0,0,0,151.16819777014
;128297,0,0,0,0,156.16819777014
;128297,0,0,0,0,161.16819777014
;128297,0,0,0,0,166.16819777014
;128297,0,0,0,0,171.16819777014
;128297,0,0,0,0,176.16819777014
;128297,0,0,0,0,181.16819777014
;128297,0,0,0,0,186.16819777014
;128297,0,0,0,0,191.16819777014
;128297,0,0,0,0,196.16819777014
;128297,0,0,0,0,201.16819777014
;128297,0,0,0,0,206.16819777014
;128297,0,0,0,0,211.16819777014
;128297,0,0,0,0,216.16819777014
;128297,0,0,0,0,221.16819777014
;128297,0,0,0,0,226.16819777014
;128297,0,0,0,0,231.16819777014
;128297,0,0,0,0,236.16819777014
;128297,0,0,0,0,241.16819777014
;128297,0,0,0,0,246.16819777014
;128297,0,0,0,0,251.16819777014
;128297,0,0,0,0,256.16819777014
;128297,0,0,0,0,261.16819777014
;128297,0,0,0,0,266.16819777014
;128297,0,0,0,0,271.16819777014
;128297,0,0,0,0,276.16819777014
;128297,0,0,0,0,281.16819777014
;128297,0,0,0,0,286.16819777014
;128297,0,0,0,0,291.16819777014
;128297,0,0,0,0,296.16819777014
;128297,0,0,0,0,301.16819777014
;128297,0,0,0,0,306.16819777014
;128297,0,0,0,0,311.16819777014
;128297,0,0,0,0,316.16819777014
;128297,0,0,0,0,321.16819777014
;128297,0,0,0,0,326.16819777014
;128297,0,0,0,0,331.16819777014
;128297,0,0,0,0,336.16819777014
;128297,0,0,0,0,341.16819777014
;128297,0,0,0,0,346.16819777014
;128297,0,0,0,0,351.16819777014
;128297,0,0,0,0,356.16819777014
;128297,0,0,0,0,361.16819777014
;128297,0,0,0,0,366.16819777014
;128297,0,0,0,0,371.16819777014
;128297,0,0,0,0,376.16819777014
;128297,0,0,0,0,381.16819777014
;128297,0,0,0,0,386.16819777014
;128297,0,0,0,0,391.16819777014
;128297,0,0,0,0,396.16819777014
;128297,0,0,0,0,401.16819777014
;128297,0,0,0,0,406.16819777014
;128297,0,0,0,0,411.16819777014
;128297,0,0,0,0,416.16819777014
;128297,0,0,0,0,421.16819777014
;128297,0,0,0,0,426.16819777014
;128297,0,0,0,0,431.16819777014
;128297,0,0,0,0,436.16819777014
;128297,0,0,0,0,441.16819777014
;128297,0,0,0,0,446.16819777014
;128297,0,0,0,0,451.16819777014
;128297,0,0,0,0,456.16819777014
;128297,0,0,0,0,461.16819777014
;128297,0,0,0,0,466.16819777014
;128297,0,0,0,0,471.16819777014
;128297,0,0,0,0,476.16819777014
;128297,0,0,0,0,481.16819777014
;128297,0,0,0,0,486.16819777014
;128297,0,0,0,0,491.16819777014
;128297,0,0,0,0,496.16819777014
;128297,0,0,0,0,501.16819777014
;128297,0,0,0,0,506.16819777014
;128297,0,0,0,0,511.16819777014
;128297,0,0,0,0,516.16819777014
;128297,0,0,0,0,521.16819777014
;128297,0,0,0,0,526.16819777014
;128297,0,0,0,0,531.16819777014
;128297,0,0,0,0,536.16819777014
;128297,0,0,0,0,541.16819777014
;128297,0,0,0,0,546.16819777014
;128297,0,0,0,0,551.16819777014
;128297,0,0,0,0,556.16819777014
;128297,0,0,0,0,561.16819777014
;128297,0,0,0,0,566.16819777014
;128297,0,0,0,0,571.16819777014
;128297,0,0,0,0,576.16819777014
;128297,0,0,0,0,581.16819777014
;128297,0,0,0,0,586.16819777014
;128297,0,0,0,0,591.16819777014
;128297,0,0,0,0,596.16819777014
;128297,0,0,0,0,601.16819777014
;128297,0,0,0,0,606.16819777014
;128297,0,0,0,0,611.16819777014
;128297,0,0,0,0,616.16819777014
;128297,0,0,0,0,621.16819777014
;128297,0,0,0,0,626.16819777014
;128297,0,0,0,0,631.16819777014
;128297,0,0,0,0,636.16819777014
;128297,0,0,0,0,641.16819777014
;128297,0,0,0,0,646.16819777014
;128297,0,0,0,0,651.16819777014
;128297,0,0,0,0,656.16819777014
;128297,0,0,0,0,661.16819777014
;128297,0,0,0,0,666.16819777014
;128297,0,0,0,0,671.16819777014
;128297,0,0,0,0,676.16819777014
;128297,0,0,0,0,681.16819777014
;128297,0,0,0,0,686.16819777014
;128297,0,0,0,0,691.16819777014
;128297,0,0,0,0,696.16819777014
;128297,0,0,0,0,701.16819777014
;128297,0,0,0,0,706.16819777014
;128297,0,0,0,0,711.16819777014
;128297,0,0,0,0,716.16819777014
;128297,0,0,0,0,721.16819777014
;128297,0,0,0,0,726.16819777014
;128297,0,0,0,0,731.16819777014
;128297,0,0,0,0,736.16819777014
;128297,0,0,0,0,741.16819777014
;128297,0,0,0,0,746.16819777014
;128297,0,0,0,0,751.16819777014
;128297,0,0,0,0,756.16819777014
;128297,0,0,0,0,761.16819777014
;128297,0,0,0,0,766.16819777014
;128297,0,0,0,0,771.16819777014
;128297,0,0,0,0,776.16819777014
;128297,0,0,0,0,781.16819777014
;128297,0,0,0,0,786.16819777014
;128297,0,0,0,0,791.16819777014
;128297,0,0,0,0,796.16819777014
;128297,0,0,0,0,801.16819777014
;128297,0,0,0,0,806.16819777014
;128297,0,0,0,0,811.16819777014
;128297,0,0,0,0,816.16819777014
;128297,0,0,0,0,821.16819777014
;128297,0,0,0,0,826.16819777014
;128297,0,0,0,0,831.16819777014
;128297,0,0,0,0,836.16819777014
;128297,0,0,0,0,841.16819777014
;128297,0,0,0,0,846.16819777014
;128297,0,0,0,0,851.16819777014
;128297,0,0,0,0,856.16819777014
;128297,0,0,0,0,861.16819777014
;128297,0,0,0,0,866.16819777014
;128297,0,0,0,0,871.16819777014
;128297,0,0,0,0,876.16819777014
;128297,0,0,0,0,881.16819777014
;128297,0,0,0,0,886.16819777014
;128297,0,0,0,0,891.16819777014
;128297,0,0,0,0,896.16819777014
;128297,0,0,0,0,901.16819777014
;128297,0,0,0,0,906.16819777014
;128297,0,0,0,0,911.16819777014
;128297,0,0,0,0,916.16819777014
;128297,0,0,0,0,921.16819777014
;128297,0,0,0,0,926.16819777014
;128297,0,0,0,0,931.16819777014
;128297,0,0,0,0,936.16819777014
;128297,0,0,0,0,941.16819777014
;128297,0,0,0,0,946.16819777014
;128297,0,0,0,0,951.16819777014
;128297,0,0,0,0,956.16819777014
;128297,0,0,0,0,961.16819777014
;128297,0,0,0,0,966.16819777014
;128297,0,0,0,0,971.16819777014
;128297,0,0,0,0,976.16819777014
;128297,0,0,0,0,981.16819777014
;128297,0,0,0,0,986.16819777014
;128297,0,0,0,0,991.16819777014
;128297,0,0,0,0,996.16819777014
;128297,0,0,0,0,1001.16819777014
;128297,0,0,0,0,1006.16819777014
;128297,0,0,0,0,1011.16819777014
;128297,0,0,0,0,1016.16819777014
;128297,0,0,0,0,1021.16819777014
;128297,0,0,0,0,1026.16819777014
;128297,0,0,0,0,1031.16819777014
;128297,0,0,0,0,1036.16819777014
;128297,0,0,0,0,1041.16819777014
;128297,0,0,0,0,1046.16819777014
;128297,0,0,0,0,1051.16819777014
;128297,0,0,0,0,1056.16819777014
;128297,0,0,0,0,1061.16819777014
;128297,0,0,0,0,1066.16819777014
;128297,0,0,0,0,1071.16819777014
;128297,0,0,0,0,1076.16819777014
;128297,0,0,0,0,1081.16819777014
;128297,0,0,0,0,1086.16819777014
;128297,0,0,0,0,1091.16819777014
;128297,0,0,0,0,1096.16819777014
;128297,0,0,0,0,1101.16819777014
;128297,0,0,0,0,1106.16819777014
;128297,0,0,0,0,1111.16819777014
;128297,0,0,0,0,1116.16819777014
;128297,0,0,0,0,1121.16819777014
;128297,0,0,0,0,1126.16819777014
;128297,0,0,0,0,1131.16819777014
;128297,0,0,0,0,1136.16819777014
;128297,0,0,0,0,1141.16819777014
;128297,0,0,0,0,1146.16819777014
;128297,0,0,0,0,1151.16819777014
;128297,0,0,0,0,1156.16819777014
;128297,0,0,0,0,1161.16819777014
;128297,0,0,0,0,1166.16819777014
;128297,0,0,0,0,1171.16819777014
;128297,0,0,0,0,1176.16819777014
;128297,0,0,0,0,1181.16819777014
;128297,0,0,0,0,1186.16819777014
;128297,0,0,0,0,1191.16819777014
;128297,0,0,0,0,1196.16819777014
;128297,0,0,0,0,1201.16819777014
;128297,0,0,0,0,1206.16819777014
;128297,0,0,0,0,1211.16819777014
;128297,0,0,0,0,1216.16819777014
;128297,0,0,0,0,1221.16819777014
;128297,0,0,0,0,1226.16819777014
;128297,0,0,0,0,1231.16819777014
;128297,0,0,0,0,1236.16819777014
;128297,0,0,0,0,1241.16819777014
;128297,0,0,0,0,1246.16819777014
;128297,0,0,0,0,1251.16819777014
;128297,0,0,0,0,1256.16819777014
;128297,0,0,0,0,1261.16819777014
;128297,0,0,0,0,1266.16819777014
;128297,0,0,0,0,1271.16819777014
;128297,0,0,0,0,1276.16819777014
;128297,0,0,0,0,1281.16819777014
;128297,0,0,0,0,1286.16819777014
;128297,0,0,0,0,1291.16819777014
;128297,0,0,0,0,1296.16819777014
;128297,0,0,0,0,1301.16819777014
;128297,0,0,0,0,1306.16819777014
;128297,0,0,0,0,1311.16819777014
;128297,0,0,0,0,1316.16819777014
;128297,0,0,0,0,1321.16819777014
;128297,0,0,0,0,1326.16819777014
;128297,0,0,0,0,1331.16819777014
;128297,0,0,0,0,1336.16819777014
;128297,0,0,0,0,1341.16819777014
;128297,0,0,0,0,1346.16819777014
;128297,0,0,0,0,1351.16819777014
;128297,0,0,0,0,1356.16819777014
;128297,0,0,0,0,1361.16819777014
;128297,0,0,0,0,1366.16819777014
;128297,0,0,0,0,1371.16819777014
;128297,0,0,0,0,1376.16819777014
;128297,0,0,0,0,1381.16819777014
;128297,0,0,0,0,1386.16819777014
;128297,0,0,0,0,1391.16819777014
;128297,0,0,0,0,1396.16819777014
;128297,0,0,0,0,1401.16819777014
;128297,0,0,0,0,1406.16819777014
;128297,0,0,0,0,1411.16819777014
;128297,0,0,0,0,1416.16819777014
;128297,0,0,0,0,1421.16819777014
;128297,0,0,0,0,1426.16819777014
;128297,0,0,0,0,1431.16819777014
;128297,0,0,0,0,1436.16819777014
;128297,0,0,0,0,1441.16819777014
;128297,0,0,0,0,1446.16819777014
;128297,0,0,0,0,1451.16819777014
;128297,0,0,0,0,1456.16819777014
;128297,0,0,0,0,1461.16819777014
;128297,0,0,0,0,1466.16819777014
;128297,0,0,0,0,1471.16819777014
;128297,0,0,0,0,1476.16819777014
;128297,0,0,0,0,1481.16819777014
;128297,0,0,0,0,1486.16819777014
;128297,0,0,0,0,1491.16819777014
;128297,0,0,0,0,1496.16819777014
;128297,0,0,0,0,1501.16819777014
;128297,0,0,0,0,1506.16819777014
;128297,0,0,0,0,1511.16819777014
;128297,0,0,0,0,1516.16819777014
;128297,0,0,0,0,1521.16819777014
;128297,0,0,0,0,1526.16819777014
;128297,0,0,0,0,1531.16819777014
;128297,0,0,0,0,1536.16819777014
;128297,0,0,0,0,1541.16819777014
;128297,0,0,0,0,1546.16819777014
;128297,0,0,0,0,1551.16819777014
;128297,0,0,0,0,1556.16819777014
;128297,0,0,0,0,1561.16819777014
;128297,0,0,0,0,1566.16819777014
;128297,0,0,0,0,1571.16819777014
;128297,0,0,0,0,1576.16819777014
;128297,0,0,0,0,1581.16819777014
;128297,0,0,0,0,1586.16819777014
;128297,0,0,0,0,1591.16819777014
;128297,0,0,0,0,1596.16819777014
;128297,0,0,0,0,1601.16819777014
;128297,0,0,0,0,1606.16819777014
;128297,0,0,0,0,1611.16819777014
;128297,0,0,0,0,1616.16819777014
;128297,0,0,0,0,1621.16819777014
;128297,0,0,0,0,1626.16819777014
;128297,0,0,0,0,1631.16819777014
;128297,0,0,0,0,1636.16819777014
;128297,0,0,0,0,1641.16819777014
;128297,0,0,0,0,1646.16819777014
;128297,0,0,0,0,1651.16819777014
;128297,0,0,0,0,1656.16819777014
;128297,0,0,0,0,1661.16819777014
;128297,0,0,0,0,1666.16819777014
;128297,0,0,0,0,1671.16819777014
;128297,0,0,0,0,1676.16819777014
;128297,0,0,0,0,1681.16819777014
;128297,0,0,0,0,1686.16819777014
;128297,0,0,0,0,1691.16819777014
;128297,0,0,0,0,1696.16819777014
;128297,0,0,0,0,1701.16819777014
;128297,0,0,0,0,1706.16819777014
;128297,0,0,0,0,1711.16819777014
;128297,0,0,0,0,1716.16819777014
;128297,0,0,0,0,1721.16819777014
;128297,0,0,0,0,1726.16819777014
;128297,0,0,0,0,1731.16819777014
;128297,0,0,0,0,1736.16819777014
;128297,0,0,0,0,1741.16819777014
;128297,0,0,0,0,1746.16819777014
;128297,0,0,0,0,1751.16819777014
;128297,0,0,0,0,1756.16819777014
;128297,0,0,0,0,1761.16819777014
;128297,0,0,0,0,1766.16819777014
;128297,0,0,0,0,1771.16819777014
;128297,0,0,0,0,1776.16819777014
;128297,0,0,0,0,1781.16819777014
;128297,0,0,0,0,1786.16819777014
;128297,0,0,0,0,1791.16819777014
;128297,0,0,0,0,1796.16819777014
;128297,0,0,0,0,1801.16819777014
;128297,0,0,0,0,1806.16819777014
;128297,0,0,0,0,1811.16819777014
;128297,0,0,0,0,1816.16819777014
;128297,0,0,0,0,1821.16819777014
;128297,0,0,0,0,1826.16819777014
;128297,0,0,0,0,1831.16819777014
;128297,0,0,0,0,1836.16819777014
;128297,0,0,0,0,1841.16819777014
;128297,0,0,0,0,1846.16819777014
;128297,0,0,0,0,1851.16819777014
;128297,0,0,0,0,1856.16819777014
;128297,0,0,0,0,1861.16819777014
;128297,0,0,0,0,1866.16819777014
;128297,0,0,0,0,1871.16819777014
;128297,0,0,0,0,1876.16819777014
;128297,0,0,0,0,1881.16819777014
;128297,0,0,0,0,1886.16819777014
;128297,0,0,0,0,1891.16819777014
;128297,0,0,0,0,1896.16819777014
;128297,0,0,0,0,1901.16819777014
;128297,0,0,0,0,1906.16819777014
;128297,0,0,0,0,1911.16819777014
;128297,0,0,0,0,1916.16819777014
;122470,0,0,0,0,1.16819777014
;122470,0,0,0,0,6.16819777014
;122470,0,0,0,0,11.16819777014
;122470,0,0,0,0,16.16819777014
;122470,0,0,0,0,21.16819777014
;122470,0,0,0,0,26.16819777014
;122470,0,0,0,0,31.16819777014
;122470,0,0,0,0,36.16819777014
;122470,0,0,0,0,41.16819777014
;122470,0,0,0,0,46.16819777014
;122470,0,0,0,0,51.16819777014
;122470,0,0,0,0,56.16819777014
;122470,0,0,0,0,61.16819777014
;122470,0,0,0,0,66.16819777014
;122470,0,0,0,0,71.16819777014
;122470,0,0,0,0,76.16819777014
;122470,0,0,0,0,81.16819777014
;122470,0,0,0,0,86.16819777014
;122470,0,0,0,0,91.16819777014
;122470,0,0,0,0,96.16819777014
;122470,0,0,0,0,101.16819777014
;122470,0,0,0,0,106.16819777014
;122470,0,0,0,0,111.16819777014
;122470,0,0,0,0,116.16819777014
;72499.2,0,0,0,0,1.16819777014
;72499.2,0,0,0,0,6.16819777014
;72499.2,0,0,0,0,11.16819777014
;72499.2,0,0,0,0,16.16819777014
;72499.2,0,0,0,0,21.16819777014
;72499.2,0,0,0,0,26.16819777014
;72499.2,0,0,0,0,31.16819777014
;72499.2,0,0,0,0,36.16819777014
;72499.2,0,0,0,0,41.16819777014
;72499.2,0,0,0,0,46.16819777014
;72499.2,0,0,0,0,51.16819777014
;72499.2,0,0,0,0,56.16819777014
;72499.2,0,0,0,0,61.16819777014
;72499.2,0,0,0,0,66.16819777014
;72499.2,0,0,0,0,71.16819777014
;72499.2,0,0,0,0,76.16819777014
;72499.2,0,0,0,0,81.16819777014
;72499.2,0,0,0,0,86.16819777014
;72499.2,0,0,0,0,91.16819777014
;72499.2,0,0,0,0,96.16819777014
;72499.2,0,0,0,0,101.16819777014
;72499.2,0,0,0,0,106.16819777014
;72499.2,0,0,0,0,111.16819777014
;72499.2,0,0,0,0,116.16819777014
;124928,0,0,0,0,1.16819777014
;124928,0,0,0,0,6.16819777014
;124928,0,0,0,0,11.16819777014
;124928,0,0,0,0,16.16819777014
;124928,0,0,0,0,21.16819777014
;124928,0,0,0,0,26.16819777014
;124928,0,0,0,0,31.16819777014
;84787.2,0,0,0,0,1.16819777014
;84787.2,0,0,0,0,6.16819777014
;84787.2,0,0,0,0,11.16819777014
;84787.2,0,0,0,0,16.16819777014
;84787.2,0,0,0,0,21.16819777014
;84787.2,0,0,0,0,26.16819777014
;84787.2,0,0,0,0,31.16819777014
;84787.2,0,0,0,0,36.16819777014
;84787.2,0,0,0,0,41.16819777014
;84787.2,0,0,0,0,46.16819777014
;84787.2,0,0,0,0,51.16819777014
;84787.2,0,0,0,0,56.16819777014
;84787.2,0,0,0,0,61.16819777014
;84787.2,0,0,0,0,66.16819777014
;84787.2,0,0,0,0,71.16819777014
;84787.2,0,0,0,0,76.16819777014
;84787.2,0,0,0,0,81.16819777014
;84787.2,0,0,0,0,86.16819777014
;84787.2,0,0,0,0,91.16819777014
;84787.2,0,0,0,0,96.16819777014
;84787.2,0,0,0,0,101.16819777014
;84787.2,0,0,0,0,106.16819777014
;84787.2,0,0,0,0,111.16819777014
;84787.2,0,0,0,0,116.16819777014
;84787.2,0,0,0,0,121.16819777014
;84787.2,0,0,0,0,126.16819777014
;84787.2,0,0,0,0,131.16819777014
;84787.2,0,0,0,0,136.16819777014
;84787.2,0,0,0,0,141.16819777014
;84787.2,0,0,0,0,146.16819777014
;84787.2,0,0,0,0,151.16819777014
;84787.2,0,0,0,0,156.16819777014
;84787.2,0,0,0,0,161.16819777014
;84787.2,0,0,0,0,166.16819777014
;84787.2,0,0,0,0,171.16819777014
;84787.2,0,0,0,0,176.16819777014
;84787.2,0,0,0,0,181.16819777014
;84787.2,0,0,0,0,186.16819777014
;84787.2,0,0,0,0,191.16819777014
;84787.2,0,0,0,0,196.16819777014
;84787.2,0,0,0,0,201.16819777014
;84787.2,0,0,0,0,206.16819777014
;84787.2,0,0,0,0,211.16819777014
;84787.2,0,0,0,0,216.16819777014
;84787.2,0,0,0,0,221.16819777014
;84787.2,0,0,0,0,226.16819777014
;84787.2,0,0,0,0,231.16819777014
;84787.2,0,0,0,0,236.16819777014
;84787.2,0,0,0,0,241.16819777014
;84787.2,0,0,0,0,246.16819777014
;84787.2,0,0,0,0,251.16819777014
;84787.2,0,0,0,0,256.16819777014
;84787.2,0,0,0,0,261.16819777014
;84787.2,0,0,0,0,266.16819777014
;84787.2,0,0,0,0,271.16819777014
;84787.2,0,0,0,0,276.16819777014
;84787.2,0,0,0,0,281.16819777014
;84787.2,0,0,0,0,286.16819777014
;84787.2,0,0,0,0,291.16819777014
;84787.2,0,0,0,0,296.16819777014
;84787.2,0,0,0,0,301.16819777014
;84787.2,0,0,0,0,306.16819777014
;84787.2,0,0,0,0,311.16819777014
;84787.2,0,0,0,0,316.16819777014
;84787.2,0,0,0,0,321.16819777014
;84787.2,0,0,0,0,326.16819777014
;84787.2,0,0,0,0,331.16819777014
;84787.2,0,0,0,0,336.16819777014
;84787.2,0,0,0,0,341.16819777014
;84787.2,0,0,0,0,346.16819777014
;84787.2,0,0,0,0,351.16819777014
;84787.2,0,0,0,0,356.16819777014
;84787.2,0,0,0,0,361.16819777014
;84787.2,0,0,0,0,366.16819777014
;99532.8,0,0,0,0,1.16819777014
;99532.8,0,0,0,0,6.16819777014
;99532.8,0,0,0,0,11.16819777014
;99532.8,0,0,0,0,16.16819777014
;99532.8,0,0,0,0,21.16819777014
;99532.8,0,0,0,0,26.16819777014
;99532.8,0,0,0,0,31.16819777014
;99532.8,0,0,0,0,36.16819777014
;99532.8,0,0,0,0,41.16819777014
;99532.8,0,0,0,0,46.16819777014
;99532.8,0,0,0,0,51.16819777014
;99532.8,0,0,0,0,56.16819777014
;99532.8,0,0,0,0,61.16819777014
;99532.8,0,0,0,0,66.16819777014
;99532.8,0,0,0,0,71.16819777014
;99532.8,0,0,0,0,76.16819777014
;99532.8,0,0,0,0,81.16819777014
;99532.8,0,0,0,0,86.16819777014
;99532.8,0,0,0,0,91.16819777014
;99532.8,0,0,0,0,96.16819777014
;99532.8,0,0,0,0,101.16819777014
;99532.8,0,0,0,0,106.16819777014
;99532.8,0,0,0,0,111.16819777014
;99532.8,0,0,0,0,116.16819777014
;99532.8,0,0,0,0,121.16819777014
;99532.8,0,0,0,0,126.16819777014
;99532.8,0,0,0,0,131.16819777014
;99532.8,0,0,0,0,136.16819777014
;99532.8,0,0,0,0,141.16819777014
;99532.8,0,0,0,0,146.16819777014
;99532.8,0,0,0,0,151.16819777014
;99532.8,0,0,0,0,156.16819777014
;99532.8,0,0,0,0,161.16819777014
;99532.8,0,0,0,0,166.16819777014
;99532.8,0,0,0,0,171.16819777014
;99532.8,0,0,0,0,176.16819777014
;99532.8,0,0,0,0,181.16819777014
;99532.8,0,0,0,0,186.16819777014
;99532.8,0,0,0,0,191.16819777014
;99532.8,0,0,0,0,196.16819777014
;99532.8,0,0,0,0,201.16819777014
;99532.8,0,0,0,0,206.16819777014
;99532.8,0,0,0,0,211.16819777014
;99532.8,0,0,0,0,216.16819777014
;99532.8,0,0,0,0,221.16819777014
;99532.8,0,0,0,0,226.16819777014
;99532.8,0,0,0,0,231.16819777014
;99532.8,0,0,0,0,236.16819777014
;99532.8,0,0,0,0,241.16819777014
;99532.8,0,0,0,0,246.16819777014
;99532.8,0,0,0,0,251.16819777014
;99532.8,0,0,0,0,256.16819777014
;99532.8,0,0,0,0,261.16819777014
;99532.8,0,0,0,0,266.16819777014
;99532.8,0,0,0,0,271.16819777014
;99532.8,0,0,0,0,276.16819777014
;99532.8,0,0,0,0,281.16819777014
;99532.8,0,0,0,0,286.16819777014
;99532.8,0,0,0,0,291.16819777014
;99532.8,0,0,0,0,296.16819777014
;99532.8,0,0,0,0,301.16819777014
;99532.8,0,0,0,0,306.16819777014
;99532.8,0,0,0,0,311.16819777014
;99532.8,0,0,0,0,316.16819777014
;99532.8,0,0,0,0,321.16819777014
;99532.8,0,0,0,0,326.16819777014
;99532.8,0,0,0,0,331.16819777014
;99532.8,0,0,0,0,336.16819777014
;99532.8,0,0,0,0,341.16819777014
;99532.8,0,0,0,0,346.16819777014
;99532.8,0,0,0,0,351.16819777014
;99532.8,0,0,0,0,356.16819777014
;99532.8,0,0,0,0,361.16819777014
;99532.8,0,0,0,0,366.16819777014
;99532.8,0,0,0,0,371.16819777014
;99532.8,0,0,0,0,376.16819777014
;99532.8,0,0,0,0,381.16819777014
;99532.8,0,0,0,0,386.16819777014
;99532.8,0,0,0,0,391.16819777014
;99532.8,0,0,0,0,396.16819777014
;99532.8,0,0,0,0,401.16819777014
;99532.8,0,0,0,0,406.16819777014
;99532.8,0,0,0,0,411.16819777014
;99532.8,0,0,0,0,416.16819777014
;99532.8,0,0,0,0,421.16819777014
;99532.8,0,0,0,0,426.16819777014
;99532.8,0,0,0,0,431.16819777014
;99532.8,0,0,0,0,436.16819777014
;99532.8,0,0,0,0,441.16819777014
;99532.8,0,0,0,0,446.16819777014
;99532.8,0,0,0,0,451.16819777014
;99532.8,0,0,0,0,456.16819777014
;99532.8,0,0,0,0,461.16819777014
;99532.8,0,0,0,0,466.16819777014
;99532.8,0,0,0,0,471.16819777014
;99532.8,0,0,0,0,476.16819777014
;99532.8,0,0,0,0,481.16819777014
;99532.8,0,0,0,0,486.16819777014
;99532.8,0,0,0,0,491.16819777014
;99532.8,0,0,0,0,496.16819777014
;99532.8,0,0,0,0,501.16819777014
;99532.8,0,0,0,0,506.16819777014
;99532.8,0,0,0,0,511.16819777014
;99532.8,0,0,0,0,516.16819777014
;99532.8,0,0,0,0,521.16819777014
;99532.8,0,0,0,0,526.16819777014
;99532.8,0,0,0,0,531.16819777014
;99532.8,0,0,0,0,536.16819777014
;99532.8,0,0,0,0,541.16819777014
;99532.8,0,0,0,0,546.16819777014
;99532.8,0,0,0,0,551.16819777014
;99532.8,0,0,0,0,556.16819777014
;99532.8,0,0,0,0,561.16819777014
;99532.8,0,0,0,0,566.16819777014
;99532.8,0,0,0,0,571.16819777014
;99532.8,0,0,0,0,576.16819777014
;99532.8,0,0,0,0,581.16819777014
;99532.8,0,0,0,0,586.16819777014
;99532.8,0,0,0,0,591.16819777014
;99532.8,0,0,0,0,596.16819777014
;99532.8,0,0,0,0,601.16819777014
;99532.8,0,0,0,0,606.16819777014
;99532.8,0,0,0,0,611.16819777014
;99532.8,0,0,0,0,616.16819777014
;99532.8,0,0,0,0,621.16819777014
;99532.8,0,0,0,0,626.16819777014
;99532.8,0,0,0,0,631.16819777014
;99532.8,0,0,0,0,636.16819777014
;99532.8,0,0,0,0,641.16819777014
;99532.8,0,0,0,0,646.16819777014
;99532.8,0,0,0,0,651.16819777014
;99532.8,0,0,0,0,656.16819777014
;99532.8,0,0,0,0,661.16819777014
;99532.8,0,0,0,0,666.16819777014
;99532.8,0,0,0,0,671.16819777014
;99532.8,0,0,0,0,676.16819777014
;99532.8,0,0,0,0,681.16819777014
;99532.8,0,0,0,0,686.16819777014
;99532.8,0,0,0,0,691.16819777014
;99532.8,0,0,0,0,696.16819777014
;99532.8,0,0,0,0,701.16819777014
;99532.8,0,0,0,0,706.16819777014
;99532.8,0,0,0,0,711.16819777014
;99532.8,0,0,0,0,716.16819777014
;99532.8,0,0,0,0,721.16819777014
;99532.8,0,0,0,0,726.16819777014
;99532.8,0,0,0,0,731.16819777014
;99532.8,0,0,0,0,736.16819777014
;99532.8,0,0,0,0,741.16819777014
;99532.8,0,0,0,0,746.16819777014
;99532.8,0,0,0,0,751.16819777014
;99532.8,0,0,0,0,756.16819777014
;99532.8,0,0,0,0,761.16819777014
;99532.8,0,0,0,0,766.16819777014
;99532.8,0,0,0,0,771.16819777014
;99532.8,0,0,0,0,776.16819777014
;99532.8,0,0,0,0,781.16819777014
;99532.8,0,0,0,0,786.16819777014
;99532.8,0,0,0,0,791.16819777014
;99532.8,0,0,0,0,796.16819777014
;99532.8,0,0,0,0,801.16819777014
;99532.8,0,0,0,0,806.16819777014
;99532.8,0,0,0,0,811.16819777014
;99532.8,0,0,0,0,816.16819777014
;99532.8,0,0,0,0,821.16819777014
;99532.8,0,0,0,0,826.16819777014
;99532.8,0,0,0,0,831.16819777014
;99532.8,0,0,0,0,836.16819777014
;99532.8,0,0,0,0,841.16819777014
;99532.8,0,0,0,0,846.16819777014
;99532.8,0,0,0,0,851.16819777014
;99532.8,0,0,0,0,856.16819777014
;99532.8,0,0,0,0,861.16819777014
;99532.8,0,0,0,0,866.16819777014
;99532.8,0,0,0,0,871.16819777014
;99532.8,0,0,0,0,876.16819777014
;99532.8,0,0,0,0,881.16819777014
;99532.8,0,0,0,0,886.16819777014
;99532.8,0,0,0,0,891.16819777014
;99532.8,0,0,0,0,896.16819777014
;99532.8,0,0,0,0,901.16819777014
;99532.8,0,0,0,0,906.16819777014
;99532.8,0,0,0,0,911.16819777014
;99532.8,0,0,0,0,916.16819777014
;99532.8,0,0,0,0,921.16819777014
;99532.8,0,0,0,0,926.16819777014
;99532.8,0,0,0,0,931.16819777014
;99532.8,0,0,0,0,936.16819777014
;99532.8,0,0,0,0,941.16819777014
;99532.8,0,0,0,0,946.16819777014
;99532.8,0,0,0,0,951.16819777014
;99532.8,0,0,0,0,956.16819777014
;99532.8,0,0,0,0,961.16819777014
;99532.8,0,0,0,0,966.16819777014
;99532.8,0,0,0,0,971.16819777014
;99532.8,0,0,0,0,976.16819777014
;99532.8,0,0,0,0,981.16819777014
;99532.8,0,0,0,0,986.16819777014
;99532.8,0,0,0,0,991.16819777014
;99532.8,0,0,0,0,996.16819777014
;99532.8,0,0,0,0,1001.16819777014
;99532.8,0,0,0,0,1006.16819777014
;99532.8,0,0,0,0,1011.16819777014
;99532.8,0,0,0,0,1016.16819777014
;99532.8,0,0,0,0,1021.16819777014
;99532.8,0,0,0,0,1026.16819777014
;99532.8,0,0,0,0,1031.16819777014
;99532.8,0,0,0,0,1036.16819777014
;99532.8,0,0,0,0,1041.16819777014
;99532.8,0,0,0,0,1046.16819777014
;99532.8,0,0,0,0,1051.16819777014
;99532.8,0,0,0,0,1056.16819777014
;99532.8,0,0,0,0,1061.16819777014
;99532.8,0,0,0,0,1066.16819777014
;99532.8,0,0,0,0,1071.16819777014
;99532.8,0,0,0,0,1076.16819777014
;99532.8,0,0,0,0,1081.16819777014
;99532.8,0,0,0,0,1086.16819777014
;99532.8,0,0,0,0,1091.16819777014
;99532.8,0,0,0,0,1096.16819777014
;99532.8,0,0,0,0,1101.16819777014
;99532.8,0,0,0,0,1106.16819777014
;99532.8,0,0,0,0,1111.16819777014
;99532.8,0,0,0,0,1116.16819777014
;99532.8,0,0,0,0,1121.16819777014
;99532.8,0,0,0,0,1126.16819777014
;99532.8,0,0,0,0,1131.16819777014
;99532.8,0,0,0,0,1136.16819777014
;99532.8,0,0,0,0,1141.16819777014
;99532.8,0,0,0,0,1146.16819777014
;99532.8,0,0,0,0,1151.16819777014
;99532.8,0,0,0,0,1156.16819777014
;99532.8,0,0,0,0,1161.16819777014
;99532.8,0,0,0,0,1166.16819777014
;99532.8,0,0,0,0,1171.16819777014
;99532.8,0,0,0,0,1176.16819777014
;99532.8,0,0,0,0,1181.16819777014
;99532.8,0,0,0,0,1186.16819777014
;99532.8,0,0,0,0,1191.16819777014
;99532.8,0,0,0,0,1196.16819777014
;99532.8,0,0,0,0,1201.16819777014
;99532.8,0,0,0,0,1206.16819777014
;99532.8,0,0,0,0,1211.16819777014
;99532.8,0,0,0,0,1216.16819777014
;99532.8,0,0,0,0,1221.16819777014
;99532.8,0,0,0,0,1226.16819777014
;99532.8,0,0,0,0,1231.16819777014
;99532.8,0,0,0,0,1236.16819777014
;99532.8,0,0,0,0,1241.16819777014
;99532.8,0,0,0,0,1246.16819777014
;99532.8,0,0,0,0,1251.16819777014
;99532.8,0,0,0,0,1256.16819777014
;99532.8,0,0,0,0,1261.16819777014
;99532.8,0,0,0,0,1266.16819777014
;99532.8,0,0,0,0,1271.16819777014
;99532.8,0,0,0,0,1276.16819777014
;99532.8,0,0,0,0,1281.16819777014
;99532.8,0,0,0,0,1286.16819777014
;99532.8,0,0,0,0,1291.16819777014
;99532.8,0,0,0,0,1296.16819777014
;99532.8,0,0,0,0,1301.16819777014
;99532.8,0,0,0,0,1306.16819777014
;99532.8,0,0,0,0,1311.16819777014
;99532.8,0,0,0,0,1316.16819777014
;99532.8,0,0,0,0,1321.16819777014
;99532.8,0,0,0,0,1326.16819777014
;99532.8,0,0,0,0,1331.16819777014
;99532.8,0,0,0,0,1336.16819777014
;99532.8,0,0,0,0,1341.16819777014
;99532.8,0,0,0,0,1346.16819777014
;99532.8,0,0,0,0,1351.16819777014
;99532.8,0,0,0,0,1356.16819777014
;99532.8,0,0,0,0,1361.16819777014
;99532.8,0,0,0,0,1366.16819777014
;99532.8,0,0,0,0,1371.16819777014
;99532.8,0,0,0,0,1376.16819777014
;99532.8,0,0,0,0,1381.16819777014
;99532.8,0,0,0,0,1386.16819777014
;99532.8,0,0,0,0,1391.16819777014
;99532.8,0,0,0,0,1396.16819777014
;99532.8,0,0,0,0,1401.16819777014
;99532.8,0,0,0,0,1406.16819777014
;99532.8,0,0,0,0,1411.16819777014
;99532.8,0,0,0,0,1416.16819777014
;99532.8,0,0,0,0,1421.16819777014
;99532.8,0,0,0,0,1426.16819777014
;99532.8,0,0,0,0,1431.16819777014
;99532.8,0,0,0,0,1436.16819777014
;99532.8,0,0,0,0,1441.16819777014
;99532.8,0,0,0,0,1446.16819777014
;99532.8,0,0,0,0,1451.16819777014
;99532.8,0,0,0,0,1456.16819777014
;99532.8,0,0,0,0,1461.16819777014
;99532.8,0,0,0,0,1466.16819777014
;99532.8,0,0,0,0,1471.16819777014
;99532.8,0,0,0,0,1476.16819777014
;99532.8,0,0,0,0,1481.16819777014
;99532.8,0,0,0,0,1486.16819777014
;99532.8,0,0,0,0,1491.16819777014
;99532.8,0,0,0,0,1496.16819777014
;99532.8,0,0,0,0,1501.16819777014
;99532.8,0,0,0,0,1506.16819777014
;99532.8,0,0,0,0,1511.16819777014
;99532.8,0,0,0,0,1516.16819777014
;99532.8,0,0,0,0,1521.16819777014
;99532.8,0,0,0,0,1526.16819777014
;99532.8,0,0,0,0,1531.16819777014
;99532.8,0,0,0,0,1536.16819777014
;99532.8,0,0,0,0,1541.16819777014
;99532.8,0,0,0,0,1546.16819777014
;99532.8,0,0,0,0,1551.16819777014
;99532.8,0,0,0,0,1556.16819777014
;99532.8,0,0,0,0,1561.16819777014
;99532.8,0,0,0,0,1566.16819777014
;99532.8,0,0,0,0,1571.16819777014
;99532.8,0,0,0,0,1576.16819777014
;99532.8,0,0,0,0,1581.16819777014
;99532.8,0,0,0,0,1586.16819777014
;99532.8,0,0,0,0,1591.16819777014
;99532.8,0,0,0,0,1596.16819777014
;99532.8,0,0,0,0,1601.16819777014
;99532.8,0,0,0,0,1606.16819777014
;99532.8,0,0,0,0,1611.16819777014
;99532.8,0,0,0,0,1616.16819777014
;99532.8,0,0,0,0,1621.16819777014
;99532.8,0,0,0,0,1626.16819777014
;99532.8,0,0,0,0,1631.16819777014
;99532.8,0,0,0,0,1636.16819777014
;99532.8,0,0,0,0,1641.16819777014
;99532.8,0,0,0,0,1646.16819777014
;99532.8,0,0,0,0,1651.16819777014
;99532.8,0,0,0,0,1656.16819777014
;99532.8,0,0,0,0,1661.16819777014
;99532.8,0,0,0,0,1666.16819777014
;99532.8,0,0,0,0,1671.16819777014
;99532.8,0,0,0,0,1676.16819777014
;99532.8,0,0,0,0,1681.16819777014
;99532.8,0,0,0,0,1686.16819777014
;99532.8,0,0,0,0,1691.16819777014
;99532.8,0,0,0,0,1696.16819777014
;99532.8,0,0,0,0,1701.16819777014
;99532.8,0,0,0,0,1706.16819777014
;99532.8,0,0,0,0,1711.16819777014
;99532.8,0,0,0,0,1716.16819777014
;99532.8,0,0,0,0,1721.16819777014
;99532.8,0,0,0,0,1726.16819777014
;99532.8,0,0,0,0,1731.16819777014
;99532.8,0,0,0,0,1736.16819777014
;99532.8,0,0,0,0,1741.16819777014
;99532.8,0,0,0,0,1746.16819777014
;99532.8,0,0,0,0,1751.16819777014
;99532.8,0,0,0,0,1756.16819777014
;99532.8,0,0,0,0,1761.16819777014
;99532.8,0,0,0,0,1766.16819777014
;99532.8,0,0,0,0,1771.16819777014
;99532.8,0,0,0,0,1776.16819777014
;99532.8,0,0,0,0,1781.16819777014
;99532.8,0,0,0,0,1786.16819777014
;99532.8,0,0,0,0,1791.16819777014
;99532.8,0,0,0,0,1796.16819777014
;99532.8,0,0,0,0,1801.16819777014
;99532.8,0,0,0,0,1806.16819777014
;99532.8,0,0,0,0,1811.16819777014
;99532.8,0,0,0,0,1816.16819777014
;99532.8,0,0,0,0,1821.16819777014
;99532.8,0,0,0,0,1826.16819777014
;99532.8,0,0,0,0,1831.16819777014
;99532.8,0,0,0,0,1836.16819777014
;99532.8,0,0,0,0,1841.16819777014
;99532.8,0,0,0,0,1846.16819777014
;99532.8,0,0,0,0,1851.16819777014
;99532.8,0,0,0,0,1856.16819777014
;99532.8,0,0,0,0,1861.16819777014
;99532.8,0,0,0,0,1866.16819777014
;99532.8,0,0,0,0,1871.16819777014
;99532.8,0,0,0,0,1876.16819777014
;99532.8,0,0,0,0,1881.16819777014
;99532.8,0,0,0,0,1886.16819777014
;99532.8,0,0,0,0,1891.16819777014
;99532.8,0,0,0,0,1896.16819777014
;99532.8,0,0,0,0,1901.16819777014
;99532.8,0,0,0,0,1906.16819777014
;99532.8,0,0,0,0,1911.16819777014
;99532.8,0,0,0,0,1916.16819777014
;99532.8,0,0,0,0,1921.16819777014
;99532.8,0,0,0,0,1926.16819777014
;99532.8,0,0,0,0,1931.16819777014
;99532.8,0,0,0,0,1936.16819777014
;99532.8,0,0,0,0,1941.16819777014
;99532.8,0,0,0,0,1946.16819777014
;99532.8,0,0,0,0,1951.16819777014
;99532.8,0,0,0,0,1956.16819777014
;99532.8,0,0,0,0,1961.16819777014
;99532.8,0,0,0,0,1966.16819777014
;99532.8,0,0,0,0,1971.16819777014
;99532.8,0,0,0,0,1976.16819777014
;99532.8,0,0,0,0,1981.16819777014
;99532.8,0,0,0,0,1986.16819777014
;99532.8,0,0,0,0,1991.16819777014
;99532.8,0,0,0,0,1996.16819777014
;101990,0,0,0,0,1.149686863883
;87244.8,0,0,0,0,1.149686863883
;87244.8,0,0,0,0,6.149686863883
;87244.8,0,0,0,0,11.149686863883
;87244.8,0,0,0,0,16.149686863883
;87244.8,0,0,0,0,21.149686863883
;87244.8,0,0,0,0,26.149686863883
