|||;32870,32870,32870,32870,0,0,0,0,1.119469893819
854abvgp(0),|||;32055.9,32870,32870,32870,7.608444481764,0,0,0,6.119469893819
854abvgp(2),|||;32055.9,32870,32870,32870,2.608444481764,0,0,0,11.119469893819
854abvgp(3),|||;32055.9,32870,32870,32870,0,0,0,0,16.119469893819
854abvgp(3),|||;32055.9,32870,32870,32870,0,0,0,0,21.119469893819
854abvgp(3),|||;32055.9,32870,32870,32870,0,0,0,0,26.119469893819
854abvgp(3),|||;32055.9,32870,32870,32870,0,0,0,0,31.119469893819
854abvgp(3),|||;32055.9,32870,32870,32870,0,0,0,0,36.119469893819
854abvgp(3),|||;32055.9,32870,32870,32870,0,0,0,0,41.119469893819
854abvgp(3),|||;32055.9,32870,32870,32870,0,0,0,0,46.119469893819
854abvgp(3),|||;32055.9,32870,32870,32870,0,0,0,0,51.119469893819
854abvgp(3),|||;32055.9,32870,32870,32870,0,0,0,0,56.119469893819
854abvgp(3),|||;32055.9,32870,32870,32870,0,0,0,0,61.119469893819
854abvgp(3),|||;32055.9,32870,32870,32870,0,0,0,0,66.119469893819
854abvgp(3),|||;32055.9,32870,32870,32870,0,0,0,0,71.119469893819
854abvgp(3),|||;32055.9,32870,32870,32870,0,0,0,0,76.119469893819
854abvgp(3),|||;32055.9,32870,32870,32870,0,0,0,0,81.119469893819
854abvgp(3),|||;32055.9,32870,32870,32870,0,0,0,0,86.119469893819
854abvgp(3),|||;32055.9,32870,32870,32870,0,0,0,0,91.119469893819
854abvgp(3),|||;32055.9,32870,32870,32870,0,0,0,0,96.119469893819
854abvgp(3),|||;32055.9,32870,32870,32870,0,0,0,0,101.119469893819
854abvgp(3),638gwlmt(0),|638gwlmt(0),||;28343.9,29158,32870,32870,32.405094124361,32.405094124361,0,0,106.119469893819
854abvgp(3),638gwlmt(2),|638gwlmt(2),||;28343.9,29158,32870,32870,27.405094124361,27.405094124361,0,0,111.119469893819
854abvgp(3),638gwlmt(2),|638gwlmt(2),||;28343.9,29158,32870,32870,22.405094124361,22.405094124361,0,0,116.119469893819
854abvgp(3),638gwlmt(2),|638gwlmt(2),||;28343.9,29158,32870,32870,17.405094124361,17.405094124361,0,0,121.119469893819
854abvgp(3),638gwlmt(2),206divxr(0),|638gwlmt(2),206divxr(0),|206divxr(0),|206divxr(0),;27801.2,28615.3,30699.1,30699.1,21.01543396523,21.01543396523,17.481261204193,17.481261204193,126.119469893819
854abvgp(3),638gwlmt(2),206divxr(1),|638gwlmt(2),206divxr(1),|206divxr(2),|206divxr(2),;27801.2,28615.3,30699.1,30699.1,16.01543396523,16.01543396523,12.481261204193,12.481261204193,131.119469893819
854abvgp(3),638gwlmt(2),206divxr(1),|638gwlmt(2),206divxr(1),|206divxr(2),|206divxr(2),;27801.2,28615.3,30699.1,30699.1,11.01543396523,11.01543396523,7.481261204193,7.481261204193,136.119469893819
854abvgp(3),206divxr(2),|206divxr(2),|206divxr(2),|206divxr(2),;31513.2,32327.3,30699.1,30699.1,6.01543396523,6.01543396523,2.481261204193,2.481261204193,141.119469893819
854abvgp(3),|||;32055.9,32870,32870,32870,1.01543396523,1.01543396523,0,0,146.119469893819
854abvgp(3),|||;32055.9,32870,32870,32870,0,0,0,0,151.119469893819
854abvgp(3),|||;32055.9,32870,32870,32870,0,0,0,0,156.119469893819
854abvgp(3),|||;32055.9,32870,32870,32870,0,0,0,0,161.119469893819
854abvgp(3),|||;32055.9,32870,32870,32870,0,0,0,0,166.119469893819
854abvgp(3),|||;32055.9,32870,32870,32870,0,0,0,0,171.119469893819
854abvgp(3),|||;32055.9,32870,32870,32870,0,0,0,0,176.119469893819
854abvgp(3),|||;32055.9,32870,32870,32870,0,0,0,0,181.119469893819
854abvgp(3),|||;32055.9,32870,32870,32870,0,0,0,0,186.119469893819
854abvgp(3),|||;32055.9,32870,32870,32870,0,0,0,0,191.119469893819
854abvgp(3),|||;32055.9,32870,32870,32870,0,0,0,0,196.119469893819
854abvgp(3),|||;32055.9,32870,32870,32870,0,0,0,0,201.119469893819
854abvgp(3),|||;32055.9,32870,32870,32870,0,0,0,0,206.119469893819
854abvgp(3),|||;32055.9,32870,32870,32870,0,0,0,0,211.119469893819
854abvgp(3),|||;32055.9,32870,32870,32870,0,0,0,0,216.119469893819
854abvgp(3),|||;32055.9,32870,32870,32870,0,0,0,0,221.119469893819
854abvgp(3),|||;32055.9,32870,32870,32870,0,0,0,0,226.119469893819
854abvgp(3),|||;32055.9,32870,32870,32870,0,0,0,0,231.119469893819
854abvgp(3),|||;32055.9,32870,32870,32870,0,0,0,0,236.119469893819
854abvgp(3),|||;32055.9,32870,32870,32870,0,0,0,0,241.119469893819
854abvgp(3),|||;32055.9,32870,32870,32870,0,0,0,0,246.119469893819
854abvgp(3),|||;32055.9,32870,32870,32870,0,0,0,0,251.119469893819
854abvgp(3),|||;32055.9,32870,32870,32870,0,0,0,0,256.119469893819
854abvgp(3),|||;32055.9,32870,32870,32870,0,0,0,0,261.119469893819
854abvgp(3),|||;32055.9,32870,32870,32870,0,0,0,0,266.119469893819
854abvgp(3),|||;32055.9,32870,32870,32870,0,0,0,0,271.119469893819
854abvgp(3),|||;32055.9,32870,32870,32870,0,0,0,0,276.119469893819
854abvgp(3),|||;32055.9,32870,32870,32870,0,0,0,0,281.119469893819
854abvgp(3),|||;32055.9,32870,32870,32870,0,0,0,0,286.119469893819
854abvgp(3),|||;32055.9,32870,32870,32870,0,0,0,0,291.119469893819
854abvgp(3),|||;32055.9,32870,32870,32870,0,0,0,0,296.119469893819
854abvgp(3),|||;32055.9,32870,32870,32870,0,0,0,0,301.119469893819
854abvgp(3),|||;32055.9,32870,32870,32870,0,0,0,0,306.119469893819
|||;32870,32870,32870,32870,0,0,0,0,311.119469893819
|||;32870,32870,32870,32870,0,0,0,0,316.119469893819
|||;32870,32870,32870,32870,0,0,0,0,321.119469893819
|||;32870,32870,32870,32870,0,0,0,0,326.119469893819
|||;32870,32870,32870,32870,0,0,0,0,331.119469893819
|||;32870,32870,32870,32870,0,0,0,0,336.119469893819
|||;32870,32870,32870,32870,0,0,0,0,341.119469893819
|||;32870,32870,32870,32870,0,0,0,0,346.119469893819
|||;32870,32870,32870,32870,0,0,0,0,351.119469893819
|||;32870,32870,32870,32870,0,0,0,0,356.119469893819
|||;32870,32870,32870,32870,0,0,0,0,361.119469893819
|||;32870,32870,32870,32870,0,0,0,0,366.119469893819
|||;32870,32870,32870,32870,0,0,0,0,371.119469893819
|||;32870,32870,32870,32870,0,0,0,0,376.119469893819
|||;32870,32870,32870,32870,0,0,0,0,381.119469893819
|||;32870,32870,32870,32870,0,0,0,0,386.119469893819
|||;32870,32870,32870,32870,0,0,0,0,391.119469893819
|||;32870,32870,32870,32870,0,0,0,0,396.119469893819
|||;32870,32870,32870,32870,0,0,0,0,401.119469893819
396qpbwz(2),|||;27791,32870,32870,32870,40.208590099522,0,0,0,406.119469893819
396qpbwz(2),|||;27791,32870,32870,32870,35.208590099522,0,0,0,411.119469893819
396qpbwz(2),|||;27791,32870,32870,32870,30.208590099522,0,0,0,416.119469893819
396qpbwz(2),|||;27791,32870,32870,32870,25.208590099522,0,0,0,421.119469893819
396qpbwz(2),|||;27791,32870,32870,32870,20.208590099522,0,0,0,426.119469893819
396qpbwz(2),|||;27791,32870,32870,32870,15.208590099522,0,0,0,431.119469893819
396qpbwz(2),|||;27791,32870,32870,32870,10.208590099522,0,0,0,436.119469893819
396qpbwz(2),|||;27791,32870,32870,32870,5.208590099522,0,0,0,441.119469893819
|||;32870,32870,32870,32870,0.208590099522,0,0,0,446.119469893819
|||;32870,32870,32870,32870,0,0,0,0,451.119469893819
|||;32870,32870,32870,32870,0,0,0,0,456.119469893819
|||;32870,32870,32870,32870,0,0,0,0,461.119469893819
|||;32870,32870,32870,32870,0,0,0,0,466.119469893819
|||;32870,32870,32870,32870,0,0,0,0,471.119469893819
|||;32870,32870,32870,32870,0,0,0,0,476.119469893819
|||;32870,32870,32870,32870,0,0,0,0,481.119469893819
|||;32870,32870,32870,32870,0,0,0,0,486.119469893819
|||;32870,32870,32870,32870,0,0,0,0,491.119469893819
|||;32870,32870,32870,32870,0,0,0,0,496.119469893819
|||;32870,32870,32870,32870,0,0,0,0,501.119469893819
|||;32870,32870,32870,32870,0,0,0,0,506.119469893819
|||;32870,32870,32870,32870,0,0,0,0,511.119469893819
|||;32870,32870,32870,32870,0,0,0,0,516.119469893819
|||;32870,32870,32870,32870,0,0,0,0,521.119469893819
|||;32870,32870,32870,32870,0,0,0,0,526.119469893819
|||;32870,32870,32870,32870,0,0,0,0,531.119469893819
|||;32870,32870,32870,32870,0,0,0,0,536.119469893819
|||;32870,32870,32870,32870,0,0,0,0,541.119469893819
|||;32870,32870,32870,32870,0,0,0,0,546.119469893819
|||;32870,32870,32870,32870,0,0,0,0,551.119469893819
|||;32870,32870,32870,32870,0,0,0,0,556.119469893819
|||;32870,32870,32870,32870,0,0,0,0,561.119469893819
|||;32870,32870,32870,32870,0,0,0,0,566.119469893819
|||;32870,32870,32870,32870,0,0,0,0,571.119469893819
|||;32870,32870,32870,32870,0,0,0,0,576.119469893819
|||;32870,32870,32870,32870,0,0,0,0,581.119469893819
|||;32870,32870,32870,32870,0,0,0,0,586.119469893819
|||;32870,32870,32870,32870,0,0,0,0,591.119469893819
|||;32870,32870,32870,32870,0,0,0,0,596.119469893819
|||;32870,32870,32870,32870,0,0,0,0,601.119469893819
|||;32870,32870,32870,32870,0,0,0,0,606.119469893819
|||;32870,32870,32870,32870,0,0,0,0,611.119469893819
|||;32870,32870,32870,32870,0,0,0,0,616.119469893819
|||;32870,32870,32870,32870,0,0,0,0,621.119469893819
|||;32870,32870,32870,32870,0,0,0,0,626.119469893819
|||;32870,32870,32870,32870,0,0,0,0,631.119469893819
|||;32870,32870,32870,32870,0,0,0,0,636.119469893819
|||;32870,32870,32870,32870,0,0,0,0,641.119469893819
|||;32870,32870,32870,32870,0,0,0,0,646.119469893819
|||;32870,32870,32870,32870,0,0,0,0,651.119469893819
|||;32870,32870,32870,32870,0,0,0,0,656.119469893819
|||;32870,32870,32870,32870,0,0,0,0,661.119469893819
|||;32870,32870,32870,32870,0,0,0,0,666.119469893819
|||;32870,32870,32870,32870,0,0,0,0,671.119469893819
|||;32870,32870,32870,32870,0,0,0,0,676.119469893819
|||;32870,32870,32870,32870,0,0,0,0,681.119469893819
|||;32870,32870,32870,32870,0,0,0,0,686.119469893819
|||;32870,32870,32870,32870,0,0,0,0,691.119469893819
|||;32870,32870,32870,32870,0,0,0,0,696.119469893819
|||;32870,32870,32870,32870,0,0,0,0,701.119469893819
|||;32870,32870,32870,32870,0,0,0,0,706.119469893819
|||;32870,32870,32870,32870,0,0,0,0,711.119469893819
|||;32870,32870,32870,32870,0,0,0,0,716.119469893819
|||;32870,32870,32870,32870,0,0,0,0,721.119469893819
|||;32870,32870,32870,32870,0,0,0,0,726.119469893819
|||;32870,32870,32870,32870,0,0,0,0,731.119469893819
|||;32870,32870,32870,32870,0,0,0,0,736.119469893819
|||;32870,32870,32870,32870,0,0,0,0,741.119469893819
|||;32870,32870,32870,32870,0,0,0,0,746.119469893819
|||;32870,32870,32870,32870,0,0,0,0,751.119469893819
|||;32870,32870,32870,32870,0,0,0,0,756.119469893819
|||;32870,32870,32870,32870,0,0,0,0,761.119469893819
|||;32870,32870,32870,32870,0,0,0,0,766.119469893819
|||;32870,32870,32870,32870,0,0,0,0,771.119469893819
|||;32870,32870,32870,32870,0,0,0,0,776.119469893819
|||;32870,32870,32870,32870,0,0,0,0,781.119469893819
|||;32870,32870,32870,32870,0,0,0,0,786.119469893819
|||;32870,32870,32870,32870,0,0,0,0,791.119469893819
|||;32870,32870,32870,32870,0,0,0,0,796.119469893819
|||;32870,32870,32870,32870,0,0,0,0,801.119469893819
|||;32870,32870,32870,32870,0,0,0,0,806.119469893819
|||;32870,32870,32870,32870,0,0,0,0,811.119469893819
|||;32870,32870,32870,32870,0,0,0,0,816.119469893819
|||;32870,32870,32870,32870,0,0,0,0,821.119469893819
|||;32870,32870,32870,32870,0,0,0,0,826.119469893819
|||;32870,32870,32870,32870,0,0,0,0,831.119469893819
|||;32870,32870,32870,32870,0,0,0,0,836.119469893819
|||;32870,32870,32870,32870,0,0,0,0,841.119469893819
|||;32870,32870,32870,32870,0,0,0,0,846.119469893819
|||;32870,32870,32870,32870,0,0,0,0,851.119469893819
|||;32870,32870,32870,32870,0,0,0,0,856.119469893819
|||;32870,32870,32870,32870,0,0,0,0,861.119469893819
|||;32870,32870,32870,32870,0,0,0,0,866.119469893819
|||;32870,32870,32870,32870,0,0,0,0,871.119469893819
|||;32870,32870,32870,32870,0,0,0,0,876.119469893819
|||;32870,32870,32870,32870,0,0,0,0,881.119469893819
|||;32870,32870,32870,32870,0,0,0,0,886.119469893819
|||;32870,32870,32870,32870,0,0,0,0,891.119469893819
|||;32870,32870,32870,32870,0,0,0,0,896.119469893819
|||;32870,32870,32870,32870,0,0,0,0,901.119469893819
|||;32870,32870,32870,32870,0,0,0,0,906.119469893819
|||;32870,32870,32870,32870,0,0,0,0,911.119469893819
|||;32870,32870,32870,32870,0,0,0,0,916.119469893819
|||;32870,32870,32870,32870,0,0,0,0,921.119469893819
|||;32870,32870,32870,32870,0,0,0,0,926.119469893819
|||;32870,32870,32870,32870,0,0,0,0,931.119469893819
|||;32870,32870,32870,32870,0,0,0,0,936.119469893819
|||;32870,32870,32870,32870,0,0,0,0,941.119469893819
|||;32870,32870,32870,32870,0,0,0,0,946.119469893819
|||;32870,32870,32870,32870,0,0,0,0,951.119469893819
|||;32870,32870,32870,32870,0,0,0,0,956.119469893819
|||;32870,32870,32870,32870,0,0,0,0,961.119469893819
|||;32870,32870,32870,32870,0,0,0,0,966.119469893819
|||;32870,32870,32870,32870,0,0,0,0,971.119469893819
|||;32870,32870,32870,32870,0,0,0,0,976.119469893819
|||;32870,32870,32870,32870,0,0,0,0,981.119469893819
|||;32870,32870,32870,32870,0,0,0,0,986.119469893819
|||;32870,32870,32870,32870,0,0,0,0,991.119469893819
|||;32870,32870,32870,32870,0,0,0,0,996.119469893819
|||;32870,32870,32870,32870,0,0,0,0,1001.119469893819
|||;32870,32870,32870,32870,0,0,0,0,1006.119469893819
|||;32870,32870,32870,32870,0,0,0,0,1011.119469893819
|||;32870,32870,32870,32870,0,0,0,0,1016.119469893819
|||;32870,32870,32870,32870,0,0,0,0,1021.119469893819
|||;32870,32870,32870,32870,0,0,0,0,1026.119469893819
|||;32870,32870,32870,32870,0,0,0,0,1031.119469893819
|||;32870,32870,32870,32870,0,0,0,0,1036.119469893819
|||;32870,32870,32870,32870,0,0,0,0,1041.119469893819
|||;32870,32870,32870,32870,0,0,0,0,1046.119469893819
|||;32870,32870,32870,32870,0,0,0,0,1051.119469893819
|||;32870,32870,32870,32870,0,0,0,0,1056.119469893819
|||;32870,32870,32870,32870,0,0,0,0,1061.119469893819
|||;32870,32870,32870,32870,0,0,0,0,1066.119469893819
|||;32870,32870,32870,32870,0,0,0,0,1071.119469893819
|||;32870,32870,32870,32870,0,0,0,0,1076.119469893819
|||;32870,32870,32870,32870,0,0,0,0,1081.119469893819
|||;32870,32870,32870,32870,0,0,0,0,1086.119469893819
|||;32870,32870,32870,32870,0,0,0,0,1091.119469893819
|||;32870,32870,32870,32870,0,0,0,0,1096.119469893819
|||;32870,32870,32870,32870,0,0,0,0,1101.119469893819
|||;32870,32870,32870,32870,0,0,0,0,1106.119469893819
|||;32870,32870,32870,32870,0,0,0,0,1111.119469893819
|||;32870,32870,32870,32870,0,0,0,0,1116.119469893819
|||;32870,32870,32870,32870,0,0,0,0,1121.119469893819
|||;32870,32870,32870,32870,0,0,0,0,1126.119469893819
|||;32870,32870,32870,32870,0,0,0,0,1131.119469893819
|||;32870,32870,32870,32870,0,0,0,0,1136.119469893819
|||;32870,32870,32870,32870,0,0,0,0,1141.119469893819
|||;32870,32870,32870,32870,0,0,0,0,1146.119469893819
|||;32870,32870,32870,32870,0,0,0,0,1151.119469893819
|||;32870,32870,32870,32870,0,0,0,0,1156.119469893819
|||;32870,32870,32870,32870,0,0,0,0,1161.119469893819
|||;32870,32870,32870,32870,0,0,0,0,1166.119469893819
|||;32870,32870,32870,32870,0,0,0,0,1171.119469893819
|||;32870,32870,32870,32870,0,0,0,0,1176.119469893819
|||;32870,32870,32870,32870,0,0,0,0,1181.119469893819
|||;32870,32870,32870,32870,0,0,0,0,1186.119469893819
|||;32870,32870,32870,32870,0,0,0,0,1191.119469893819
|||;32870,32870,32870,32870,0,0,0,0,1196.119469893819
|||;32870,32870,32870,32870,0,0,0,0,1201.119469893819
|||;32870,32870,32870,32870,0,0,0,0,1206.119469893819
|||;32870,32870,32870,32870,0,0,0,0,1211.119469893819
|||;32870,32870,32870,32870,0,0,0,0,1216.119469893819
|||;32870,32870,32870,32870,0,0,0,0,1221.119469893819
|||;32870,32870,32870,32870,0,0,0,0,1226.119469893819
|||;32870,32870,32870,32870,0,0,0,0,1231.119469893819
|||;32870,32870,32870,32870,0,0,0,0,1236.119469893819
|||;32870,32870,32870,32870,0,0,0,0,1241.119469893819
|||;32870,32870,32870,32870,0,0,0,0,1246.119469893819
|||;32870,32870,32870,32870,0,0,0,0,1251.119469893819
|||;32870,32870,32870,32870,0,0,0,0,1256.119469893819
|||;32870,32870,32870,32870,0,0,0,0,1261.119469893819
|||;32870,32870,32870,32870,0,0,0,0,1266.119469893819
|||;32870,32870,32870,32870,0,0,0,0,1271.119469893819
|||;32870,32870,32870,32870,0,0,0,0,1276.119469893819
|||;32870,32870,32870,32870,0,0,0,0,1281.119469893819
|||;32870,32870,32870,32870,0,0,0,0,1286.119469893819
|||;32870,32870,32870,32870,0,0,0,0,1291.119469893819
|||;32870,32870,32870,32870,0,0,0,0,1296.119469893819
|||;32870,32870,32870,32870,0,0,0,0,1301.119469893819
|||;32870,32870,32870,32870,0,0,0,0,1306.119469893819
|||;32870,32870,32870,32870,0,0,0,0,1311.119469893819
|||;32870,32870,32870,32870,0,0,0,0,1316.119469893819
|||;32870,32870,32870,32870,0,0,0,0,1321.119469893819
|||;32870,32870,32870,32870,0,0,0,0,1326.119469893819
|||;32870,32870,32870,32870,0,0,0,0,1331.119469893819
|||;32870,32870,32870,32870,0,0,0,0,1336.119469893819
|||;32870,32870,32870,32870,0,0,0,0,1341.119469893819
|||;32870,32870,32870,32870,0,0,0,0,1346.119469893819
|||;32870,32870,32870,32870,0,0,0,0,1351.119469893819
|||;32870,32870,32870,32870,0,0,0,0,1356.119469893819
|||;32870,32870,32870,32870,0,0,0,0,1361.119469893819
|||;32870,32870,32870,32870,0,0,0,0,1366.119469893819
|||;32870,32870,32870,32870,0,0,0,0,1371.119469893819
|||;32870,32870,32870,32870,0,0,0,0,1376.119469893819
|||;32870,32870,32870,32870,0,0,0,0,1381.119469893819
|||;32870,32870,32870,32870,0,0,0,0,1386.119469893819
|||;32870,32870,32870,32870,0,0,0,0,1391.119469893819
|||;32870,32870,32870,32870,0,0,0,0,1396.119469893819
|||;32870,32870,32870,32870,0,0,0,0,1401.119469893819
|||;32870,32870,32870,32870,0,0,0,0,1406.119469893819
|||;32870,32870,32870,32870,0,0,0,0,1411.119469893819
|||;32870,32870,32870,32870,0,0,0,0,1416.119469893819
|||;32870,32870,32870,32870,0,0,0,0,1421.119469893819
|||;32870,32870,32870,32870,0,0,0,0,1426.119469893819
|||;32870,32870,32870,32870,0,0,0,0,1431.119469893819
|||;32870,32870,32870,32870,0,0,0,0,1436.119469893819
|||;32870,32870,32870,32870,0,0,0,0,1441.119469893819
|||;32870,32870,32870,32870,0,0,0,0,1446.119469893819
|||;32870,32870,32870,32870,0,0,0,0,1451.119469893819
|||;32870,32870,32870,32870,0,0,0,0,1456.119469893819
|||;32870,32870,32870,32870,0,0,0,0,1461.119469893819
|||;32870,32870,32870,32870,0,0,0,0,1466.119469893819
|||;32870,32870,32870,32870,0,0,0,0,1471.119469893819
|||;32870,32870,32870,32870,0,0,0,0,1476.119469893819
|||;32870,32870,32870,32870,0,0,0,0,1481.119469893819
|||;32870,32870,32870,32870,0,0,0,0,1486.119469893819
|||;32870,32870,32870,32870,0,0,0,0,1491.119469893819
|||;32870,32870,32870,32870,0,0,0,0,1496.119469893819
|||;32870,32870,32870,32870,0,0,0,0,1501.119469893819
|||;32870,32870,32870,32870,0,0,0,0,1506.119469893819
|||;32870,32870,32870,32870,0,0,0,0,1511.119469893819
|||;32870,32870,32870,32870,0,0,0,0,1516.119469893819
|||;32870,32870,32870,32870,0,0,0,0,1521.119469893819
|||;32870,32870,32870,32870,0,0,0,0,1526.119469893819
|||;32870,32870,32870,32870,0,0,0,0,1531.119469893819
|||;32870,32870,32870,32870,0,0,0,0,1536.119469893819
|||;32870,32870,32870,32870,0,0,0,0,1541.119469893819
|||;32870,32870,32870,32870,0,0,0,0,1546.119469893819
|||;32870,32870,32870,32870,0,0,0,0,1551.119469893819
|||;32870,32870,32870,32870,0,0,0,0,1556.119469893819
|||;32870,32870,32870,32870,0,0,0,0,1561.119469893819
|||;32870,32870,32870,32870,0,0,0,0,1566.119469893819
|||;32870,32870,32870,32870,0,0,0,0,1571.119469893819
|||;32870,32870,32870,32870,0,0,0,0,1576.119469893819
|||;32870,32870,32870,32870,0,0,0,0,1581.119469893819
|||;32870,32870,32870,32870,0,0,0,0,1586.119469893819
|||;32870,32870,32870,32870,0,0,0,0,1591.119469893819
|||;32870,32870,32870,32870,0,0,0,0,1596.119469893819
|||;32870,32870,32870,32870,0,0,0,0,1601.119469893819
|||;32870,32870,32870,32870,0,0,0,0,1606.119469893819
|||;32870,32870,32870,32870,0,0,0,0,1611.119469893819
|||;32870,32870,32870,32870,0,0,0,0,1616.119469893819
|||;32870,32870,32870,32870,0,0,0,0,1621.119469893819
|||;32870,32870,32870,32870,0,0,0,0,1626.119469893819
|||;32870,32870,32870,32870,0,0,0,0,1631.119469893819
|||;32870,32870,32870,32870,0,0,0,0,1636.119469893819
|||;32870,32870,32870,32870,0,0,0,0,1641.119469893819
|||;32870,32870,32870,32870,0,0,0,0,1646.119469893819
|||;32870,32870,32870,32870,0,0,0,0,1651.119469893819
|||;32870,32870,32870,32870,0,0,0,0,1656.119469893819
|||;32870,32870,32870,32870,0,0,0,0,1661.119469893819
|||;32870,32870,32870,32870,0,0,0,0,1666.119469893819
|||;32870,32870,32870,32870,0,0,0,0,1671.119469893819
|||;32870,32870,32870,32870,0,0,0,0,1676.119469893819
|||;32870,32870,32870,32870,0,0,0,0,1681.119469893819
|||;32870,32870,32870,32870,0,0,0,0,1686.119469893819
|||;32870,32870,32870,32870,0,0,0,0,1691.119469893819
|||;32870,32870,32870,32870,0,0,0,0,1696.119469893819
|||;32870,32870,32870,32870,0,0,0,0,1701.119469893819
|||;32870,32870,32870,32870,0,0,0,0,1706.119469893819
|||;32870,32870,32870,32870,0,0,0,0,1711.119469893819
|||;32870,32870,32870,32870,0,0,0,0,1716.119469893819
|||;32870,32870,32870,32870,0,0,0,0,1721.119469893819
|||;32870,32870,32870,32870,0,0,0,0,1726.119469893819
|||;32870,32870,32870,32870,0,0,0,0,1731.119469893819
|||;32870,32870,32870,32870,0,0,0,0,1736.119469893819
|||;32870,32870,32870,32870,0,0,0,0,1741.119469893819
|||;32870,32870,32870,32870,0,0,0,0,1746.119469893819
|||;32870,32870,32870,32870,0,0,0,0,1751.119469893819
|||;32870,32870,32870,32870,0,0,0,0,1756.119469893819
|||;32870,32870,32870,32870,0,0,0,0,1761.119469893819
|||;32870,32870,32870,32870,0,0,0,0,1766.119469893819
|||;32870,32870,32870,32870,0,0,0,0,1771.119469893819
|||;32870,32870,32870,32870,0,0,0,0,1776.119469893819
|||;32870,32870,32870,32870,0,0,0,0,1781.119469893819
|||;32870,32870,32870,32870,0,0,0,0,1786.119469893819
|||;32870,32870,32870,32870,0,0,0,0,1791.119469893819
|||;32870,32870,32870,32870,0,0,0,0,1796.119469893819
|||;32870,32870,32870,32870,0,0,0,0,1801.119469893819
|||;32870,32870,32870,32870,0,0,0,0,1806.119469893819
|||;32870,32870,32870,32870,0,0,0,0,1811.119469893819
|||;32870,32870,32870,32870,0,0,0,0,1816.119469893819
|||;32870,32870,32870,32870,0,0,0,0,1821.119469893819
|||;32870,32870,32870,32870,0,0,0,0,1826.119469893819
|||;32870,32870,32870,32870,0,0,0,0,1831.119469893819
|||;32870,32870,32870,32870,0,0,0,0,1836.119469893819
|||;32870,32870,32870,32870,0,0,0,0,1841.119469893819
|||;32870,32870,32870,32870,0,0,0,0,1846.119469893819
|||;32870,32870,32870,32870,0,0,0,0,1851.119469893819
|||;32870,32870,32870,32870,0,0,0,0,1856.119469893819
|||;32870,32870,32870,32870,0,0,0,0,1861.119469893819
|||;32870,32870,32870,32870,0,0,0,0,1866.119469893819
|||;32870,32870,32870,32870,0,0,0,0,1871.119469893819
|||;32870,32870,32870,32870,0,0,0,0,1876.119469893819
|||;32870,32870,32870,32870,0,0,0,0,1881.119469893819
|||;32870,32870,32870,32870,0,0,0,0,1886.119469893819
|||;32870,32870,32870,32870,0,0,0,0,1891.119469893819
|||;32870,32870,32870,32870,0,0,0,0,1896.119469893819
|||;32870,32870,32870,32870,0,0,0,0,1901.119469893819
|||;32870,32870,32870,32870,0,0,0,0,1906.119469893819
|||;32870,32870,32870,32870,0,0,0,0,1911.119469893819
|||;32870,32870,32870,32870,0,0,0,0,1916.119469893819
|||;32870,32870,32870,32870,0,0,0,0,1921.119469893819
|||;32870,32870,32870,32870,0,0,0,0,1926.119469893819
|||;32870,32870,32870,32870,0,0,0,0,1931.119469893819
|||;32870,32870,32870,32870,0,0,0,0,1936.119469893819
|||;32870,32870,32870,32870,0,0,0,0,1941.119469893819
|||;32870,32870,32870,32870,0,0,0,0,1946.119469893819
|||;32870,32870,32870,32870,0,0,0,0,1951.119469893819
|||;32870,32870,32870,32870,0,0,0,0,1956.119469893819
|||;32870,32870,32870,32870,0,0,0,0,1961.119469893819
|||;32870,32870,32870,32870,0,0,0,0,1966.119469893819
|||;32870,32870,32870,32870,0,0,0,0,1971.119469893819
|||;32870,32870,32870,32870,0,0,0,0,1976.119469893819
|||;32870,32870,32870,32870,0,0,0,0,1981.119469893819
|||;32870,32870,32870,32870,0,0,0,0,1986.119469893819
|||;32870,32870,32870,32870,0,0,0,0,1991.119469893819
|||;32870,32870,32870,32870,0,0,0,0,1996.119469893819
|||;37785,37785,37785,37785,0,0,0,0,1.119469893819
|||;27136,27136,27136,27136,0,0,0,0,1.119469893819
|||;27136,27136,27136,27136,0,0,0,0,6.119469893819
|||;26931,26931,26931,26931,0,0,0,0,1.119469893819
228ujnbl(0),|407kjaqo(2),||;17305.4,20787,26931,26931,71.030716609326,43.684962088634,0,0,6.119469893819
228ujnbl(2),|407kjaqo(2),||;17305.4,20787,26931,26931,66.030716609326,38.684962088634,0,0,11.119469893819
228ujnbl(2),|407kjaqo(2),||;17305.4,20787,26931,26931,61.030716609326,33.684962088634,0,0,16.119469893819
228ujnbl(2),|407kjaqo(2),||;17305.4,20787,26931,26931,56.030716609326,28.684962088634,0,0,21.119469893819
228ujnbl(2),|407kjaqo(2),||;17305.4,20787,26931,26931,51.030716609326,23.684962088634,0,0,26.119469893819
228ujnbl(2),|407kjaqo(2),||;17305.4,20787,26931,26931,46.030716609326,18.684962088634,0,0,31.119469893819
228ujnbl(2),|407kjaqo(2),||847zsmbv(2),;17305.4,20787,26931,21657.4,41.030716609326,13.684962088634,0,33.77627769109,36.119469893819
228ujnbl(2),|407kjaqo(2),|116bcmsf(2),|847zsmbv(2),;17305.4,20787,20991.8,21657.4,36.030716609326,8.684962088634,42.694748122615,28.77627769109,41.119469893819
228ujnbl(2),|407kjaqo(2),|116bcmsf(2),|847zsmbv(2),;17305.4,20787,20991.8,21657.4,31.030716609326,3.684962088634,37.694748122615,23.77627769109,46.119469893819
228ujnbl(2),|407kjaqo(3),|116bcmsf(2),|847zsmbv(2),;17305.4,20787,20991.8,21657.4,26.030716609326,0,32.694748122615,18.77627769109,51.119469893819
228ujnbl(2),|407kjaqo(3),|116bcmsf(2),|847zsmbv(2),;17305.4,20787,20991.8,21657.4,21.030716609326,0,27.694748122615,13.77627769109,56.119469893819
|||;25497,25497,25497,25497,0,0,0,0,1.119469893819
|||;25497,25497,25497,25497,0,0,0,0,6.119469893819
|||;35328,35328,35328,35328,0,0,0,0,1.119469893819
|||;35328,35328,35328,35328,0,0,0,0,1.119469893819
|||;35123,35123,35123,35123,0,0,0,0,1.119469893819
|||;36761,36761,36761,36761,0,0,0,0,1.119469893819
|||;24678,24678,24678,24678,0,0,0,0,1.119469893819
|||;24678,24678,24678,24678,0,0,0,0,6.119469893819
|||;33280,33280,33280,33280,0,0,0,0,1.119469893819
|||;33280,33280,33280,33280,0,0,0,0,1.119469893819
|||;36761,36761,36761,36761,0,0,0,0,1.119469893819
|||;36761,36761,36761,36761,0,0,0,0,6.119469893819
|||;33894,33894,33894,33894,0,0,0,0,1.119469893819
|||;33894,33894,33894,33894,0,0,0,0,6.119469893819
|||;33894,33894,33894,33894,0,0,0,0,1.119469893819
