|||;36556,36556,36556,36556,0,0,0,0,1.118727861284
776mgoap(0),796rnlxp(1),828yzxow(1),733scyxv(1),|776mgoap(0),796rnlxp(1),828yzxow(1),733scyxv(1),|776mgoap(0),796rnlxp(1),828yzxow(1),|776mgoap(0),796rnlxp(1),828yzxow(1),;31666.4,31666.4,32229.6,32229.6,42.098443748203,42.098443748203,35.36285053105,35.36285053105,6.118727861284
776mgoap(2),796rnlxp(1),828yzxow(1),733scyxv(1),|776mgoap(2),796rnlxp(1),828yzxow(1),733scyxv(1),|776mgoap(2),796rnlxp(1),828yzxow(1),|776mgoap(2),796rnlxp(1),828yzxow(1),;31666.4,31666.4,32229.6,32229.6,37.098443748203,37.098443748203,30.36285053105,30.36285053105,11.118727861284
796rnlxp(2),828yzxow(1),733scyxv(1),|796rnlxp(2),828yzxow(1),733scyxv(1),|796rnlxp(2),828yzxow(1),|796rnlxp(2),828yzxow(1),;33130.7,33130.7,33693.9,33693.9,32.098443748203,32.098443748203,25.36285053105,25.36285053105,16.118727861284
796rnlxp(2),828yzxow(1),733scyxv(1),|796rnlxp(2),828yzxow(1),733scyxv(1),|796rnlxp(2),828yzxow(1),|796rnlxp(2),828yzxow(1),;33130.7,33130.7,33693.9,33693.9,27.098443748203,27.098443748203,20.36285053105,20.36285053105,21.118727861284
796rnlxp(2),828yzxow(1),733scyxv(1),|796rnlxp(2),828yzxow(1),733scyxv(1),|828yzxow(2),|828yzxow(2),;33130.7,33130.7,34728.1,34728.1,22.098443748203,22.098443748203,15.36285053105,15.36285053105,26.118727861284
828yzxow(2),733scyxv(1),|828yzxow(2),733scyxv(1),|828yzxow(2),|828yzxow(2),;34682.1,34682.1,34728.1,34728.1,17.098443748203,17.098443748203,10.36285053105,10.36285053105,31.118727861284
828yzxow(3),733scyxv(2),526ztshf(1),|828yzxow(3),733scyxv(2),526ztshf(1),|828yzxow(3),526ztshf(1),|828yzxow(3),526ztshf(1),;33176.8,33176.8,32470.2,32470.2,26.457127684143,26.457127684143,24.734239247478,24.734239247478,36.118727861284
828yzxow(3),526ztshf(2),|828yzxow(3),526ztshf(2),|828yzxow(3),526ztshf(2),|828yzxow(3),526ztshf(2),;33832.2,33832.2,32470.2,32470.2,21.457127684143,21.457127684143,19.734239247478,19.734239247478,41.118727861284
828yzxow(3),526ztshf(2),|828yzxow(3),526ztshf(2),|828yzxow(3),526ztshf(2),|828yzxow(3),526ztshf(2),;33832.2,33832.2,32470.2,32470.2,16.457127684143,16.457127684143,14.734239247478,14.734239247478,46.118727861284
828yzxow(3),526ztshf(3),|828yzxow(3),526ztshf(3),|828yzxow(3),526ztshf(2),|828yzxow(3),526ztshf(2),;33832.2,33832.2,32470.2,32470.2,11.457127684143,11.457127684143,9.734239247478,9.734239247478,51.118727861284
828yzxow(3),|828yzxow(3),|828yzxow(3),|828yzxow(3),;35337.5,35337.5,34728.1,34728.1,6.457127684143,6.457127684143,4.734239247478,4.734239247478,56.118727861284
828yzxow(3),|828yzxow(3),|828yzxow(3),|828yzxow(3),;35337.5,35337.5,34728.1,34728.1,1.457127684143,1.457127684143,0,0,61.118727861284
828yzxow(3),|828yzxow(3),|828yzxow(3),|828yzxow(3),;35337.5,35337.5,34728.1,34728.1,0,0,0,0,66.118727861284
828yzxow(3),|828yzxow(3),|828yzxow(3),|828yzxow(3),;35337.5,35337.5,34728.1,34728.1,0,0,0,0,71.118727861284
828yzxow(3),|828yzxow(3),|828yzxow(3),|828yzxow(3),;35337.5,35337.5,34728.1,34728.1,0,0,0,0,76.118727861284
828yzxow(3),|828yzxow(3),|828yzxow(3),|828yzxow(3),;35337.5,35337.5,34728.1,34728.1,0,0,0,0,81.118727861284
828yzxow(3),|828yzxow(3),|828yzxow(3),|828yzxow(3),;35337.5,35337.5,34728.1,34728.1,0,0,0,0,86.118727861284
828yzxow(3),|828yzxow(3),|828yzxow(3),|828yzxow(3),;35337.5,35337.5,34728.1,34728.1,0,0,0,0,91.118727861284
828yzxow(3),|828yzxow(3),|828yzxow(3),|828yzxow(3),;35337.5,35337.5,34728.1,34728.1,0,0,0,0,96.118727861284
828yzxow(3),|828yzxow(3),|828yzxow(3),|828yzxow(3),;35337.5,35337.5,34728.1,34728.1,0,0,0,0,101.118727861284
828yzxow(3),|828yzxow(3),|828yzxow(3),|828yzxow(3),;35337.5,35337.5,34728.1,34728.1,0,0,0,0,106.118727861284
828yzxow(3),|828yzxow(3),|828yzxow(3),|828yzxow(3),;35337.5,35337.5,34728.1,34728.1,0,0,0,0,111.118727861284
828yzxow(3),|828yzxow(3),|828yzxow(3),|828yzxow(3),;35337.5,35337.5,34728.1,34728.1,0,0,0,0,116.118727861284
828yzxow(3),|828yzxow(3),|828yzxow(3),|828yzxow(3),;35337.5,35337.5,34728.1,34728.1,0,0,0,0,121.118727861284
828yzxow(3),|828yzxow(3),|828yzxow(3),|828yzxow(3),;35337.5,35337.5,34728.1,34728.1,0,0,0,0,126.118727861284
828yzxow(3),|828yzxow(3),|828yzxow(3),|828yzxow(3),;35337.5,35337.5,34728.1,34728.1,0,0,0,0,131.118727861284
828yzxow(3),|828yzxow(3),|828yzxow(3),|828yzxow(3),;35337.5,35337.5,34728.1,34728.1,0,0,0,0,136.118727861284
828yzxow(3),|828yzxow(3),|828yzxow(3),|828yzxow(3),;35337.5,35337.5,34728.1,34728.1,0,0,0,0,141.118727861284
|||;36556.1,36556.1,36555.9,36555.9,0,0,0,0,146.118727861284
|||;36556.1,36556.1,36555.9,36555.9,0,0,0,0,151.118727861284
|||;36556.1,36556.1,36555.9,36555.9,0,0,0,0,156.118727861284
|||;36556.1,36556.1,36555.9,36555.9,0,0,0,0,161.118727861284
|||;36556.1,36556.1,36555.9,36555.9,0,0,0,0,166.118727861284
|||;36556.1,36556.1,36555.9,36555.9,0,0,0,0,171.118727861284
|||;36556.1,36556.1,36555.9,36555.9,0,0,0,0,176.118727861284
|||;36556.1,36556.1,36555.9,36555.9,0,0,0,0,181.118727861284
|||;36556.1,36556.1,36555.9,36555.9,0,0,0,0,186.118727861284
|||;36556.1,36556.1,36555.9,36555.9,0,0,0,0,191.118727861284
|||;36556.1,36556.1,36555.9,36555.9,0,0,0,0,196.118727861284
|||;36556.1,36556.1,36555.9,36555.9,0,0,0,0,201.118727861284
|||;36556.1,36556.1,36555.9,36555.9,0,0,0,0,206.118727861284
|||;36556.1,36556.1,36555.9,36555.9,0,0,0,0,211.118727861284
|||;36556.1,36556.1,36555.9,36555.9,0,0,0,0,216.118727861284
|||;36556.1,36556.1,36555.9,36555.9,0,0,0,0,221.118727861284
|||;36556.1,36556.1,36555.9,36555.9,0,0,0,0,226.118727861284
|||;36556.1,36556.1,36555.9,36555.9,0,0,0,0,231.118727861284
|||;36556.1,36556.1,36555.9,36555.9,0,0,0,0,236.118727861284
|||;36556.1,36556.1,36555.9,36555.9,0,0,0,0,241.118727861284
|||;36556.1,36556.1,36555.9,36555.9,0,0,0,0,246.118727861284
|||;36556.1,36556.1,36555.9,36555.9,0,0,0,0,251.118727861284
|||;36556.1,36556.1,36555.9,36555.9,0,0,0,0,256.118727861284
|||;36556.1,36556.1,36555.9,36555.9,0,0,0,0,261.118727861284
|||;36556.1,36556.1,36555.9,36555.9,0,0,0,0,266.118727861284
|||;36556.1,36556.1,36555.9,36555.9,0,0,0,0,271.118727861284
|||;36556.1,36556.1,36555.9,36555.9,0,0,0,0,276.118727861284
|||;36556.1,36556.1,36555.9,36555.9,0,0,0,0,281.118727861284
304vbxdc(2),|304vbxdc(2),||;36033.9,36033.9,36555.9,36555.9,3.410747716199,3.410747716199,0,0,286.118727861284
304vbxdc(3),|304vbxdc(3),||;36033.9,36033.9,36555.9,36555.9,0,0,0,0,291.118727861284
304vbxdc(3),|304vbxdc(3),||;36033.9,36033.9,36555.9,36555.9,0,0,0,0,296.118727861284
304vbxdc(3),|304vbxdc(3),||;36033.9,36033.9,36555.9,36555.9,0,0,0,0,301.118727861284
304vbxdc(3),|304vbxdc(3),||;36033.9,36033.9,36555.9,36555.9,0,0,0,0,306.118727861284
304vbxdc(3),|304vbxdc(3),||;36033.9,36033.9,36555.9,36555.9,0,0,0,0,311.118727861284
304vbxdc(3),|304vbxdc(3),||;36033.9,36033.9,36555.9,36555.9,0,0,0,0,316.118727861284
304vbxdc(3),|304vbxdc(3),||;36033.9,36033.9,36555.9,36555.9,0,0,0,0,321.118727861284
304vbxdc(3),|304vbxdc(3),||;36033.9,36033.9,36555.9,36555.9,0,0,0,0,326.118727861284
304vbxdc(3),|304vbxdc(3),||;36033.9,36033.9,36555.9,36555.9,0,0,0,0,331.118727861284
304vbxdc(3),|304vbxdc(3),||;36033.9,36033.9,36555.9,36555.9,0,0,0,0,336.118727861284
304vbxdc(3),|304vbxdc(3),||;36033.9,36033.9,36555.9,36555.9,0,0,0,0,341.118727861284
304vbxdc(3),|304vbxdc(3),||;36033.9,36033.9,36555.9,36555.9,0,0,0,0,346.118727861284
304vbxdc(3),|304vbxdc(3),||;36033.9,36033.9,36555.9,36555.9,0,0,0,0,351.118727861284
304vbxdc(3),|304vbxdc(3),||;36033.9,36033.9,36555.9,36555.9,0,0,0,0,356.118727861284
304vbxdc(3),|304vbxdc(3),||;36033.9,36033.9,36555.9,36555.9,0,0,0,0,361.118727861284
304vbxdc(3),|304vbxdc(3),||;36033.9,36033.9,36555.9,36555.9,0,0,0,0,366.118727861284
304vbxdc(3),|304vbxdc(3),||;36033.9,36033.9,36555.9,36555.9,0,0,0,0,371.118727861284
304vbxdc(3),|304vbxdc(3),||;36033.9,36033.9,36555.9,36555.9,0,0,0,0,376.118727861284
304vbxdc(3),|304vbxdc(3),||;36033.9,36033.9,36555.9,36555.9,0,0,0,0,381.118727861284
304vbxdc(3),|304vbxdc(3),||;36033.9,36033.9,36555.9,36555.9,0,0,0,0,386.118727861284
304vbxdc(3),|304vbxdc(3),||;36033.9,36033.9,36555.9,36555.9,0,0,0,0,391.118727861284
304vbxdc(3),|304vbxdc(3),||;36033.9,36033.9,36555.9,36555.9,0,0,0,0,396.118727861284
304vbxdc(3),|304vbxdc(3),||;36033.9,36033.9,36555.9,36555.9,0,0,0,0,401.118727861284
304vbxdc(3),|304vbxdc(3),||;36033.9,36033.9,36555.9,36555.9,0,0,0,0,406.118727861284
304vbxdc(3),|304vbxdc(3),||;36033.9,36033.9,36555.9,36555.9,0,0,0,0,411.118727861284
304vbxdc(3),|304vbxdc(3),||;36033.9,36033.9,36555.9,36555.9,0,0,0,0,416.118727861284
304vbxdc(3),|304vbxdc(3),||;36033.9,36033.9,36555.9,36555.9,0,0,0,0,421.118727861284
|||;36556.1,36556.1,36555.9,36555.9,0,0,0,0,426.118727861284
|||;36556.1,36556.1,36555.9,36555.9,0,0,0,0,431.118727861284
|||;36556.1,36556.1,36555.9,36555.9,0,0,0,0,436.118727861284
|||;36556.1,36556.1,36555.9,36555.9,0,0,0,0,441.118727861284
|||;36556.1,36556.1,36555.9,36555.9,0,0,0,0,446.118727861284
|||;36556.1,36556.1,36555.9,36555.9,0,0,0,0,451.118727861284
|||;36556.1,36556.1,36555.9,36555.9,0,0,0,0,456.118727861284
|||;36556.1,36556.1,36555.9,36555.9,0,0,0,0,461.118727861284
|||;36556.1,36556.1,36555.9,36555.9,0,0,0,0,466.118727861284
|||;36556.1,36556.1,36555.9,36555.9,0,0,0,0,471.118727861284
|||;36556.1,36556.1,36555.9,36555.9,0,0,0,0,476.118727861284
|||;36556.1,36556.1,36555.9,36555.9,0,0,0,0,481.118727861284
|||;36556.1,36556.1,36555.9,36555.9,0,0,0,0,486.118727861284
|||;36556.1,36556.1,36555.9,36555.9,0,0,0,0,491.118727861284
|||;36556.1,36556.1,36555.9,36555.9,0,0,0,0,496.118727861284
|||;36556.1,36556.1,36555.9,36555.9,0,0,0,0,501.118727861284
|||;36556.1,36556.1,36555.9,36555.9,0,0,0,0,506.118727861284
|||;36556.1,36556.1,36555.9,36555.9,0,0,0,0,511.118727861284
|||;36556.1,36556.1,36555.9,36555.9,0,0,0,0,516.118727861284
|||;36556.1,36556.1,36555.9,36555.9,0,0,0,0,521.118727861284
|||;36556.1,36556.1,36555.9,36555.9,0,0,0,0,526.118727861284
|||;36556.1,36556.1,36555.9,36555.9,0,0,0,0,531.118727861284
|||;36556.1,36556.1,36555.9,36555.9,0,0,0,0,536.118727861284
|||;36556.1,36556.1,36555.9,36555.9,0,0,0,0,541.118727861284
|||;36556.1,36556.1,36555.9,36555.9,0,0,0,0,546.118727861284
|||;36556.1,36556.1,36555.9,36555.9,0,0,0,0,551.118727861284
|||;36556.1,36556.1,36555.9,36555.9,0,0,0,0,556.118727861284
|||;36556.1,36556.1,36555.9,36555.9,0,0,0,0,561.118727861284
|||;36556.1,36556.1,36555.9,36555.9,0,0,0,0,566.118727861284
|||;36556.1,36556.1,36555.9,36555.9,0,0,0,0,571.118727861284
|||;36556.1,36556.1,36555.9,36555.9,0,0,0,0,576.118727861284
|||;36556.1,36556.1,36555.9,36555.9,0,0,0,0,581.118727861284
|||;36556.1,36556.1,36555.9,36555.9,0,0,0,0,586.118727861284
|||;36556.1,36556.1,36555.9,36555.9,0,0,0,0,591.118727861284
|||;36556.1,36556.1,36555.9,36555.9,0,0,0,0,596.118727861284
|||;36556.1,36556.1,36555.9,36555.9,0,0,0,0,601.118727861284
|||;36556.1,36556.1,36555.9,36555.9,0,0,0,0,606.118727861284
|||;36556.1,36556.1,36555.9,36555.9,0,0,0,0,611.118727861284
|||;36556.1,36556.1,36555.9,36555.9,0,0,0,0,616.118727861284
|||;36556.1,36556.1,36555.9,36555.9,0,0,0,0,621.118727861284
|||;36556.1,36556.1,36555.9,36555.9,0,0,0,0,626.118727861284
|||;36556.1,36556.1,36555.9,36555.9,0,0,0,0,631.118727861284
|||;36556.1,36556.1,36555.9,36555.9,0,0,0,0,636.118727861284
|||;36556.1,36556.1,36555.9,36555.9,0,0,0,0,641.118727861284
|||;36556.1,36556.1,36555.9,36555.9,0,0,0,0,646.118727861284
|||;36556.1,36556.1,36555.9,36555.9,0,0,0,0,651.118727861284
|||;36556.1,36556.1,36555.9,36555.9,0,0,0,0,656.118727861284
|||;36556.1,36556.1,36555.9,36555.9,0,0,0,0,661.118727861284
|||;36556.1,36556.1,36555.9,36555.9,0,0,0,0,666.118727861284
|||;36556.1,36556.1,36555.9,36555.9,0,0,0,0,671.118727861284
|||;36556.1,36556.1,36555.9,36555.9,0,0,0,0,676.118727861284
|||;36556.1,36556.1,36555.9,36555.9,0,0,0,0,681.118727861284
|||;36556.1,36556.1,36555.9,36555.9,0,0,0,0,686.118727861284
|||;36556.1,36556.1,36555.9,36555.9,0,0,0,0,691.118727861284
|||;36556.1,36556.1,36555.9,36555.9,0,0,0,0,696.118727861284
|||;36556.1,36556.1,36555.9,36555.9,0,0,0,0,701.118727861284
|||;36556.1,36556.1,36555.9,36555.9,0,0,0,0,706.118727861284
|||;36556.1,36556.1,36555.9,36555.9,0,0,0,0,711.118727861284
|||;36556.1,36556.1,36555.9,36555.9,0,0,0,0,716.118727861284
|||;36556.1,36556.1,36555.9,36555.9,0,0,0,0,721.118727861284
|||;36556.1,36556.1,36555.9,36555.9,0,0,0,0,726.118727861284
|||;36556.1,36556.1,36555.9,36555.9,0,0,0,0,731.118727861284
|||;36556.1,36556.1,36555.9,36555.9,0,0,0,0,736.118727861284
|||;36556.1,36556.1,36555.9,36555.9,0,0,0,0,741.118727861284
|||;36556.1,36556.1,36555.9,36555.9,0,0,0,0,746.118727861284
|||;36556.1,36556.1,36555.9,36555.9,0,0,0,0,751.118727861284
|||;36556.1,36556.1,36555.9,36555.9,0,0,0,0,756.118727861284
|||;36556.1,36556.1,36555.9,36555.9,0,0,0,0,761.118727861284
|||;36556.1,36556.1,36555.9,36555.9,0,0,0,0,766.118727861284
|||;36556.1,36556.1,36555.9,36555.9,0,0,0,0,771.118727861284
|||;36556.1,36556.1,36555.9,36555.9,0,0,0,0,776.118727861284
|||;36556.1,36556.1,36555.9,36555.9,0,0,0,0,781.118727861284
|||;36556.1,36556.1,36555.9,36555.9,0,0,0,0,786.118727861284
|||;36556.1,36556.1,36555.9,36555.9,0,0,0,0,791.118727861284
|||;36556.1,36556.1,36555.9,36555.9,0,0,0,0,796.118727861284
|||;36556.1,36556.1,36555.9,36555.9,0,0,0,0,801.118727861284
|||;36556.1,36556.1,36555.9,36555.9,0,0,0,0,806.118727861284
|||;36556.1,36556.1,36555.9,36555.9,0,0,0,0,811.118727861284
|||;36556.1,36556.1,36555.9,36555.9,0,0,0,0,816.118727861284
|||;36556.1,36556.1,36555.9,36555.9,0,0,0,0,821.118727861284
|||;36556.1,36556.1,36555.9,36555.9,0,0,0,0,826.118727861284
|||;36556.1,36556.1,36555.9,36555.9,0,0,0,0,831.118727861284
|||;36556.1,36556.1,36555.9,36555.9,0,0,0,0,836.118727861284
|||;36556.1,36556.1,36555.9,36555.9,0,0,0,0,841.118727861284
|||;36556.1,36556.1,36555.9,36555.9,0,0,0,0,846.118727861284
|||;36556.1,36556.1,36555.9,36555.9,0,0,0,0,851.118727861284
|||;36556.1,36556.1,36555.9,36555.9,0,0,0,0,856.118727861284
|||;36556.1,36556.1,36555.9,36555.9,0,0,0,0,861.118727861284
|||;36556.1,36556.1,36555.9,36555.9,0,0,0,0,866.118727861284
|||;36556.1,36556.1,36555.9,36555.9,0,0,0,0,871.118727861284
|||;36556.1,36556.1,36555.9,36555.9,0,0,0,0,876.118727861284
|||;36556.1,36556.1,36555.9,36555.9,0,0,0,0,881.118727861284
|||;36556.1,36556.1,36555.9,36555.9,0,0,0,0,886.118727861284
|||;36556.1,36556.1,36555.9,36555.9,0,0,0,0,891.118727861284
|||;36556.1,36556.1,36555.9,36555.9,0,0,0,0,896.118727861284
|||;36556.1,36556.1,36555.9,36555.9,0,0,0,0,901.118727861284
|||;36556.1,36556.1,36555.9,36555.9,0,0,0,0,906.118727861284
|||;36556.1,36556.1,36555.9,36555.9,0,0,0,0,911.118727861284
|||;36556.1,36556.1,36555.9,36555.9,0,0,0,0,916.118727861284
|||;36556.1,36556.1,36555.9,36555.9,0,0,0,0,921.118727861284
|||;36556.1,36556.1,36555.9,36555.9,0,0,0,0,926.118727861284
|||;36556.1,36556.1,36555.9,36555.9,0,0,0,0,931.118727861284
|||;36556.1,36556.1,36555.9,36555.9,0,0,0,0,936.118727861284
|||;36556.1,36556.1,36555.9,36555.9,0,0,0,0,941.118727861284
|||;36556.1,36556.1,36555.9,36555.9,0,0,0,0,946.118727861284
|||;36556.1,36556.1,36555.9,36555.9,0,0,0,0,951.118727861284
|||;36556.1,36556.1,36555.9,36555.9,0,0,0,0,956.118727861284
|||;36556.1,36556.1,36555.9,36555.9,0,0,0,0,961.118727861284
|||;36556.1,36556.1,36555.9,36555.9,0,0,0,0,966.118727861284
|||;36556.1,36556.1,36555.9,36555.9,0,0,0,0,971.118727861284
|||;36556.1,36556.1,36555.9,36555.9,0,0,0,0,976.118727861284
|||;36556.1,36556.1,36555.9,36555.9,0,0,0,0,981.118727861284
|||;36556.1,36556.1,36555.9,36555.9,0,0,0,0,986.118727861284
|||;36556.1,36556.1,36555.9,36555.9,0,0,0,0,991.118727861284
|||;36556.1,36556.1,36555.9,36555.9,0,0,0,0,996.118727861284
|||;36556.1,36556.1,36555.9,36555.9,0,0,0,0,1001.118727861284
|||;36556.1,36556.1,36555.9,36555.9,0,0,0,0,1006.118727861284
|||;36556.1,36556.1,36555.9,36555.9,0,0,0,0,1011.118727861284
|||;36556.1,36556.1,36555.9,36555.9,0,0,0,0,1016.118727861284
|||;36556.1,36556.1,36555.9,36555.9,0,0,0,0,1021.118727861284
|||;36556.1,36556.1,36555.9,36555.9,0,0,0,0,1026.118727861284
|||;36556.1,36556.1,36555.9,36555.9,0,0,0,0,1031.118727861284
|||;36556.1,36556.1,36555.9,36555.9,0,0,0,0,1036.118727861284
|||;36556.1,36556.1,36555.9,36555.9,0,0,0,0,1041.118727861284
|||;36556.1,36556.1,36555.9,36555.9,0,0,0,0,1046.118727861284
|||;36556.1,36556.1,36555.9,36555.9,0,0,0,0,1051.118727861284
|||;36556.1,36556.1,36555.9,36555.9,0,0,0,0,1056.118727861284
|||;36556.1,36556.1,36555.9,36555.9,0,0,0,0,1061.118727861284
|||;36556.1,36556.1,36555.9,36555.9,0,0,0,0,1066.118727861284
|||;36556.1,36556.1,36555.9,36555.9,0,0,0,0,1071.118727861284
|||;36556.1,36556.1,36555.9,36555.9,0,0,0,0,1076.118727861284
|||;36556.1,36556.1,36555.9,36555.9,0,0,0,0,1081.118727861284
|||;36556.1,36556.1,36555.9,36555.9,0,0,0,0,1086.118727861284
|||;36556.1,36556.1,36555.9,36555.9,0,0,0,0,1091.118727861284
|||;36556.1,36556.1,36555.9,36555.9,0,0,0,0,1096.118727861284
|||;36556.1,36556.1,36555.9,36555.9,0,0,0,0,1101.118727861284
|||;36556.1,36556.1,36555.9,36555.9,0,0,0,0,1106.118727861284
|||;36556.1,36556.1,36555.9,36555.9,0,0,0,0,1111.118727861284
|||;36556.1,36556.1,36555.9,36555.9,0,0,0,0,1116.118727861284
|||;36556.1,36556.1,36555.9,36555.9,0,0,0,0,1121.118727861284
|||;36556.1,36556.1,36555.9,36555.9,0,0,0,0,1126.118727861284
|||;36556.1,36556.1,36555.9,36555.9,0,0,0,0,1131.118727861284
|||;36556.1,36556.1,36555.9,36555.9,0,0,0,0,1136.118727861284
|||;36556.1,36556.1,36555.9,36555.9,0,0,0,0,1141.118727861284
|||;36556.1,36556.1,36555.9,36555.9,0,0,0,0,1146.118727861284
|||;36556.1,36556.1,36555.9,36555.9,0,0,0,0,1151.118727861284
|||;36556.1,36556.1,36555.9,36555.9,0,0,0,0,1156.118727861284
|||;36556.1,36556.1,36555.9,36555.9,0,0,0,0,1161.118727861284
|||;36556.1,36556.1,36555.9,36555.9,0,0,0,0,1166.118727861284
|||;36556.1,36556.1,36555.9,36555.9,0,0,0,0,1171.118727861284
|||;36556.1,36556.1,36555.9,36555.9,0,0,0,0,1176.118727861284
|||;36556.1,36556.1,36555.9,36555.9,0,0,0,0,1181.118727861284
|||;36556.1,36556.1,36555.9,36555.9,0,0,0,0,1186.118727861284
|||;36556.1,36556.1,36555.9,36555.9,0,0,0,0,1191.118727861284
|||;36556.1,36556.1,36555.9,36555.9,0,0,0,0,1196.118727861284
|||;36556.1,36556.1,36555.9,36555.9,0,0,0,0,1201.118727861284
|||;36556.1,36556.1,36555.9,36555.9,0,0,0,0,1206.118727861284
|||;36556.1,36556.1,36555.9,36555.9,0,0,0,0,1211.118727861284
|||;36556.1,36556.1,36555.9,36555.9,0,0,0,0,1216.118727861284
|||;36556.1,36556.1,36555.9,36555.9,0,0,0,0,1221.118727861284
|||;36556.1,36556.1,36555.9,36555.9,0,0,0,0,1226.118727861284
|||;36556.1,36556.1,36555.9,36555.9,0,0,0,0,1231.118727861284
|||;36556.1,36556.1,36555.9,36555.9,0,0,0,0,1236.118727861284
|||;36556.1,36556.1,36555.9,36555.9,0,0,0,0,1241.118727861284
|||;36556.1,36556.1,36555.9,36555.9,0,0,0,0,1246.118727861284
|||;36556.1,36556.1,36555.9,36555.9,0,0,0,0,1251.118727861284
|||;36556.1,36556.1,36555.9,36555.9,0,0,0,0,1256.118727861284
|||;36556.1,36556.1,36555.9,36555.9,0,0,0,0,1261.118727861284
|||;36556.1,36556.1,36555.9,36555.9,0,0,0,0,1266.118727861284
|||;36556.1,36556.1,36555.9,36555.9,0,0,0,0,1271.118727861284
|||;36556.1,36556.1,36555.9,36555.9,0,0,0,0,1276.118727861284
|||;36556.1,36556.1,36555.9,36555.9,0,0,0,0,1281.118727861284
|||;36556.1,36556.1,36555.9,36555.9,0,0,0,0,1286.118727861284
|||;36556.1,36556.1,36555.9,36555.9,0,0,0,0,1291.118727861284
|||;36556.1,36556.1,36555.9,36555.9,0,0,0,0,1296.118727861284
|||;36556.1,36556.1,36555.9,36555.9,0,0,0,0,1301.118727861284
|||;36556.1,36556.1,36555.9,36555.9,0,0,0,0,1306.118727861284
|||;36556.1,36556.1,36555.9,36555.9,0,0,0,0,1311.118727861284
|||;36556.1,36556.1,36555.9,36555.9,0,0,0,0,1316.118727861284
|||;36556.1,36556.1,36555.9,36555.9,0,0,0,0,1321.118727861284
|||;36556.1,36556.1,36555.9,36555.9,0,0,0,0,1326.118727861284
|||;36556.1,36556.1,36555.9,36555.9,0,0,0,0,1331.118727861284
|||;36556.1,36556.1,36555.9,36555.9,0,0,0,0,1336.118727861284
|||;36556.1,36556.1,36555.9,36555.9,0,0,0,0,1341.118727861284
|||;36556.1,36556.1,36555.9,36555.9,0,0,0,0,1346.118727861284
|||;36556.1,36556.1,36555.9,36555.9,0,0,0,0,1351.118727861284
|||;36556.1,36556.1,36555.9,36555.9,0,0,0,0,1356.118727861284
|||;36556.1,36556.1,36555.9,36555.9,0,0,0,0,1361.118727861284
|||;36556.1,36556.1,36555.9,36555.9,0,0,0,0,1366.118727861284
|||;36556.1,36556.1,36555.9,36555.9,0,0,0,0,1371.118727861284
|||;36556.1,36556.1,36555.9,36555.9,0,0,0,0,1376.118727861284
|||;36556.1,36556.1,36555.9,36555.9,0,0,0,0,1381.118727861284
|||;36556.1,36556.1,36555.9,36555.9,0,0,0,0,1386.118727861284
|||;36556.1,36556.1,36555.9,36555.9,0,0,0,0,1391.118727861284
|||;36556.1,36556.1,36555.9,36555.9,0,0,0,0,1396.118727861284
|||;36556.1,36556.1,36555.9,36555.9,0,0,0,0,1401.118727861284
|||;36556.1,36556.1,36555.9,36555.9,0,0,0,0,1406.118727861284
|||;36556.1,36556.1,36555.9,36555.9,0,0,0,0,1411.118727861284
|||;36556.1,36556.1,36555.9,36555.9,0,0,0,0,1416.118727861284
|||;36556.1,36556.1,36555.9,36555.9,0,0,0,0,1421.118727861284
|||;36556.1,36556.1,36555.9,36555.9,0,0,0,0,1426.118727861284
|||;36556.1,36556.1,36555.9,36555.9,0,0,0,0,1431.118727861284
|||;36556.1,36556.1,36555.9,36555.9,0,0,0,0,1436.118727861284
|||;36556.1,36556.1,36555.9,36555.9,0,0,0,0,1441.118727861284
|||;36556.1,36556.1,36555.9,36555.9,0,0,0,0,1446.118727861284
|||;36556.1,36556.1,36555.9,36555.9,0,0,0,0,1451.118727861284
|||;36556.1,36556.1,36555.9,36555.9,0,0,0,0,1456.118727861284
|||;36556.1,36556.1,36555.9,36555.9,0,0,0,0,1461.118727861284
|||;36556.1,36556.1,36555.9,36555.9,0,0,0,0,1466.118727861284
|||;36556.1,36556.1,36555.9,36555.9,0,0,0,0,1471.118727861284
|||;36556.1,36556.1,36555.9,36555.9,0,0,0,0,1476.118727861284
|||;36556.1,36556.1,36555.9,36555.9,0,0,0,0,1481.118727861284
|||;36556.1,36556.1,36555.9,36555.9,0,0,0,0,1486.118727861284
|||;36556.1,36556.1,36555.9,36555.9,0,0,0,0,1491.118727861284
|||;36556.1,36556.1,36555.9,36555.9,0,0,0,0,1496.118727861284
|||;36556.1,36556.1,36555.9,36555.9,0,0,0,0,1501.118727861284
|||;36556.1,36556.1,36555.9,36555.9,0,0,0,0,1506.118727861284
|||;36556.1,36556.1,36555.9,36555.9,0,0,0,0,1511.118727861284
|||;36556.1,36556.1,36555.9,36555.9,0,0,0,0,1516.118727861284
|||;36556.1,36556.1,36555.9,36555.9,0,0,0,0,1521.118727861284
|||;36556.1,36556.1,36555.9,36555.9,0,0,0,0,1526.118727861284
|||;36556.1,36556.1,36555.9,36555.9,0,0,0,0,1531.118727861284
|||;36556.1,36556.1,36555.9,36555.9,0,0,0,0,1536.118727861284
|||;36556.1,36556.1,36555.9,36555.9,0,0,0,0,1541.118727861284
|||;36556.1,36556.1,36555.9,36555.9,0,0,0,0,1546.118727861284
|||;36556.1,36556.1,36555.9,36555.9,0,0,0,0,1551.118727861284
|||;36556.1,36556.1,36555.9,36555.9,0,0,0,0,1556.118727861284
|||;36556.1,36556.1,36555.9,36555.9,0,0,0,0,1561.118727861284
|||;36556.1,36556.1,36555.9,36555.9,0,0,0,0,1566.118727861284
|||;36556.1,36556.1,36555.9,36555.9,0,0,0,0,1571.118727861284
|||;36556.1,36556.1,36555.9,36555.9,0,0,0,0,1576.118727861284
|||;36556.1,36556.1,36555.9,36555.9,0,0,0,0,1581.118727861284
|||;36556.1,36556.1,36555.9,36555.9,0,0,0,0,1586.118727861284
|||;36556.1,36556.1,36555.9,36555.9,0,0,0,0,1591.118727861284
|||;36556.1,36556.1,36555.9,36555.9,0,0,0,0,1596.118727861284
|||;36556.1,36556.1,36555.9,36555.9,0,0,0,0,1601.118727861284
|||;36556.1,36556.1,36555.9,36555.9,0,0,0,0,1606.118727861284
|||;36556.1,36556.1,36555.9,36555.9,0,0,0,0,1611.118727861284
|||;36556.1,36556.1,36555.9,36555.9,0,0,0,0,1616.118727861284
|||;36556.1,36556.1,36555.9,36555.9,0,0,0,0,1621.118727861284
|||;36556.1,36556.1,36555.9,36555.9,0,0,0,0,1626.118727861284
|||;36556.1,36556.1,36555.9,36555.9,0,0,0,0,1631.118727861284
|||;36556.1,36556.1,36555.9,36555.9,0,0,0,0,1636.118727861284
|||;36556.1,36556.1,36555.9,36555.9,0,0,0,0,1641.118727861284
|||;36556.1,36556.1,36555.9,36555.9,0,0,0,0,1646.118727861284
|||;36556.1,36556.1,36555.9,36555.9,0,0,0,0,1651.118727861284
|||;36556.1,36556.1,36555.9,36555.9,0,0,0,0,1656.118727861284
|||;36556.1,36556.1,36555.9,36555.9,0,0,0,0,1661.118727861284
|||;36556.1,36556.1,36555.9,36555.9,0,0,0,0,1666.118727861284
|||;36556.1,36556.1,36555.9,36555.9,0,0,0,0,1671.118727861284
|||;36556.1,36556.1,36555.9,36555.9,0,0,0,0,1676.118727861284
|||;36556.1,36556.1,36555.9,36555.9,0,0,0,0,1681.118727861284
|||;36556.1,36556.1,36555.9,36555.9,0,0,0,0,1686.118727861284
|||;36556.1,36556.1,36555.9,36555.9,0,0,0,0,1691.118727861284
|||;36556.1,36556.1,36555.9,36555.9,0,0,0,0,1696.118727861284
|||;36556.1,36556.1,36555.9,36555.9,0,0,0,0,1701.118727861284
|||;36556.1,36556.1,36555.9,36555.9,0,0,0,0,1706.118727861284
|||;36556.1,36556.1,36555.9,36555.9,0,0,0,0,1711.118727861284
|||;36556.1,36556.1,36555.9,36555.9,0,0,0,0,1716.118727861284
|||;36556.1,36556.1,36555.9,36555.9,0,0,0,0,1721.118727861284
|||;36556.1,36556.1,36555.9,36555.9,0,0,0,0,1726.118727861284
|||;36556.1,36556.1,36555.9,36555.9,0,0,0,0,1731.118727861284
|||;36556.1,36556.1,36555.9,36555.9,0,0,0,0,1736.118727861284
|||;36556.1,36556.1,36555.9,36555.9,0,0,0,0,1741.118727861284
|||;36556.1,36556.1,36555.9,36555.9,0,0,0,0,1746.118727861284
|||;36556.1,36556.1,36555.9,36555.9,0,0,0,0,1751.118727861284
|||;36556.1,36556.1,36555.9,36555.9,0,0,0,0,1756.118727861284
|||;36556.1,36556.1,36555.9,36555.9,0,0,0,0,1761.118727861284
|||;36556.1,36556.1,36555.9,36555.9,0,0,0,0,1766.118727861284
|||;36556.1,36556.1,36555.9,36555.9,0,0,0,0,1771.118727861284
|||;36556.1,36556.1,36555.9,36555.9,0,0,0,0,1776.118727861284
|||;36556.1,36556.1,36555.9,36555.9,0,0,0,0,1781.118727861284
|||;36556.1,36556.1,36555.9,36555.9,0,0,0,0,1786.118727861284
|||;36556.1,36556.1,36555.9,36555.9,0,0,0,0,1791.118727861284
|||;36556.1,36556.1,36555.9,36555.9,0,0,0,0,1796.118727861284
|||;36556.1,36556.1,36555.9,36555.9,0,0,0,0,1801.118727861284
|||;36556.1,36556.1,36555.9,36555.9,0,0,0,0,1806.118727861284
|||;36556.1,36556.1,36555.9,36555.9,0,0,0,0,1811.118727861284
|||;36556.1,36556.1,36555.9,36555.9,0,0,0,0,1816.118727861284
|||;36556.1,36556.1,36555.9,36555.9,0,0,0,0,1821.118727861284
|||;36556.1,36556.1,36555.9,36555.9,0,0,0,0,1826.118727861284
|||;36556.1,36556.1,36555.9,36555.9,0,0,0,0,1831.118727861284
|||;36556.1,36556.1,36555.9,36555.9,0,0,0,0,1836.118727861284
|||;36556.1,36556.1,36555.9,36555.9,0,0,0,0,1841.118727861284
|||;36556.1,36556.1,36555.9,36555.9,0,0,0,0,1846.118727861284
|||;36556.1,36556.1,36555.9,36555.9,0,0,0,0,1851.118727861284
|||;36556.1,36556.1,36555.9,36555.9,0,0,0,0,1856.118727861284
|||;36556.1,36556.1,36555.9,36555.9,0,0,0,0,1861.118727861284
|||;36556.1,36556.1,36555.9,36555.9,0,0,0,0,1866.118727861284
|||;36556.1,36556.1,36555.9,36555.9,0,0,0,0,1871.118727861284
|||;36556.1,36556.1,36555.9,36555.9,0,0,0,0,1876.118727861284
|||;36556.1,36556.1,36555.9,36555.9,0,0,0,0,1881.118727861284
|||;36556.1,36556.1,36555.9,36555.9,0,0,0,0,1886.118727861284
|||;36556.1,36556.1,36555.9,36555.9,0,0,0,0,1891.118727861284
|||;36556.1,36556.1,36555.9,36555.9,0,0,0,0,1896.118727861284
|||;36556.1,36556.1,36555.9,36555.9,0,0,0,0,1901.118727861284
|||;36556.1,36556.1,36555.9,36555.9,0,0,0,0,1906.118727861284
|||;36556.1,36556.1,36555.9,36555.9,0,0,0,0,1911.118727861284
|||;36556.1,36556.1,36555.9,36555.9,0,0,0,0,1916.118727861284
|||;36556.1,36556.1,36555.9,36555.9,0,0,0,0,1921.118727861284
|||;36556.1,36556.1,36555.9,36555.9,0,0,0,0,1926.118727861284
|||;36556.1,36556.1,36555.9,36555.9,0,0,0,0,1931.118727861284
|||;36556.1,36556.1,36555.9,36555.9,0,0,0,0,1936.118727861284
|||;36556.1,36556.1,36555.9,36555.9,0,0,0,0,1941.118727861284
|||;36556.1,36556.1,36555.9,36555.9,0,0,0,0,1946.118727861284
|||;36556.1,36556.1,36555.9,36555.9,0,0,0,0,1951.118727861284
|||;36556.1,36556.1,36555.9,36555.9,0,0,0,0,1956.118727861284
|||;36556.1,36556.1,36555.9,36555.9,0,0,0,0,1961.118727861284
|||;36556.1,36556.1,36555.9,36555.9,0,0,0,0,1966.118727861284
|||;36556.1,36556.1,36555.9,36555.9,0,0,0,0,1971.118727861284
|||;36556.1,36556.1,36555.9,36555.9,0,0,0,0,1976.118727861284
|||;36556.1,36556.1,36555.9,36555.9,0,0,0,0,1981.118727861284
|||;36556.1,36556.1,36555.9,36555.9,0,0,0,0,1986.118727861284
|||;36556.1,36556.1,36555.9,36555.9,0,0,0,0,1991.118727861284
|||;36556.1,36556.1,36555.9,36555.9,0,0,0,0,1996.118727861284
