,76595.2,0.00.00.00.0,0.057263096552
,145408,0.00.00.00.0,0.057263096552
,145408,0.00.00.00.0,5.057263096552
,145408,0.00.00.00.0,10.057263096552
,145408,0.00.00.00.0,15.057263096552
,145408,0.00.00.00.0,20.057263096552
,145408,0.00.00.00.0,25.057263096552
,145408,0.00.00.00.0,30.057263096552
,97075.2,0.00.00.00.0,0.057263096552
,97075.2,0.00.00.00.0,5.057263096552
,109363,0.00.00.00.0,0.057263096552
,96256,0.00.00.00.0,1.057263096552
,113459,0.00.00.00.0,1.057263096552
,129843,0.00.00.00.0,1.057263096552
,129843,0.00.00.00.0,6.057263096552
,148685,0.00.00.00.0,1.057263096552
,148685,0.00.00.00.0,6.057263096552
,148685,0.00.00.00.0,11.057263096552
,148685,0.00.00.00.0,16.057263096552
,148685,0.00.00.00.0,21.057263096552
,148685,0.00.00.00.0,26.057263096552
88064,0,0,0,0,1.05726309655288064,0,0,0,0,6.05726309655288064,0,0,0,0,11.057263096552;98713.6,0,0,0,0,1.057263096552
;98713.6,0,0,0,0,6.057263096552
;98713.6,0,0,0,0,11.057263096552
;98713.6,0,0,0,0,16.057263096552
;98713.6,0,0,0,0,21.057263096552
;98713.6,0,0,0,0,26.057263096552
;98713.6,0,0,0,0,31.057263096552
;98713.6,0,0,0,0,36.057263096552
;98713.6,0,0,0,0,41.057263096552
;98713.6,0,0,0,0,46.057263096552
;98713.6,0,0,0,0,51.057263096552
;98713.6,0,0,0,0,56.057263096552
;98713.6,0,0,0,0,61.057263096552
;98713.6,0,0,0,0,66.057263096552
;98713.6,0,0,0,0,71.057263096552
;98713.6,0,0,0,0,76.057263096552
;98713.6,0,0,0,0,81.057263096552
;98713.6,0,0,0,0,86.057263096552
;98713.6,0,0,0,0,91.057263096552
;98713.6,0,0,0,0,96.057263096552
;98713.6,0,0,0,0,101.057263096552
;98713.6,0,0,0,0,106.057263096552
;98713.6,0,0,0,0,111.057263096552
;98713.6,0,0,0,0,116.057263096552
;98713.6,0,0,0,0,121.057263096552
;98713.6,0,0,0,0,126.057263096552
;98713.6,0,0,0,0,131.057263096552
;98713.6,0,0,0,0,136.057263096552
;98713.6,0,0,0,0,141.057263096552
;98713.6,0,0,0,0,146.057263096552
;98713.6,0,0,0,0,151.057263096552
;97894.4,0,0,0,0,1.057263096552
;97894.4,0,0,0,0,6.057263096552
;97894.4,0,0,0,0,11.057263096552
;97894.4,0,0,0,0,16.057263096552
;97894.4,0,0,0,0,21.057263096552
;97894.4,0,0,0,0,26.057263096552
;97894.4,0,0,0,0,31.057263096552
;97894.4,0,0,0,0,36.057263096552
;97894.4,0,0,0,0,41.057263096552
;97894.4,0,0,0,0,46.057263096552
;97894.4,0,0,0,0,51.057263096552
;97894.4,0,0,0,0,56.057263096552
;97894.4,0,0,0,0,61.057263096552
;97894.4,0,0,0,0,66.057263096552
;97894.4,0,0,0,0,71.057263096552
;97894.4,0,0,0,0,76.057263096552
;97894.4,0,0,0,0,81.057263096552
;97894.4,0,0,0,0,86.057263096552
;97894.4,0,0,0,0,91.057263096552
;97894.4,0,0,0,0,96.057263096552
;97894.4,0,0,0,0,101.057263096552
;99532.8,0,0,0,0,1.057263096552
;108544,0,0,0,0,1.057263096552
;88064,0,0,0,0,1.057263096552
;101990,0,0,0,0,1.175302307599
;101990,0,0,0,0,6.175302307599
;79052.8,0,0,0,0,1.175302307599
test1mdlwq,test1mdlwq,test1mdlwq,test1mdlwq,;76574.7,1.716559167916,1.716889167916,1.717193167916,1.717510167916,6.175302307599
;76574.7,0,0,0,0,11.175302307599
;76574.7,0,0,0,0,16.175302307599
;76574.7,0,0,0,0,21.175302307599
;76574.7,0,0,0,0,26.175302307599
;76574.7,0,0,0,0,31.175302307599
;76574.7,0,0,0,0,36.175302307599
;76574.7,0,0,0,0,41.175302307599
;76574.7,0,0,0,0,46.175302307599
;76574.7,0,0,0,0,51.175302307599
;76574.7,0,0,0,0,56.175302307599
;76574.7,0,0,0,0,61.175302307599
;76574.7,0,0,0,0,66.175302307599
;76574.7,0,0,0,0,71.175302307599
;76574.7,0,0,0,0,76.175302307599
;76574.7,0,0,0,0,81.175302307599
;76574.7,0,0,0,0,86.175302307599
;76574.7,0,0,0,0,91.175302307599
;76574.7,0,0,0,0,96.175302307599
;76574.7,0,0,0,0,101.175302307599
;76574.7,0,0,0,0,106.175302307599
;76574.7,0,0,0,0,111.175302307599
;76574.7,0,0,0,0,116.175302307599
;76574.7,0,0,0,0,121.175302307599
;76574.7,0,0,0,0,126.175302307599
;76574.7,0,0,0,0,131.175302307599
;76574.7,0,0,0,0,136.175302307599
;79052.8,0,0,0,0,141.175302307599
;79052.8,0,0,0,0,146.175302307599
;79052.8,0,0,0,0,151.175302307599
;79052.8,0,0,0,0,156.175302307599
;79052.8,0,0,0,0,161.175302307599
;79052.8,0,0,0,0,166.175302307599
;79052.8,0,0,0,0,171.175302307599
;79052.8,0,0,0,0,176.175302307599
;79052.8,0,0,0,0,181.175302307599
;79052.8,0,0,0,0,186.175302307599
;79052.8,0,0,0,0,191.175302307599
;79052.8,0,0,0,0,196.175302307599
;79052.8,0,0,0,0,201.175302307599
;79052.8,0,0,0,0,206.175302307599
;79052.8,0,0,0,0,211.175302307599
;79052.8,0,0,0,0,216.175302307599
;79052.8,0,0,0,0,221.175302307599
;79052.8,0,0,0,0,226.175302307599
;79052.8,0,0,0,0,231.175302307599
;79052.8,0,0,0,0,236.175302307599
;79052.8,0,0,0,0,241.175302307599
;79052.8,0,0,0,0,246.175302307599
;79052.8,0,0,0,0,251.175302307599
;79052.8,0,0,0,0,256.175302307599
;79052.8,0,0,0,0,261.175302307599
;79052.8,0,0,0,0,266.175302307599
;79052.8,0,0,0,0,271.175302307599
;79052.8,0,0,0,0,276.175302307599
;79052.8,0,0,0,0,281.175302307599
;79052.8,0,0,0,0,286.175302307599
;79052.8,0,0,0,0,291.175302307599
;79052.8,0,0,0,0,296.175302307599
;79052.8,0,0,0,0,301.175302307599
;79052.8,0,0,0,0,306.175302307599
;79052.8,0,0,0,0,311.175302307599
;79052.8,0,0,0,0,316.175302307599
;79052.8,0,0,0,0,321.175302307599
;79052.8,0,0,0,0,326.175302307599
;79052.8,0,0,0,0,331.175302307599
;79052.8,0,0,0,0,336.175302307599
;79052.8,0,0,0,0,341.175302307599
;79052.8,0,0,0,0,346.175302307599
;79052.8,0,0,0,0,351.175302307599
;79052.8,0,0,0,0,356.175302307599
;79052.8,0,0,0,0,361.175302307599
;79052.8,0,0,0,0,366.175302307599
;79052.8,0,0,0,0,371.175302307599
;79052.8,0,0,0,0,376.175302307599
;79052.8,0,0,0,0,381.175302307599
;79052.8,0,0,0,0,386.175302307599
;79052.8,0,0,0,0,391.175302307599
;79052.8,0,0,0,0,396.175302307599
;79052.8,0,0,0,0,401.175302307599
;79052.8,0,0,0,0,406.175302307599
;79052.8,0,0,0,0,411.175302307599
;79052.8,0,0,0,0,416.175302307599
;79052.8,0,0,0,0,421.175302307599
;79052.8,0,0,0,0,426.175302307599
;79052.8,0,0,0,0,431.175302307599
;79052.8,0,0,0,0,436.175302307599
;79052.8,0,0,0,0,441.175302307599
;79052.8,0,0,0,0,446.175302307599
;79052.8,0,0,0,0,451.175302307599
;79052.8,0,0,0,0,456.175302307599
;79052.8,0,0,0,0,461.175302307599
;79052.8,0,0,0,0,466.175302307599
;79052.8,0,0,0,0,471.175302307599
;79052.8,0,0,0,0,476.175302307599
;79052.8,0,0,0,0,481.175302307599
;79052.8,0,0,0,0,486.175302307599
;79052.8,0,0,0,0,491.175302307599
;79052.8,0,0,0,0,496.175302307599
;79052.8,0,0,0,0,501.175302307599
;79052.8,0,0,0,0,506.175302307599
;79052.8,0,0,0,0,511.175302307599
;79052.8,0,0,0,0,516.175302307599
;79052.8,0,0,0,0,521.175302307599
;79052.8,0,0,0,0,526.175302307599
;79052.8,0,0,0,0,531.175302307599
;79052.8,0,0,0,0,536.175302307599
;79052.8,0,0,0,0,541.175302307599
;79052.8,0,0,0,0,546.175302307599
;79052.8,0,0,0,0,551.175302307599
;79052.8,0,0,0,0,556.175302307599
;79052.8,0,0,0,0,561.175302307599
;79052.8,0,0,0,0,566.175302307599
;79052.8,0,0,0,0,571.175302307599
;79052.8,0,0,0,0,576.175302307599
;79052.8,0,0,0,0,581.175302307599
;79052.8,0,0,0,0,586.175302307599
;79052.8,0,0,0,0,591.175302307599
;79052.8,0,0,0,0,596.175302307599
;79052.8,0,0,0,0,601.175302307599
;79052.8,0,0,0,0,606.175302307599
;79052.8,0,0,0,0,611.175302307599
;79052.8,0,0,0,0,616.175302307599
;79052.8,0,0,0,0,621.175302307599
;79052.8,0,0,0,0,626.175302307599
;79052.8,0,0,0,0,631.175302307599
;79052.8,0,0,0,0,636.175302307599
;79052.8,0,0,0,0,641.175302307599
;79052.8,0,0,0,0,646.175302307599
;79052.8,0,0,0,0,651.175302307599
;79052.8,0,0,0,0,656.175302307599
;79052.8,0,0,0,0,661.175302307599
;79052.8,0,0,0,0,666.175302307599
;79052.8,0,0,0,0,671.175302307599
;79052.8,0,0,0,0,676.175302307599
;79052.8,0,0,0,0,681.175302307599
;79052.8,0,0,0,0,686.175302307599
;79052.8,0,0,0,0,691.175302307599
;79052.8,0,0,0,0,696.175302307599
;79052.8,0,0,0,0,701.175302307599
;79052.8,0,0,0,0,706.175302307599
;79052.8,0,0,0,0,711.175302307599
;79052.8,0,0,0,0,716.175302307599
;79052.8,0,0,0,0,721.175302307599
;79052.8,0,0,0,0,726.175302307599
;79052.8,0,0,0,0,731.175302307599
;79052.8,0,0,0,0,736.175302307599
;79052.8,0,0,0,0,741.175302307599
;79052.8,0,0,0,0,746.175302307599
;79052.8,0,0,0,0,751.175302307599
;79052.8,0,0,0,0,756.175302307599
;79052.8,0,0,0,0,761.175302307599
;79052.8,0,0,0,0,766.175302307599
;79052.8,0,0,0,0,771.175302307599
;79052.8,0,0,0,0,776.175302307599
;79052.8,0,0,0,0,781.175302307599
;79052.8,0,0,0,0,786.175302307599
;79052.8,0,0,0,0,791.175302307599
;79052.8,0,0,0,0,796.175302307599
;79052.8,0,0,0,0,801.175302307599
;79052.8,0,0,0,0,806.175302307599
;79052.8,0,0,0,0,811.175302307599
;79052.8,0,0,0,0,816.175302307599
;79052.8,0,0,0,0,821.175302307599
;79052.8,0,0,0,0,826.175302307599
;79052.8,0,0,0,0,831.175302307599
;79052.8,0,0,0,0,836.175302307599
;79052.8,0,0,0,0,841.175302307599
;79052.8,0,0,0,0,846.175302307599
;79052.8,0,0,0,0,851.175302307599
;79052.8,0,0,0,0,856.175302307599
;79052.8,0,0,0,0,861.175302307599
;79052.8,0,0,0,0,866.175302307599
;79052.8,0,0,0,0,871.175302307599
;79052.8,0,0,0,0,876.175302307599
;79052.8,0,0,0,0,881.175302307599
;79052.8,0,0,0,0,886.175302307599
;79052.8,0,0,0,0,891.175302307599
;79052.8,0,0,0,0,896.175302307599
;79052.8,0,0,0,0,901.175302307599
;79052.8,0,0,0,0,906.175302307599
;79052.8,0,0,0,0,911.175302307599
;79052.8,0,0,0,0,916.175302307599
;79052.8,0,0,0,0,921.175302307599
;79052.8,0,0,0,0,926.175302307599
;79052.8,0,0,0,0,931.175302307599
;79052.8,0,0,0,0,936.175302307599
;79052.8,0,0,0,0,941.175302307599
;79052.8,0,0,0,0,946.175302307599
;79052.8,0,0,0,0,951.175302307599
;79052.8,0,0,0,0,956.175302307599
;79052.8,0,0,0,0,961.175302307599
;79052.8,0,0,0,0,966.175302307599
;79052.8,0,0,0,0,971.175302307599
;79052.8,0,0,0,0,976.175302307599
;79052.8,0,0,0,0,981.175302307599
;79052.8,0,0,0,0,986.175302307599
;79052.8,0,0,0,0,991.175302307599
;79052.8,0,0,0,0,996.175302307599
;79052.8,0,0,0,0,1001.175302307599
;79052.8,0,0,0,0,1006.175302307599
;79052.8,0,0,0,0,1011.175302307599
;79052.8,0,0,0,0,1016.175302307599
;79052.8,0,0,0,0,1021.175302307599
;79052.8,0,0,0,0,1026.175302307599
;79052.8,0,0,0,0,1031.175302307599
;79052.8,0,0,0,0,1036.175302307599
;79052.8,0,0,0,0,1041.175302307599
;79052.8,0,0,0,0,1046.175302307599
;79052.8,0,0,0,0,1051.175302307599
;79052.8,0,0,0,0,1056.175302307599
;79052.8,0,0,0,0,1061.175302307599
;79052.8,0,0,0,0,1066.175302307599
;79052.8,0,0,0,0,1071.175302307599
;79052.8,0,0,0,0,1076.175302307599
;79052.8,0,0,0,0,1081.175302307599
;79052.8,0,0,0,0,1086.175302307599
;79052.8,0,0,0,0,1091.175302307599
;79052.8,0,0,0,0,1096.175302307599
;79052.8,0,0,0,0,1101.175302307599
;79052.8,0,0,0,0,1106.175302307599
;79052.8,0,0,0,0,1111.175302307599
;79052.8,0,0,0,0,1116.175302307599
;79052.8,0,0,0,0,1121.175302307599
;79052.8,0,0,0,0,1126.175302307599
;79052.8,0,0,0,0,1131.175302307599
;79052.8,0,0,0,0,1136.175302307599
;79052.8,0,0,0,0,1141.175302307599
;79052.8,0,0,0,0,1146.175302307599
;79052.8,0,0,0,0,1151.175302307599
;79052.8,0,0,0,0,1156.175302307599
;79052.8,0,0,0,0,1161.175302307599
;79052.8,0,0,0,0,1166.175302307599
;79052.8,0,0,0,0,1171.175302307599
;79052.8,0,0,0,0,1176.175302307599
;79052.8,0,0,0,0,1181.175302307599
;79052.8,0,0,0,0,1186.175302307599
;79052.8,0,0,0,0,1191.175302307599
;79052.8,0,0,0,0,1196.175302307599
;79052.8,0,0,0,0,1201.175302307599
;79052.8,0,0,0,0,1206.175302307599
;79052.8,0,0,0,0,1211.175302307599
;79052.8,0,0,0,0,1216.175302307599
;79052.8,0,0,0,0,1221.175302307599
;79052.8,0,0,0,0,1226.175302307599
;79052.8,0,0,0,0,1231.175302307599
;79052.8,0,0,0,0,1236.175302307599
;79052.8,0,0,0,0,1241.175302307599
;79052.8,0,0,0,0,1246.175302307599
;79052.8,0,0,0,0,1251.175302307599
;79052.8,0,0,0,0,1256.175302307599
;79052.8,0,0,0,0,1261.175302307599
;79052.8,0,0,0,0,1266.175302307599
;79052.8,0,0,0,0,1271.175302307599
;79052.8,0,0,0,0,1276.175302307599
;79052.8,0,0,0,0,1281.175302307599
;79052.8,0,0,0,0,1286.175302307599
;79052.8,0,0,0,0,1291.175302307599
;79052.8,0,0,0,0,1296.175302307599
;79052.8,0,0,0,0,1301.175302307599
;79052.8,0,0,0,0,1306.175302307599
;79052.8,0,0,0,0,1311.175302307599
;79052.8,0,0,0,0,1316.175302307599
;79052.8,0,0,0,0,1321.175302307599
;79052.8,0,0,0,0,1326.175302307599
;79052.8,0,0,0,0,1331.175302307599
;79052.8,0,0,0,0,1336.175302307599
;79052.8,0,0,0,0,1341.175302307599
;79052.8,0,0,0,0,1346.175302307599
;79052.8,0,0,0,0,1351.175302307599
;79052.8,0,0,0,0,1356.175302307599
;79052.8,0,0,0,0,1361.175302307599
;79052.8,0,0,0,0,1366.175302307599
;79052.8,0,0,0,0,1371.175302307599
;79052.8,0,0,0,0,1376.175302307599
;79052.8,0,0,0,0,1381.175302307599
;79052.8,0,0,0,0,1386.175302307599
;79052.8,0,0,0,0,1391.175302307599
;79052.8,0,0,0,0,1396.175302307599
;79052.8,0,0,0,0,1401.175302307599
;79052.8,0,0,0,0,1406.175302307599
;79052.8,0,0,0,0,1411.175302307599
;79052.8,0,0,0,0,1416.175302307599
;79052.8,0,0,0,0,1421.175302307599
;79052.8,0,0,0,0,1426.175302307599
;79052.8,0,0,0,0,1431.175302307599
;79052.8,0,0,0,0,1436.175302307599
;79052.8,0,0,0,0,1441.175302307599
;79052.8,0,0,0,0,1446.175302307599
;79052.8,0,0,0,0,1451.175302307599
;79052.8,0,0,0,0,1456.175302307599
;79052.8,0,0,0,0,1461.175302307599
;79052.8,0,0,0,0,1466.175302307599
;79052.8,0,0,0,0,1471.175302307599
;79052.8,0,0,0,0,1476.175302307599
;79052.8,0,0,0,0,1481.175302307599
;79052.8,0,0,0,0,1486.175302307599
;79052.8,0,0,0,0,1491.175302307599
;79052.8,0,0,0,0,1496.175302307599
;79052.8,0,0,0,0,1501.175302307599
;79052.8,0,0,0,0,1506.175302307599
;79052.8,0,0,0,0,1511.175302307599
;79052.8,0,0,0,0,1516.175302307599
;79052.8,0,0,0,0,1521.175302307599
;79052.8,0,0,0,0,1526.175302307599
;79052.8,0,0,0,0,1531.175302307599
;79052.8,0,0,0,0,1536.175302307599
;79052.8,0,0,0,0,1541.175302307599
;79052.8,0,0,0,0,1546.175302307599
;79052.8,0,0,0,0,1551.175302307599
;79052.8,0,0,0,0,1556.175302307599
;79052.8,0,0,0,0,1561.175302307599
;79052.8,0,0,0,0,1566.175302307599
;79052.8,0,0,0,0,1571.175302307599
;79052.8,0,0,0,0,1576.175302307599
;79052.8,0,0,0,0,1581.175302307599
;79052.8,0,0,0,0,1586.175302307599
;79052.8,0,0,0,0,1591.175302307599
;79052.8,0,0,0,0,1596.175302307599
;79052.8,0,0,0,0,1601.175302307599
;79052.8,0,0,0,0,1606.175302307599
;79052.8,0,0,0,0,1611.175302307599
;79052.8,0,0,0,0,1616.175302307599
;79052.8,0,0,0,0,1621.175302307599
;79052.8,0,0,0,0,1626.175302307599
;79052.8,0,0,0,0,1631.175302307599
;79052.8,0,0,0,0,1636.175302307599
;79052.8,0,0,0,0,1641.175302307599
;79052.8,0,0,0,0,1646.175302307599
;79052.8,0,0,0,0,1651.175302307599
;79052.8,0,0,0,0,1656.175302307599
;79052.8,0,0,0,0,1661.175302307599
;79052.8,0,0,0,0,1666.175302307599
;79052.8,0,0,0,0,1671.175302307599
;79052.8,0,0,0,0,1676.175302307599
;79052.8,0,0,0,0,1681.175302307599
;79052.8,0,0,0,0,1686.175302307599
;79052.8,0,0,0,0,1691.175302307599
;79052.8,0,0,0,0,1696.175302307599
;79052.8,0,0,0,0,1701.175302307599
;79052.8,0,0,0,0,1706.175302307599
;79052.8,0,0,0,0,1711.175302307599
;79052.8,0,0,0,0,1716.175302307599
;79052.8,0,0,0,0,1721.175302307599
;79052.8,0,0,0,0,1726.175302307599
;79052.8,0,0,0,0,1731.175302307599
;79052.8,0,0,0,0,1736.175302307599
;79052.8,0,0,0,0,1741.175302307599
;79052.8,0,0,0,0,1746.175302307599
;79052.8,0,0,0,0,1751.175302307599
;79052.8,0,0,0,0,1756.175302307599
;79052.8,0,0,0,0,1761.175302307599
;79052.8,0,0,0,0,1766.175302307599
;79052.8,0,0,0,0,1771.175302307599
;79052.8,0,0,0,0,1776.175302307599
;79052.8,0,0,0,0,1781.175302307599
;79052.8,0,0,0,0,1786.175302307599
;79052.8,0,0,0,0,1791.175302307599
;79052.8,0,0,0,0,1796.175302307599
;79052.8,0,0,0,0,1801.175302307599
;79052.8,0,0,0,0,1806.175302307599
;79052.8,0,0,0,0,1811.175302307599
;79052.8,0,0,0,0,1816.175302307599
;79052.8,0,0,0,0,1821.175302307599
;79052.8,0,0,0,0,1826.175302307599
;79052.8,0,0,0,0,1831.175302307599
;79052.8,0,0,0,0,1836.175302307599
;79052.8,0,0,0,0,1841.175302307599
;79052.8,0,0,0,0,1846.175302307599
;79052.8,0,0,0,0,1851.175302307599
;79052.8,0,0,0,0,1856.175302307599
;79052.8,0,0,0,0,1861.175302307599
;79052.8,0,0,0,0,1866.175302307599
;79052.8,0,0,0,0,1871.175302307599
;79052.8,0,0,0,0,1876.175302307599
;79052.8,0,0,0,0,1881.175302307599
;79052.8,0,0,0,0,1886.175302307599
;79052.8,0,0,0,0,1891.175302307599
;79052.8,0,0,0,0,1896.175302307599
;79052.8,0,0,0,0,1901.175302307599
;79052.8,0,0,0,0,1906.175302307599
;79052.8,0,0,0,0,1911.175302307599
;79052.8,0,0,0,0,1916.175302307599
;79052.8,0,0,0,0,1921.175302307599
;79052.8,0,0,0,0,1926.175302307599
;79052.8,0,0,0,0,1931.175302307599
;79052.8,0,0,0,0,1936.175302307599
;79052.8,0,0,0,0,1941.175302307599
;79052.8,0,0,0,0,1946.175302307599
;79052.8,0,0,0,0,1951.175302307599
;79052.8,0,0,0,0,1956.175302307599
;79052.8,0,0,0,0,1961.175302307599
;79052.8,0,0,0,0,1966.175302307599
;79052.8,0,0,0,0,1971.175302307599
;79052.8,0,0,0,0,1976.175302307599
;79052.8,0,0,0,0,1981.175302307599
;79052.8,0,0,0,0,1986.175302307599
;79052.8,0,0,0,0,1991.175302307599
;79052.8,0,0,0,0,1996.175302307599
;108544,0,0,0,0,1.175302307599
;108544,0,0,0,0,6.175302307599
;136397,0,0,0,0,1.175302307599
;136397,0,0,0,0,6.175302307599
;133120,0,0,0,0,1.175302307599
;133120,0,0,0,0,6.175302307599
;109363,0,0,0,0,1.175302307599
;109363,0,0,0,0,6.175302307599
;98713.6,0,0,0,0,1.175302307599
;98713.6,0,0,0,0,6.175302307599
;128205,0,0,0,0,1.175302307599
;128205,0,0,0,0,6.175302307599
;136397,0,0,0,0,1.175302307599
;136397,0,0,0,0,6.175302307599
;144589,0,0,0,0,1.175302307599
;144589,0,0,0,0,6.175302307599
;123290,0,0,0,0,1.175302307599
;123290,0,0,0,0,6.175302307599
;91340.8,0,0,0,0,1.175302307599
;91340.8,0,0,0,0,6.175302307599
;92160,0,0,0,0,1.175302307599
;92160,0,0,0,0,6.175302307599
;92160,0,0,0,0,11.175302307599
;119194,0,0,0,0,1.175302307599
;119194,0,0,0,0,6.175302307599
;119194,0,0,0,0,11.175302307599
;77414.4,0,0,0,0,1.175302307599
;77414.4,0,0,0,0,6.175302307599
;75776,0,0,0,0,1.175302307599
;75776,0,0,0,0,6.175302307599
;141312,0,0,0,0,1.175302307599
;141312,0,0,0,0,6.175302307599
;131482,0,0,0,0,1.175302307599
;131482,0,0,0,0,6.175302307599
;78233.6,0,0,0,0,1.175302307599
;78233.6,0,0,0,0,6.175302307599
;111002,0,0,0,0,1.175302307599
test1wqksf,test1wqksf,test1wqksf,test1wqksf,;108134,2.564844505121,2.565174505121,2.565478505121,2.565795505121,6.175302307599
;139674,0,0,0,0,1.175302307599
test1samfj,test1samfj,test1samfj,test1samfj,;136909,2.207315510332,2.207645510332,2.207949510332,2.208266510332,6.175302307599
;138854,0,0,0,0,1.175302307599
test1nkjhe,test1nkjhe,test1nkjhe,test1nkjhe,;135578,3.392259314247,3.392550314247,3.392880314247,3.393171314247,6.175302307599
;123290,0,0,0,0,1.175302307599
;123290,0,0,0,0,6.175302307599
;106086,0,0,0,0,1.175302307599
;106086,0,0,0,0,6.175302307599
;119194,0,0,0,0,1.175302307599
;119194,0,0,0,0,6.175302307599
;117350,0,0,0,0,11.175302307599
;94617.6,0,0,0,0,1.175302307599
test1dqvea,test1dqvea,;93481,1.079702875205,1.080032875205,0,0,6.175302307599
;100352,0,0,0,0,1.175302307599
test1wicnr,test1wicnr,test1wicnr,test1wicnr,;97484.8,2.978206452058,2.978536452058,2.978840452058,2.979157452058,6.175302307599
;117555,0,0,0,0,1.175302307599
;117555,0,0,0,0,6.175302307599
;96256,0,0,0,0,1.175302307599
test1hmqpv,test1hmqpv,;94597.1,3.888498341014,3.888828341014,0,0,6.175302307599
;79872,0,0,0,0,1.175302307599
;79872,0,0,0,0,6.175302307599
;79872,0,0,0,0,11.175302307599
;79872,0,0,0,0,16.175302307599
;79872,0,0,0,0,21.175302307599
;79872,0,0,0,0,26.175302307599
;79872,0,0,0,0,31.175302307599
;79872,0,0,0,0,36.175302307599
;79872,0,0,0,0,41.175302307599
;79872,0,0,0,0,46.175302307599
;79872,0,0,0,0,51.175302307599
;79872,0,0,0,0,56.175302307599
;79872,0,0,0,0,61.175302307599
;79872,0,0,0,0,66.175302307599
;79872,0,0,0,0,71.175302307599
;79872,0,0,0,0,76.175302307599
;79872,0,0,0,0,81.175302307599
;79872,0,0,0,0,86.175302307599
;79872,0,0,0,0,91.175302307599
;79872,0,0,0,0,96.175302307599
;79872,0,0,0,0,101.175302307599
;79872,0,0,0,0,106.175302307599
;79872,0,0,0,0,111.175302307599
;79872,0,0,0,0,116.175302307599
;79872,0,0,0,0,121.175302307599
;79872,0,0,0,0,126.175302307599
;79872,0,0,0,0,131.175302307599
;79872,0,0,0,0,136.175302307599
;79872,0,0,0,0,141.175302307599
;79872,0,0,0,0,146.175302307599
;79872,0,0,0,0,151.175302307599
;79872,0,0,0,0,156.175302307599
;79872,0,0,0,0,161.175302307599
;79872,0,0,0,0,166.175302307599
;79872,0,0,0,0,171.175302307599
;79872,0,0,0,0,176.175302307599
;79872,0,0,0,0,181.175302307599
;79872,0,0,0,0,186.175302307599
;79872,0,0,0,0,191.175302307599
;79872,0,0,0,0,196.175302307599
;79872,0,0,0,0,201.175302307599
;79872,0,0,0,0,206.175302307599
;79872,0,0,0,0,211.175302307599
;79872,0,0,0,0,216.175302307599
;79872,0,0,0,0,221.175302307599
;79872,0,0,0,0,226.175302307599
;79872,0,0,0,0,231.175302307599
;79872,0,0,0,0,236.175302307599
;79872,0,0,0,0,241.175302307599
;79872,0,0,0,0,246.175302307599
;79872,0,0,0,0,251.175302307599
;79872,0,0,0,0,256.175302307599
;79872,0,0,0,0,261.175302307599
;79872,0,0,0,0,266.175302307599
;79872,0,0,0,0,271.175302307599
;79872,0,0,0,0,276.175302307599
;79872,0,0,0,0,281.175302307599
;79872,0,0,0,0,286.175302307599
;79872,0,0,0,0,291.175302307599
;79872,0,0,0,0,296.175302307599
;79872,0,0,0,0,301.175302307599
;79872,0,0,0,0,306.175302307599
;79872,0,0,0,0,311.175302307599
;79872,0,0,0,0,316.175302307599
;79872,0,0,0,0,321.175302307599
;79872,0,0,0,0,326.175302307599
;79872,0,0,0,0,331.175302307599
;79872,0,0,0,0,336.175302307599
;79872,0,0,0,0,341.175302307599
;79872,0,0,0,0,346.175302307599
;79872,0,0,0,0,351.175302307599
;79872,0,0,0,0,356.175302307599
;79872,0,0,0,0,361.175302307599
;79872,0,0,0,0,366.175302307599
;79872,0,0,0,0,371.175302307599
;79872,0,0,0,0,376.175302307599
;79872,0,0,0,0,381.175302307599
;79872,0,0,0,0,386.175302307599
;79872,0,0,0,0,391.175302307599
;79872,0,0,0,0,396.175302307599
;79872,0,0,0,0,401.175302307599
;79872,0,0,0,0,406.175302307599
;79872,0,0,0,0,411.175302307599
;79872,0,0,0,0,416.175302307599
;79872,0,0,0,0,421.175302307599
;79872,0,0,0,0,426.175302307599
;79872,0,0,0,0,431.175302307599
;79872,0,0,0,0,436.175302307599
;79872,0,0,0,0,441.175302307599
;79872,0,0,0,0,446.175302307599
;79872,0,0,0,0,451.175302307599
;79872,0,0,0,0,456.175302307599
;79872,0,0,0,0,461.175302307599
;79872,0,0,0,0,466.175302307599
;79872,0,0,0,0,471.175302307599
;79872,0,0,0,0,476.175302307599
;79872,0,0,0,0,481.175302307599
;79872,0,0,0,0,486.175302307599
;79872,0,0,0,0,491.175302307599
;79872,0,0,0,0,496.175302307599
;79872,0,0,0,0,501.175302307599
;79872,0,0,0,0,506.175302307599
;79872,0,0,0,0,511.175302307599
;79872,0,0,0,0,516.175302307599
;79872,0,0,0,0,521.175302307599
;79872,0,0,0,0,526.175302307599
;79872,0,0,0,0,531.175302307599
;79872,0,0,0,0,536.175302307599
;79872,0,0,0,0,541.175302307599
;79872,0,0,0,0,546.175302307599
;79872,0,0,0,0,551.175302307599
;79872,0,0,0,0,556.175302307599
;79872,0,0,0,0,561.175302307599
;79872,0,0,0,0,566.175302307599
;79872,0,0,0,0,571.175302307599
;79872,0,0,0,0,576.175302307599
;79872,0,0,0,0,581.175302307599
;79872,0,0,0,0,586.175302307599
;79872,0,0,0,0,591.175302307599
;79872,0,0,0,0,596.175302307599
;79872,0,0,0,0,601.175302307599
;79872,0,0,0,0,606.175302307599
;79872,0,0,0,0,611.175302307599
;79872,0,0,0,0,616.175302307599
;79872,0,0,0,0,621.175302307599
;79872,0,0,0,0,626.175302307599
;79872,0,0,0,0,631.175302307599
;79872,0,0,0,0,636.175302307599
;79872,0,0,0,0,641.175302307599
;79872,0,0,0,0,646.175302307599
;79872,0,0,0,0,651.175302307599
;79872,0,0,0,0,656.175302307599
;79872,0,0,0,0,661.175302307599
;79872,0,0,0,0,666.175302307599
;79872,0,0,0,0,671.175302307599
;79872,0,0,0,0,676.175302307599
;79872,0,0,0,0,681.175302307599
;79872,0,0,0,0,686.175302307599
;79872,0,0,0,0,691.175302307599
;79872,0,0,0,0,696.175302307599
;79872,0,0,0,0,701.175302307599
;79872,0,0,0,0,706.175302307599
;79872,0,0,0,0,711.175302307599
;79872,0,0,0,0,716.175302307599
;79872,0,0,0,0,721.175302307599
;79872,0,0,0,0,726.175302307599
;79872,0,0,0,0,731.175302307599
;79872,0,0,0,0,736.175302307599
;79872,0,0,0,0,741.175302307599
;79872,0,0,0,0,746.175302307599
;79872,0,0,0,0,751.175302307599
;79872,0,0,0,0,756.175302307599
;79872,0,0,0,0,761.175302307599
;79872,0,0,0,0,766.175302307599
;79872,0,0,0,0,771.175302307599
;79872,0,0,0,0,776.175302307599
;79872,0,0,0,0,781.175302307599
;79872,0,0,0,0,786.175302307599
;79872,0,0,0,0,791.175302307599
;79872,0,0,0,0,796.175302307599
;79872,0,0,0,0,801.175302307599
;79872,0,0,0,0,806.175302307599
;79872,0,0,0,0,811.175302307599
;79872,0,0,0,0,816.175302307599
;79872,0,0,0,0,821.175302307599
;79872,0,0,0,0,826.175302307599
;79872,0,0,0,0,831.175302307599
;79872,0,0,0,0,836.175302307599
;79872,0,0,0,0,841.175302307599
;79872,0,0,0,0,846.175302307599
;79872,0,0,0,0,851.175302307599
;79872,0,0,0,0,856.175302307599
;79872,0,0,0,0,861.175302307599
;79872,0,0,0,0,866.175302307599
;79872,0,0,0,0,871.175302307599
;79872,0,0,0,0,876.175302307599
;79872,0,0,0,0,881.175302307599
;79872,0,0,0,0,886.175302307599
;79872,0,0,0,0,891.175302307599
;79872,0,0,0,0,896.175302307599
;79872,0,0,0,0,901.175302307599
;79872,0,0,0,0,906.175302307599
;79872,0,0,0,0,911.175302307599
;79872,0,0,0,0,916.175302307599
;79872,0,0,0,0,921.175302307599
;79872,0,0,0,0,926.175302307599
;79872,0,0,0,0,931.175302307599
;79872,0,0,0,0,936.175302307599
;79872,0,0,0,0,941.175302307599
;79872,0,0,0,0,946.175302307599
;79872,0,0,0,0,951.175302307599
;79872,0,0,0,0,956.175302307599
;79872,0,0,0,0,961.175302307599
;79872,0,0,0,0,966.175302307599
;79872,0,0,0,0,971.175302307599
;79872,0,0,0,0,976.175302307599
;79872,0,0,0,0,981.175302307599
;79872,0,0,0,0,986.175302307599
;79872,0,0,0,0,991.175302307599
;79872,0,0,0,0,996.175302307599
;79872,0,0,0,0,1001.175302307599
;79872,0,0,0,0,1006.175302307599
;79872,0,0,0,0,1011.175302307599
;79872,0,0,0,0,1016.175302307599
;79872,0,0,0,0,1021.175302307599
;79872,0,0,0,0,1026.175302307599
;79872,0,0,0,0,1031.175302307599
;79872,0,0,0,0,1036.175302307599
;79872,0,0,0,0,1041.175302307599
;79872,0,0,0,0,1046.175302307599
;79872,0,0,0,0,1051.175302307599
;79872,0,0,0,0,1056.175302307599
;79872,0,0,0,0,1061.175302307599
;79872,0,0,0,0,1066.175302307599
;79872,0,0,0,0,1071.175302307599
;79872,0,0,0,0,1076.175302307599
;79872,0,0,0,0,1081.175302307599
;79872,0,0,0,0,1086.175302307599
;79872,0,0,0,0,1091.175302307599
;79872,0,0,0,0,1096.175302307599
;79872,0,0,0,0,1101.175302307599
;79872,0,0,0,0,1106.175302307599
;79872,0,0,0,0,1111.175302307599
;79872,0,0,0,0,1116.175302307599
;79872,0,0,0,0,1121.175302307599
;79872,0,0,0,0,1126.175302307599
;79872,0,0,0,0,1131.175302307599
;79872,0,0,0,0,1136.175302307599
;79872,0,0,0,0,1141.175302307599
;79872,0,0,0,0,1146.175302307599
;79872,0,0,0,0,1151.175302307599
;79872,0,0,0,0,1156.175302307599
;79872,0,0,0,0,1161.175302307599
;79872,0,0,0,0,1166.175302307599
;79872,0,0,0,0,1171.175302307599
;79872,0,0,0,0,1176.175302307599
;79872,0,0,0,0,1181.175302307599
;79872,0,0,0,0,1186.175302307599
;79872,0,0,0,0,1191.175302307599
;79872,0,0,0,0,1196.175302307599
;79872,0,0,0,0,1201.175302307599
;79872,0,0,0,0,1206.175302307599
;79872,0,0,0,0,1211.175302307599
;79872,0,0,0,0,1216.175302307599
;79872,0,0,0,0,1221.175302307599
;79872,0,0,0,0,1226.175302307599
;79872,0,0,0,0,1231.175302307599
;79872,0,0,0,0,1236.175302307599
;79872,0,0,0,0,1241.175302307599
;79872,0,0,0,0,1246.175302307599
;79872,0,0,0,0,1251.175302307599
;79872,0,0,0,0,1256.175302307599
;79872,0,0,0,0,1261.175302307599
;79872,0,0,0,0,1266.175302307599
;79872,0,0,0,0,1271.175302307599
;79872,0,0,0,0,1276.175302307599
;79872,0,0,0,0,1281.175302307599
;79872,0,0,0,0,1286.175302307599
;79872,0,0,0,0,1291.175302307599
;79872,0,0,0,0,1296.175302307599
;79872,0,0,0,0,1301.175302307599
;79872,0,0,0,0,1306.175302307599
;79872,0,0,0,0,1311.175302307599
;79872,0,0,0,0,1316.175302307599
;79872,0,0,0,0,1321.175302307599
;79872,0,0,0,0,1326.175302307599
;79872,0,0,0,0,1331.175302307599
;79872,0,0,0,0,1336.175302307599
;79872,0,0,0,0,1341.175302307599
;79872,0,0,0,0,1346.175302307599
;79872,0,0,0,0,1351.175302307599
;79872,0,0,0,0,1356.175302307599
;79872,0,0,0,0,1361.175302307599
;79872,0,0,0,0,1366.175302307599
;79872,0,0,0,0,1371.175302307599
;79872,0,0,0,0,1376.175302307599
;91340.8,0,0,0,0,1.175302307599
;91340.8,0,0,0,0,6.175302307599
;91340.8,0,0,0,0,11.175302307599
;91340.8,0,0,0,0,16.175302307599
;91340.8,0,0,0,0,21.175302307599
;91340.8,0,0,0,0,26.175302307599
;91340.8,0,0,0,0,31.175302307599
;91340.8,0,0,0,0,36.175302307599
;91340.8,0,0,0,0,41.175302307599
;91340.8,0,0,0,0,46.175302307599
;91340.8,0,0,0,0,51.175302307599
;91340.8,0,0,0,0,56.175302307599
;91340.8,0,0,0,0,61.175302307599
;91340.8,0,0,0,0,66.175302307599
;91340.8,0,0,0,0,71.175302307599
;91340.8,0,0,0,0,76.175302307599
;91340.8,0,0,0,0,81.175302307599
;91340.8,0,0,0,0,86.175302307599
;91340.8,0,0,0,0,91.175302307599
;91340.8,0,0,0,0,96.175302307599
;91340.8,0,0,0,0,101.175302307599
;91340.8,0,0,0,0,106.175302307599
;91340.8,0,0,0,0,111.175302307599
;91340.8,0,0,0,0,116.175302307599
;91340.8,0,0,0,0,121.175302307599
;91340.8,0,0,0,0,126.175302307599
;91340.8,0,0,0,0,131.175302307599
;91340.8,0,0,0,0,136.175302307599
;91340.8,0,0,0,0,141.175302307599
;91340.8,0,0,0,0,146.175302307599
;91340.8,0,0,0,0,151.175302307599
;91340.8,0,0,0,0,156.175302307599
;91340.8,0,0,0,0,161.175302307599
;91340.8,0,0,0,0,166.175302307599
;91340.8,0,0,0,0,171.175302307599
;91340.8,0,0,0,0,176.175302307599
;91340.8,0,0,0,0,181.175302307599
;91340.8,0,0,0,0,186.175302307599
;91340.8,0,0,0,0,191.175302307599
;91340.8,0,0,0,0,196.175302307599
;91340.8,0,0,0,0,201.175302307599
;91340.8,0,0,0,0,206.175302307599
;91340.8,0,0,0,0,211.175302307599
;91340.8,0,0,0,0,216.175302307599
;91340.8,0,0,0,0,221.175302307599
;91340.8,0,0,0,0,226.175302307599
;91340.8,0,0,0,0,231.175302307599
;91340.8,0,0,0,0,236.175302307599
;91340.8,0,0,0,0,241.175302307599
;91340.8,0,0,0,0,246.175302307599
;91340.8,0,0,0,0,251.175302307599
;91340.8,0,0,0,0,256.175302307599
;91340.8,0,0,0,0,261.175302307599
;91340.8,0,0,0,0,266.175302307599
;91340.8,0,0,0,0,271.175302307599
;91340.8,0,0,0,0,276.175302307599
;91340.8,0,0,0,0,281.175302307599
;91340.8,0,0,0,0,286.175302307599
;91340.8,0,0,0,0,291.175302307599
;91340.8,0,0,0,0,296.175302307599
;91340.8,0,0,0,0,301.175302307599
;91340.8,0,0,0,0,306.175302307599
;91340.8,0,0,0,0,311.175302307599
;91340.8,0,0,0,0,316.175302307599
;91340.8,0,0,0,0,321.175302307599
;91340.8,0,0,0,0,326.175302307599
;91340.8,0,0,0,0,331.175302307599
;91340.8,0,0,0,0,336.175302307599
;91340.8,0,0,0,0,341.175302307599
;91340.8,0,0,0,0,346.175302307599
;91340.8,0,0,0,0,351.175302307599
;91340.8,0,0,0,0,356.175302307599
;91340.8,0,0,0,0,361.175302307599
;91340.8,0,0,0,0,366.175302307599
;91340.8,0,0,0,0,371.175302307599
;91340.8,0,0,0,0,376.175302307599
;91340.8,0,0,0,0,381.175302307599
;91340.8,0,0,0,0,386.175302307599
;91340.8,0,0,0,0,391.175302307599
;91340.8,0,0,0,0,396.175302307599
;91340.8,0,0,0,0,401.175302307599
;91340.8,0,0,0,0,406.175302307599
;91340.8,0,0,0,0,411.175302307599
;91340.8,0,0,0,0,416.175302307599
;91340.8,0,0,0,0,421.175302307599
;91340.8,0,0,0,0,426.175302307599
;91340.8,0,0,0,0,431.175302307599
;91340.8,0,0,0,0,436.175302307599
;91340.8,0,0,0,0,441.175302307599
;91340.8,0,0,0,0,446.175302307599
;91340.8,0,0,0,0,451.175302307599
;91340.8,0,0,0,0,456.175302307599
;91340.8,0,0,0,0,461.175302307599
;91340.8,0,0,0,0,466.175302307599
;91340.8,0,0,0,0,471.175302307599
;91340.8,0,0,0,0,476.175302307599
;91340.8,0,0,0,0,481.175302307599
;91340.8,0,0,0,0,486.175302307599
;91340.8,0,0,0,0,491.175302307599
;91340.8,0,0,0,0,496.175302307599
;91340.8,0,0,0,0,501.175302307599
;91340.8,0,0,0,0,506.175302307599
;91340.8,0,0,0,0,511.175302307599
;91340.8,0,0,0,0,516.175302307599
;91340.8,0,0,0,0,521.175302307599
;91340.8,0,0,0,0,526.175302307599
;91340.8,0,0,0,0,531.175302307599
;91340.8,0,0,0,0,536.175302307599
;91340.8,0,0,0,0,541.175302307599
;91340.8,0,0,0,0,546.175302307599
;91340.8,0,0,0,0,551.175302307599
;91340.8,0,0,0,0,556.175302307599
;91340.8,0,0,0,0,561.175302307599
;91340.8,0,0,0,0,566.175302307599
;91340.8,0,0,0,0,571.175302307599
;91340.8,0,0,0,0,576.175302307599
;91340.8,0,0,0,0,581.175302307599
;91340.8,0,0,0,0,586.175302307599
;91340.8,0,0,0,0,591.175302307599
;91340.8,0,0,0,0,596.175302307599
;91340.8,0,0,0,0,601.175302307599
;91340.8,0,0,0,0,606.175302307599
;91340.8,0,0,0,0,611.175302307599
;91340.8,0,0,0,0,616.175302307599
;91340.8,0,0,0,0,621.175302307599
;91340.8,0,0,0,0,626.175302307599
;91340.8,0,0,0,0,631.175302307599
;91340.8,0,0,0,0,636.175302307599
;91340.8,0,0,0,0,641.175302307599
;91340.8,0,0,0,0,646.175302307599
;91340.8,0,0,0,0,651.175302307599
;91340.8,0,0,0,0,656.175302307599
;91340.8,0,0,0,0,661.175302307599
;91340.8,0,0,0,0,666.175302307599
;91340.8,0,0,0,0,671.175302307599
;91340.8,0,0,0,0,676.175302307599
;91340.8,0,0,0,0,681.175302307599
;91340.8,0,0,0,0,686.175302307599
;91340.8,0,0,0,0,691.175302307599
;91340.8,0,0,0,0,696.175302307599
;91340.8,0,0,0,0,701.175302307599
;91340.8,0,0,0,0,706.175302307599
;91340.8,0,0,0,0,711.175302307599
;91340.8,0,0,0,0,716.175302307599
;91340.8,0,0,0,0,721.175302307599
;91340.8,0,0,0,0,726.175302307599
;91340.8,0,0,0,0,731.175302307599
;91340.8,0,0,0,0,736.175302307599
;91340.8,0,0,0,0,741.175302307599
;91340.8,0,0,0,0,746.175302307599
;91340.8,0,0,0,0,751.175302307599
;91340.8,0,0,0,0,756.175302307599
;91340.8,0,0,0,0,761.175302307599
;91340.8,0,0,0,0,766.175302307599
;91340.8,0,0,0,0,771.175302307599
;91340.8,0,0,0,0,776.175302307599
;91340.8,0,0,0,0,781.175302307599
;91340.8,0,0,0,0,786.175302307599
;91340.8,0,0,0,0,791.175302307599
;91340.8,0,0,0,0,796.175302307599
;91340.8,0,0,0,0,801.175302307599
;91340.8,0,0,0,0,806.175302307599
;91340.8,0,0,0,0,811.175302307599
;91340.8,0,0,0,0,816.175302307599
;91340.8,0,0,0,0,821.175302307599
;91340.8,0,0,0,0,826.175302307599
;91340.8,0,0,0,0,831.175302307599
;91340.8,0,0,0,0,836.175302307599
;91340.8,0,0,0,0,841.175302307599
;91340.8,0,0,0,0,846.175302307599
;91340.8,0,0,0,0,851.175302307599
;91340.8,0,0,0,0,856.175302307599
;91340.8,0,0,0,0,861.175302307599
;91340.8,0,0,0,0,866.175302307599
;91340.8,0,0,0,0,871.175302307599
;91340.8,0,0,0,0,876.175302307599
;91340.8,0,0,0,0,881.175302307599
;91340.8,0,0,0,0,886.175302307599
;91340.8,0,0,0,0,891.175302307599
;91340.8,0,0,0,0,896.175302307599
;91340.8,0,0,0,0,901.175302307599
;91340.8,0,0,0,0,906.175302307599
;91340.8,0,0,0,0,911.175302307599
;91340.8,0,0,0,0,916.175302307599
;91340.8,0,0,0,0,921.175302307599
;91340.8,0,0,0,0,926.175302307599
;91340.8,0,0,0,0,931.175302307599
;91340.8,0,0,0,0,936.175302307599
;91340.8,0,0,0,0,941.175302307599
;91340.8,0,0,0,0,946.175302307599
;91340.8,0,0,0,0,951.175302307599
;91340.8,0,0,0,0,956.175302307599
;91340.8,0,0,0,0,961.175302307599
;91340.8,0,0,0,0,966.175302307599
;91340.8,0,0,0,0,971.175302307599
;91340.8,0,0,0,0,976.175302307599
;91340.8,0,0,0,0,981.175302307599
;91340.8,0,0,0,0,986.175302307599
;91340.8,0,0,0,0,991.175302307599
;91340.8,0,0,0,0,996.175302307599
;91340.8,0,0,0,0,1001.175302307599
;91340.8,0,0,0,0,1006.175302307599
;91340.8,0,0,0,0,1011.175302307599
;91340.8,0,0,0,0,1016.175302307599
;91340.8,0,0,0,0,1021.175302307599
;91340.8,0,0,0,0,1026.175302307599
;91340.8,0,0,0,0,1031.175302307599
;91340.8,0,0,0,0,1036.175302307599
;91340.8,0,0,0,0,1041.175302307599
;91340.8,0,0,0,0,1046.175302307599
;91340.8,0,0,0,0,1051.175302307599
;91340.8,0,0,0,0,1056.175302307599
;91340.8,0,0,0,0,1061.175302307599
;91340.8,0,0,0,0,1066.175302307599
;91340.8,0,0,0,0,1071.175302307599
;91340.8,0,0,0,0,1076.175302307599
;91340.8,0,0,0,0,1081.175302307599
;91340.8,0,0,0,0,1086.175302307599
;91340.8,0,0,0,0,1091.175302307599
;91340.8,0,0,0,0,1096.175302307599
;91340.8,0,0,0,0,1101.175302307599
;91340.8,0,0,0,0,1106.175302307599
;91340.8,0,0,0,0,1111.175302307599
;91340.8,0,0,0,0,1116.175302307599
;91340.8,0,0,0,0,1121.175302307599
;91340.8,0,0,0,0,1126.175302307599
;91340.8,0,0,0,0,1131.175302307599
;91340.8,0,0,0,0,1136.175302307599
;91340.8,0,0,0,0,1141.175302307599
;91340.8,0,0,0,0,1146.175302307599
;91340.8,0,0,0,0,1151.175302307599
;91340.8,0,0,0,0,1156.175302307599
;91340.8,0,0,0,0,1161.175302307599
;91340.8,0,0,0,0,1166.175302307599
;91340.8,0,0,0,0,1171.175302307599
;91340.8,0,0,0,0,1176.175302307599
;91340.8,0,0,0,0,1181.175302307599
;91340.8,0,0,0,0,1186.175302307599
;91340.8,0,0,0,0,1191.175302307599
;91340.8,0,0,0,0,1196.175302307599
;91340.8,0,0,0,0,1201.175302307599
;91340.8,0,0,0,0,1206.175302307599
;91340.8,0,0,0,0,1211.175302307599
;91340.8,0,0,0,0,1216.175302307599
;91340.8,0,0,0,0,1221.175302307599
;91340.8,0,0,0,0,1226.175302307599
;91340.8,0,0,0,0,1231.175302307599
;91340.8,0,0,0,0,1236.175302307599
;91340.8,0,0,0,0,1241.175302307599
;91340.8,0,0,0,0,1246.175302307599
;91340.8,0,0,0,0,1251.175302307599
;91340.8,0,0,0,0,1256.175302307599
;91340.8,0,0,0,0,1261.175302307599
;91340.8,0,0,0,0,1266.175302307599
;91340.8,0,0,0,0,1271.175302307599
;91340.8,0,0,0,0,1276.175302307599
;91340.8,0,0,0,0,1281.175302307599
;91340.8,0,0,0,0,1286.175302307599
;91340.8,0,0,0,0,1291.175302307599
;91340.8,0,0,0,0,1296.175302307599
;91340.8,0,0,0,0,1301.175302307599
;91340.8,0,0,0,0,1306.175302307599
;91340.8,0,0,0,0,1311.175302307599
;91340.8,0,0,0,0,1316.175302307599
;91340.8,0,0,0,0,1321.175302307599
;91340.8,0,0,0,0,1326.175302307599
;91340.8,0,0,0,0,1331.175302307599
;91340.8,0,0,0,0,1336.175302307599
;91340.8,0,0,0,0,1341.175302307599
;91340.8,0,0,0,0,1346.175302307599
;91340.8,0,0,0,0,1351.175302307599
;91340.8,0,0,0,0,1356.175302307599
;91340.8,0,0,0,0,1361.175302307599
;91340.8,0,0,0,0,1366.175302307599
;91340.8,0,0,0,0,1371.175302307599
;91340.8,0,0,0,0,1376.175302307599
;91340.8,0,0,0,0,1381.175302307599
;91340.8,0,0,0,0,1386.175302307599
;91340.8,0,0,0,0,1391.175302307599
;91340.8,0,0,0,0,1396.175302307599
;91340.8,0,0,0,0,1401.175302307599
;91340.8,0,0,0,0,1406.175302307599
;91340.8,0,0,0,0,1411.175302307599
;91340.8,0,0,0,0,1416.175302307599
;91340.8,0,0,0,0,1421.175302307599
;91340.8,0,0,0,0,1426.175302307599
;91340.8,0,0,0,0,1431.175302307599
;91340.8,0,0,0,0,1436.175302307599
;91340.8,0,0,0,0,1441.175302307599
;91340.8,0,0,0,0,1446.175302307599
;91340.8,0,0,0,0,1451.175302307599
;91340.8,0,0,0,0,1456.175302307599
;91340.8,0,0,0,0,1461.175302307599
;91340.8,0,0,0,0,1466.175302307599
;91340.8,0,0,0,0,1471.175302307599
;91340.8,0,0,0,0,1476.175302307599
;91340.8,0,0,0,0,1481.175302307599
;91340.8,0,0,0,0,1486.175302307599
;91340.8,0,0,0,0,1491.175302307599
;91340.8,0,0,0,0,1496.175302307599
;91340.8,0,0,0,0,1501.175302307599
;91340.8,0,0,0,0,1506.175302307599
;91340.8,0,0,0,0,1511.175302307599
;91340.8,0,0,0,0,1516.175302307599
;91340.8,0,0,0,0,1521.175302307599
;91340.8,0,0,0,0,1526.175302307599
;91340.8,0,0,0,0,1531.175302307599
;91340.8,0,0,0,0,1536.175302307599
;91340.8,0,0,0,0,1541.175302307599
;91340.8,0,0,0,0,1546.175302307599
;91340.8,0,0,0,0,1551.175302307599
;91340.8,0,0,0,0,1556.175302307599
;91340.8,0,0,0,0,1561.175302307599
;91340.8,0,0,0,0,1566.175302307599
;91340.8,0,0,0,0,1571.175302307599
;91340.8,0,0,0,0,1576.175302307599
;91340.8,0,0,0,0,1581.175302307599
;91340.8,0,0,0,0,1586.175302307599
;91340.8,0,0,0,0,1591.175302307599
;91340.8,0,0,0,0,1596.175302307599
;91340.8,0,0,0,0,1601.175302307599
;91340.8,0,0,0,0,1606.175302307599
;91340.8,0,0,0,0,1611.175302307599
;91340.8,0,0,0,0,1616.175302307599
;91340.8,0,0,0,0,1621.175302307599
;91340.8,0,0,0,0,1626.175302307599
;91340.8,0,0,0,0,1631.175302307599
;91340.8,0,0,0,0,1636.175302307599
;91340.8,0,0,0,0,1641.175302307599
;91340.8,0,0,0,0,1646.175302307599
;91340.8,0,0,0,0,1651.175302307599
;91340.8,0,0,0,0,1656.175302307599
;91340.8,0,0,0,0,1661.175302307599
;91340.8,0,0,0,0,1666.175302307599
;91340.8,0,0,0,0,1671.175302307599
;91340.8,0,0,0,0,1676.175302307599
;91340.8,0,0,0,0,1681.175302307599
;91340.8,0,0,0,0,1686.175302307599
;91340.8,0,0,0,0,1691.175302307599
;91340.8,0,0,0,0,1696.175302307599
;91340.8,0,0,0,0,1701.175302307599
;91340.8,0,0,0,0,1706.175302307599
;91340.8,0,0,0,0,1711.175302307599
;91340.8,0,0,0,0,1716.175302307599
;91340.8,0,0,0,0,1721.175302307599
;91340.8,0,0,0,0,1726.175302307599
;91340.8,0,0,0,0,1731.175302307599
;91340.8,0,0,0,0,1736.175302307599
;91340.8,0,0,0,0,1741.175302307599
;91340.8,0,0,0,0,1746.175302307599
;91340.8,0,0,0,0,1751.175302307599
;91340.8,0,0,0,0,1756.175302307599
;91340.8,0,0,0,0,1761.175302307599
;91340.8,0,0,0,0,1766.175302307599
;91340.8,0,0,0,0,1771.175302307599
;91340.8,0,0,0,0,1776.175302307599
;91340.8,0,0,0,0,1781.175302307599
;91340.8,0,0,0,0,1786.175302307599
;91340.8,0,0,0,0,1791.175302307599
;91340.8,0,0,0,0,1796.175302307599
;91340.8,0,0,0,0,1801.175302307599
;91340.8,0,0,0,0,1806.175302307599
;91340.8,0,0,0,0,1811.175302307599
;91340.8,0,0,0,0,1816.175302307599
;91340.8,0,0,0,0,1821.175302307599
;91340.8,0,0,0,0,1826.175302307599
;91340.8,0,0,0,0,1831.175302307599
;91340.8,0,0,0,0,1836.175302307599
;91340.8,0,0,0,0,1841.175302307599
;91340.8,0,0,0,0,1846.175302307599
;91340.8,0,0,0,0,1851.175302307599
;91340.8,0,0,0,0,1856.175302307599
;91340.8,0,0,0,0,1861.175302307599
;91340.8,0,0,0,0,1866.175302307599
;91340.8,0,0,0,0,1871.175302307599
;91340.8,0,0,0,0,1876.175302307599
;91340.8,0,0,0,0,1881.175302307599
;91340.8,0,0,0,0,1886.175302307599
;91340.8,0,0,0,0,1891.175302307599
;91340.8,0,0,0,0,1896.175302307599
;91340.8,0,0,0,0,1901.175302307599
;91340.8,0,0,0,0,1906.175302307599
;91340.8,0,0,0,0,1911.175302307599
;91340.8,0,0,0,0,1916.175302307599
;91340.8,0,0,0,0,1921.175302307599
;91340.8,0,0,0,0,1926.175302307599
;91340.8,0,0,0,0,1931.175302307599
;91340.8,0,0,0,0,1936.175302307599
;91340.8,0,0,0,0,1941.175302307599
;91340.8,0,0,0,0,1946.175302307599
;91340.8,0,0,0,0,1951.175302307599
;91340.8,0,0,0,0,1956.175302307599
;91340.8,0,0,0,0,1961.175302307599
;91340.8,0,0,0,0,1966.175302307599
;91340.8,0,0,0,0,1971.175302307599
;91340.8,0,0,0,0,1976.175302307599
;91340.8,0,0,0,0,1981.175302307599
;91340.8,0,0,0,0,1986.175302307599
;91340.8,0,0,0,0,1991.175302307599
;91340.8,0,0,0,0,1996.175302307599
;99532.8,0,0,0,0,1.175302307599
;99532.8,0,0,0,0,6.175302307599
;99532.8,0,0,0,0,11.175302307599
;99532.8,0,0,0,0,16.175302307599
;99532.8,0,0,0,0,21.175302307599
;99532.8,0,0,0,0,26.175302307599
;99532.8,0,0,0,0,31.175302307599
;99532.8,0,0,0,0,36.175302307599
;99532.8,0,0,0,0,41.175302307599
;99532.8,0,0,0,0,46.175302307599
;99532.8,0,0,0,0,51.175302307599
;99532.8,0,0,0,0,56.175302307599
;99532.8,0,0,0,0,61.175302307599
;99532.8,0,0,0,0,66.175302307599
;99532.8,0,0,0,0,71.175302307599
;99532.8,0,0,0,0,76.175302307599
;99532.8,0,0,0,0,81.175302307599
;99532.8,0,0,0,0,86.175302307599
;99532.8,0,0,0,0,91.175302307599
;99532.8,0,0,0,0,96.175302307599
;99532.8,0,0,0,0,101.175302307599
;99532.8,0,0,0,0,106.175302307599
;99532.8,0,0,0,0,111.175302307599
;99532.8,0,0,0,0,116.175302307599
;99532.8,0,0,0,0,121.175302307599
;99532.8,0,0,0,0,126.175302307599
;99532.8,0,0,0,0,131.175302307599
;99532.8,0,0,0,0,136.175302307599
;99532.8,0,0,0,0,141.175302307599
;99532.8,0,0,0,0,146.175302307599
;99532.8,0,0,0,0,151.175302307599
;99532.8,0,0,0,0,156.175302307599
;99532.8,0,0,0,0,161.175302307599
;99532.8,0,0,0,0,166.175302307599
;99532.8,0,0,0,0,171.175302307599
;99532.8,0,0,0,0,176.175302307599
;99532.8,0,0,0,0,181.175302307599
;99532.8,0,0,0,0,186.175302307599
;99532.8,0,0,0,0,191.175302307599
;99532.8,0,0,0,0,196.175302307599
;99532.8,0,0,0,0,201.175302307599
;99532.8,0,0,0,0,206.175302307599
;99532.8,0,0,0,0,211.175302307599
;99532.8,0,0,0,0,216.175302307599
;99532.8,0,0,0,0,221.175302307599
;99532.8,0,0,0,0,226.175302307599
;99532.8,0,0,0,0,231.175302307599
;99532.8,0,0,0,0,236.175302307599
;99532.8,0,0,0,0,241.175302307599
;99532.8,0,0,0,0,246.175302307599
;99532.8,0,0,0,0,251.175302307599
;99532.8,0,0,0,0,256.175302307599
;99532.8,0,0,0,0,261.175302307599
;99532.8,0,0,0,0,266.175302307599
;99532.8,0,0,0,0,271.175302307599
;99532.8,0,0,0,0,276.175302307599
;99532.8,0,0,0,0,281.175302307599
;99532.8,0,0,0,0,286.175302307599
;99532.8,0,0,0,0,291.175302307599
;99532.8,0,0,0,0,296.175302307599
;99532.8,0,0,0,0,301.175302307599
;99532.8,0,0,0,0,306.175302307599
;99532.8,0,0,0,0,311.175302307599
;99532.8,0,0,0,0,316.175302307599
;99532.8,0,0,0,0,321.175302307599
;99532.8,0,0,0,0,326.175302307599
;99532.8,0,0,0,0,331.175302307599
;99532.8,0,0,0,0,336.175302307599
;99532.8,0,0,0,0,341.175302307599
;99532.8,0,0,0,0,346.175302307599
;99532.8,0,0,0,0,351.175302307599
;99532.8,0,0,0,0,356.175302307599
;99532.8,0,0,0,0,361.175302307599
;99532.8,0,0,0,0,366.175302307599
;99532.8,0,0,0,0,371.175302307599
;99532.8,0,0,0,0,376.175302307599
;99532.8,0,0,0,0,381.175302307599
;99532.8,0,0,0,0,386.175302307599
;99532.8,0,0,0,0,391.175302307599
;99532.8,0,0,0,0,396.175302307599
;99532.8,0,0,0,0,401.175302307599
;99532.8,0,0,0,0,406.175302307599
;99532.8,0,0,0,0,411.175302307599
;99532.8,0,0,0,0,416.175302307599
;99532.8,0,0,0,0,421.175302307599
;99532.8,0,0,0,0,426.175302307599
;99532.8,0,0,0,0,431.175302307599
;99532.8,0,0,0,0,436.175302307599
;99532.8,0,0,0,0,441.175302307599
;99532.8,0,0,0,0,446.175302307599
;99532.8,0,0,0,0,451.175302307599
;99532.8,0,0,0,0,456.175302307599
;99532.8,0,0,0,0,461.175302307599
;99532.8,0,0,0,0,466.175302307599
;99532.8,0,0,0,0,471.175302307599
;99532.8,0,0,0,0,476.175302307599
;99532.8,0,0,0,0,481.175302307599
;99532.8,0,0,0,0,486.175302307599
;99532.8,0,0,0,0,491.175302307599
;99532.8,0,0,0,0,496.175302307599
;99532.8,0,0,0,0,501.175302307599
;99532.8,0,0,0,0,506.175302307599
;99532.8,0,0,0,0,511.175302307599
;99532.8,0,0,0,0,516.175302307599
;99532.8,0,0,0,0,521.175302307599
;99532.8,0,0,0,0,526.175302307599
;99532.8,0,0,0,0,531.175302307599
;99532.8,0,0,0,0,536.175302307599
;99532.8,0,0,0,0,541.175302307599
;99532.8,0,0,0,0,546.175302307599
;99532.8,0,0,0,0,551.175302307599
;99532.8,0,0,0,0,556.175302307599
;99532.8,0,0,0,0,561.175302307599
;99532.8,0,0,0,0,566.175302307599
;99532.8,0,0,0,0,571.175302307599
;99532.8,0,0,0,0,576.175302307599
;99532.8,0,0,0,0,581.175302307599
;99532.8,0,0,0,0,586.175302307599
;99532.8,0,0,0,0,591.175302307599
;99532.8,0,0,0,0,596.175302307599
;99532.8,0,0,0,0,601.175302307599
;99532.8,0,0,0,0,606.175302307599
;99532.8,0,0,0,0,611.175302307599
;99532.8,0,0,0,0,616.175302307599
;99532.8,0,0,0,0,621.175302307599
;99532.8,0,0,0,0,626.175302307599
;99532.8,0,0,0,0,631.175302307599
;99532.8,0,0,0,0,636.175302307599
;99532.8,0,0,0,0,641.175302307599
;99532.8,0,0,0,0,646.175302307599
;99532.8,0,0,0,0,651.175302307599
;99532.8,0,0,0,0,656.175302307599
;99532.8,0,0,0,0,661.175302307599
;99532.8,0,0,0,0,666.175302307599
;99532.8,0,0,0,0,671.175302307599
;99532.8,0,0,0,0,676.175302307599
;99532.8,0,0,0,0,681.175302307599
;99532.8,0,0,0,0,686.175302307599
;99532.8,0,0,0,0,691.175302307599
;99532.8,0,0,0,0,696.175302307599
;99532.8,0,0,0,0,701.175302307599
;99532.8,0,0,0,0,706.175302307599
;99532.8,0,0,0,0,711.175302307599
;99532.8,0,0,0,0,716.175302307599
;99532.8,0,0,0,0,721.175302307599
;99532.8,0,0,0,0,726.175302307599
;99532.8,0,0,0,0,731.175302307599
;99532.8,0,0,0,0,736.175302307599
;99532.8,0,0,0,0,741.175302307599
;99532.8,0,0,0,0,746.175302307599
;99532.8,0,0,0,0,751.175302307599
;99532.8,0,0,0,0,756.175302307599
;99532.8,0,0,0,0,761.175302307599
;99532.8,0,0,0,0,766.175302307599
;99532.8,0,0,0,0,771.175302307599
;99532.8,0,0,0,0,776.175302307599
;99532.8,0,0,0,0,781.175302307599
;99532.8,0,0,0,0,786.175302307599
;99532.8,0,0,0,0,791.175302307599
;99532.8,0,0,0,0,796.175302307599
;99532.8,0,0,0,0,801.175302307599
;99532.8,0,0,0,0,806.175302307599
;99532.8,0,0,0,0,811.175302307599
;99532.8,0,0,0,0,816.175302307599
;99532.8,0,0,0,0,821.175302307599
;99532.8,0,0,0,0,826.175302307599
;99532.8,0,0,0,0,831.175302307599
;99532.8,0,0,0,0,836.175302307599
;99532.8,0,0,0,0,841.175302307599
;99532.8,0,0,0,0,846.175302307599
;99532.8,0,0,0,0,851.175302307599
;99532.8,0,0,0,0,856.175302307599
;99532.8,0,0,0,0,861.175302307599
;99532.8,0,0,0,0,866.175302307599
;99532.8,0,0,0,0,871.175302307599
;99532.8,0,0,0,0,876.175302307599
;99532.8,0,0,0,0,881.175302307599
;99532.8,0,0,0,0,886.175302307599
;99532.8,0,0,0,0,891.175302307599
;99532.8,0,0,0,0,896.175302307599
;99532.8,0,0,0,0,901.175302307599
;99532.8,0,0,0,0,906.175302307599
;99532.8,0,0,0,0,911.175302307599
;99532.8,0,0,0,0,916.175302307599
;99532.8,0,0,0,0,921.175302307599
;99532.8,0,0,0,0,926.175302307599
;99532.8,0,0,0,0,931.175302307599
;99532.8,0,0,0,0,936.175302307599
;99532.8,0,0,0,0,941.175302307599
;99532.8,0,0,0,0,946.175302307599
;99532.8,0,0,0,0,951.175302307599
;99532.8,0,0,0,0,956.175302307599
;99532.8,0,0,0,0,961.175302307599
;99532.8,0,0,0,0,966.175302307599
;99532.8,0,0,0,0,971.175302307599
;99532.8,0,0,0,0,976.175302307599
;99532.8,0,0,0,0,981.175302307599
;99532.8,0,0,0,0,986.175302307599
;99532.8,0,0,0,0,991.175302307599
;99532.8,0,0,0,0,996.175302307599
;99532.8,0,0,0,0,1001.175302307599
;99532.8,0,0,0,0,1006.175302307599
;99532.8,0,0,0,0,1011.175302307599
;99532.8,0,0,0,0,1016.175302307599
;99532.8,0,0,0,0,1021.175302307599
;99532.8,0,0,0,0,1026.175302307599
;99532.8,0,0,0,0,1031.175302307599
;99532.8,0,0,0,0,1036.175302307599
;99532.8,0,0,0,0,1041.175302307599
;99532.8,0,0,0,0,1046.175302307599
;99532.8,0,0,0,0,1051.175302307599
;99532.8,0,0,0,0,1056.175302307599
;99532.8,0,0,0,0,1061.175302307599
;99532.8,0,0,0,0,1066.175302307599
;99532.8,0,0,0,0,1071.175302307599
;99532.8,0,0,0,0,1076.175302307599
;99532.8,0,0,0,0,1081.175302307599
;99532.8,0,0,0,0,1086.175302307599
;99532.8,0,0,0,0,1091.175302307599
;99532.8,0,0,0,0,1096.175302307599
;99532.8,0,0,0,0,1101.175302307599
;99532.8,0,0,0,0,1106.175302307599
;99532.8,0,0,0,0,1111.175302307599
;99532.8,0,0,0,0,1116.175302307599
;99532.8,0,0,0,0,1121.175302307599
;99532.8,0,0,0,0,1126.175302307599
;99532.8,0,0,0,0,1131.175302307599
;99532.8,0,0,0,0,1136.175302307599
;99532.8,0,0,0,0,1141.175302307599
;99532.8,0,0,0,0,1146.175302307599
;99532.8,0,0,0,0,1151.175302307599
;99532.8,0,0,0,0,1156.175302307599
;99532.8,0,0,0,0,1161.175302307599
;99532.8,0,0,0,0,1166.175302307599
;99532.8,0,0,0,0,1171.175302307599
;99532.8,0,0,0,0,1176.175302307599
;99532.8,0,0,0,0,1181.175302307599
;99532.8,0,0,0,0,1186.175302307599
;99532.8,0,0,0,0,1191.175302307599
;99532.8,0,0,0,0,1196.175302307599
;99532.8,0,0,0,0,1201.175302307599
;99532.8,0,0,0,0,1206.175302307599
;99532.8,0,0,0,0,1211.175302307599
;99532.8,0,0,0,0,1216.175302307599
;99532.8,0,0,0,0,1221.175302307599
;99532.8,0,0,0,0,1226.175302307599
;99532.8,0,0,0,0,1231.175302307599
;99532.8,0,0,0,0,1236.175302307599
;99532.8,0,0,0,0,1241.175302307599
;99532.8,0,0,0,0,1246.175302307599
;99532.8,0,0,0,0,1251.175302307599
;99532.8,0,0,0,0,1256.175302307599
;99532.8,0,0,0,0,1261.175302307599
;99532.8,0,0,0,0,1266.175302307599
;99532.8,0,0,0,0,1271.175302307599
;99532.8,0,0,0,0,1276.175302307599
;99532.8,0,0,0,0,1281.175302307599
;99532.8,0,0,0,0,1286.175302307599
;99532.8,0,0,0,0,1291.175302307599
;99532.8,0,0,0,0,1296.175302307599
;99532.8,0,0,0,0,1301.175302307599
;99532.8,0,0,0,0,1306.175302307599
;99532.8,0,0,0,0,1311.175302307599
;99532.8,0,0,0,0,1316.175302307599
;99532.8,0,0,0,0,1321.175302307599
;99532.8,0,0,0,0,1326.175302307599
;99532.8,0,0,0,0,1331.175302307599
;99532.8,0,0,0,0,1336.175302307599
;99532.8,0,0,0,0,1341.175302307599
;99532.8,0,0,0,0,1346.175302307599
;99532.8,0,0,0,0,1351.175302307599
;99532.8,0,0,0,0,1356.175302307599
;99532.8,0,0,0,0,1361.175302307599
;99532.8,0,0,0,0,1366.175302307599
;99532.8,0,0,0,0,1371.175302307599
;99532.8,0,0,0,0,1376.175302307599
;99532.8,0,0,0,0,1381.175302307599
;99532.8,0,0,0,0,1386.175302307599
;99532.8,0,0,0,0,1391.175302307599
;99532.8,0,0,0,0,1396.175302307599
;99532.8,0,0,0,0,1401.175302307599
;99532.8,0,0,0,0,1406.175302307599
;99532.8,0,0,0,0,1411.175302307599
;99532.8,0,0,0,0,1416.175302307599
;99532.8,0,0,0,0,1421.175302307599
;99532.8,0,0,0,0,1426.175302307599
;99532.8,0,0,0,0,1431.175302307599
;99532.8,0,0,0,0,1436.175302307599
;99532.8,0,0,0,0,1441.175302307599
;99532.8,0,0,0,0,1446.175302307599
;99532.8,0,0,0,0,1451.175302307599
;99532.8,0,0,0,0,1456.175302307599
;99532.8,0,0,0,0,1461.175302307599
;99532.8,0,0,0,0,1466.175302307599
;99532.8,0,0,0,0,1471.175302307599
;99532.8,0,0,0,0,1476.175302307599
;99532.8,0,0,0,0,1481.175302307599
;99532.8,0,0,0,0,1486.175302307599
;99532.8,0,0,0,0,1491.175302307599
;99532.8,0,0,0,0,1496.175302307599
;99532.8,0,0,0,0,1501.175302307599
;99532.8,0,0,0,0,1506.175302307599
;99532.8,0,0,0,0,1511.175302307599
;99532.8,0,0,0,0,1516.175302307599
;99532.8,0,0,0,0,1521.175302307599
;99532.8,0,0,0,0,1526.175302307599
;99532.8,0,0,0,0,1531.175302307599
;99532.8,0,0,0,0,1536.175302307599
;99532.8,0,0,0,0,1541.175302307599
;99532.8,0,0,0,0,1546.175302307599
;99532.8,0,0,0,0,1551.175302307599
;99532.8,0,0,0,0,1556.175302307599
;99532.8,0,0,0,0,1561.175302307599
;99532.8,0,0,0,0,1566.175302307599
;99532.8,0,0,0,0,1571.175302307599
;99532.8,0,0,0,0,1576.175302307599
;99532.8,0,0,0,0,1581.175302307599
;99532.8,0,0,0,0,1586.175302307599
;99532.8,0,0,0,0,1591.175302307599
;99532.8,0,0,0,0,1596.175302307599
;99532.8,0,0,0,0,1601.175302307599
;99532.8,0,0,0,0,1606.175302307599
;99532.8,0,0,0,0,1611.175302307599
;99532.8,0,0,0,0,1616.175302307599
;99532.8,0,0,0,0,1621.175302307599
;99532.8,0,0,0,0,1626.175302307599
;99532.8,0,0,0,0,1631.175302307599
;99532.8,0,0,0,0,1636.175302307599
;99532.8,0,0,0,0,1641.175302307599
;99532.8,0,0,0,0,1646.175302307599
;99532.8,0,0,0,0,1651.175302307599
;99532.8,0,0,0,0,1656.175302307599
;99532.8,0,0,0,0,1661.175302307599
;99532.8,0,0,0,0,1666.175302307599
;99532.8,0,0,0,0,1671.175302307599
;99532.8,0,0,0,0,1676.175302307599
;99532.8,0,0,0,0,1681.175302307599
;99532.8,0,0,0,0,1686.175302307599
;99532.8,0,0,0,0,1691.175302307599
;99532.8,0,0,0,0,1696.175302307599
;99532.8,0,0,0,0,1701.175302307599
;99532.8,0,0,0,0,1706.175302307599
;99532.8,0,0,0,0,1711.175302307599
;99532.8,0,0,0,0,1716.175302307599
;99532.8,0,0,0,0,1721.175302307599
;99532.8,0,0,0,0,1726.175302307599
;99532.8,0,0,0,0,1731.175302307599
;99532.8,0,0,0,0,1736.175302307599
;99532.8,0,0,0,0,1741.175302307599
;99532.8,0,0,0,0,1746.175302307599
;99532.8,0,0,0,0,1751.175302307599
;99532.8,0,0,0,0,1756.175302307599
;99532.8,0,0,0,0,1761.175302307599
;99532.8,0,0,0,0,1766.175302307599
;99532.8,0,0,0,0,1771.175302307599
;99532.8,0,0,0,0,1776.175302307599
;99532.8,0,0,0,0,1781.175302307599
;99532.8,0,0,0,0,1786.175302307599
;99532.8,0,0,0,0,1791.175302307599
;99532.8,0,0,0,0,1796.175302307599
;99532.8,0,0,0,0,1801.175302307599
;99532.8,0,0,0,0,1806.175302307599
;99532.8,0,0,0,0,1811.175302307599
;99532.8,0,0,0,0,1816.175302307599
;99532.8,0,0,0,0,1821.175302307599
;99532.8,0,0,0,0,1826.175302307599
;99532.8,0,0,0,0,1831.175302307599
;99532.8,0,0,0,0,1836.175302307599
;99532.8,0,0,0,0,1841.175302307599
;99532.8,0,0,0,0,1846.175302307599
;99532.8,0,0,0,0,1851.175302307599
;99532.8,0,0,0,0,1856.175302307599
;99532.8,0,0,0,0,1861.175302307599
;99532.8,0,0,0,0,1866.175302307599
;99532.8,0,0,0,0,1871.175302307599
;99532.8,0,0,0,0,1876.175302307599
;99532.8,0,0,0,0,1881.175302307599
;99532.8,0,0,0,0,1886.175302307599
;99532.8,0,0,0,0,1891.175302307599
;99532.8,0,0,0,0,1896.175302307599
;99532.8,0,0,0,0,1901.175302307599
;99532.8,0,0,0,0,1906.175302307599
;99532.8,0,0,0,0,1911.175302307599
;99532.8,0,0,0,0,1916.175302307599
;86425.6,0,0,0,0,1.175302307599
test1inerh,test1inerh,test1inerh,test1inerh,;84377.6,0.564731085042,0.565061085042,0.565365085042,0.565682085042,6.175302307599
;84377.6,0,0,0,0,11.175302307599
;84377.6,0,0,0,0,16.175302307599
;84377.6,0,0,0,0,21.175302307599
;84377.6,0,0,0,0,26.175302307599
;84377.6,0,0,0,0,31.175302307599
;84377.6,0,0,0,0,36.175302307599
;84377.6,0,0,0,0,41.175302307599
;84377.6,0,0,0,0,46.175302307599
;84377.6,0,0,0,0,51.175302307599
;84377.6,0,0,0,0,56.175302307599
;84377.6,0,0,0,0,61.175302307599
;84377.6,0,0,0,0,66.175302307599
;84377.6,0,0,0,0,71.175302307599
;84377.6,0,0,0,0,76.175302307599
;84377.6,0,0,0,0,81.175302307599
;84377.6,0,0,0,0,86.175302307599
;84377.6,0,0,0,0,91.175302307599
;84377.6,0,0,0,0,96.175302307599
;84377.6,0,0,0,0,101.175302307599
;84377.6,0,0,0,0,106.175302307599
;84377.6,0,0,0,0,111.175302307599
;84377.6,0,0,0,0,116.175302307599
;141312,0,0,0,0,1.175302307599
;141312,0,0,0,0,6.175302307599
;141312,0,0,0,0,11.175302307599
;141312,0,0,0,0,16.175302307599
;141312,0,0,0,0,21.175302307599
;141312,0,0,0,0,26.175302307599
;141312,0,0,0,0,31.175302307599
;141312,0,0,0,0,36.175302307599
;141312,0,0,0,0,41.175302307599
;141312,0,0,0,0,46.175302307599
;141312,0,0,0,0,51.175302307599
;141312,0,0,0,0,56.175302307599
;141312,0,0,0,0,61.175302307599
;141312,0,0,0,0,66.175302307599
;141312,0,0,0,0,71.175302307599
;141312,0,0,0,0,76.175302307599
;141312,0,0,0,0,81.175302307599
;141312,0,0,0,0,86.175302307599
;141312,0,0,0,0,91.175302307599
;141312,0,0,0,0,96.175302307599
;141312,0,0,0,0,101.175302307599
;141312,0,0,0,0,106.175302307599
;141312,0,0,0,0,111.175302307599
;141312,0,0,0,0,116.175302307599
;123290,0,0,0,0,1.175302307599
test1pmzao,test1pmzao,;121958,2.759722345199,2.760052345199,0,0,6.175302307599
;121958,0,0,0,0,11.175302307599
;121958,0,0,0,0,16.175302307599
;121958,0,0,0,0,21.175302307599
;121958,0,0,0,0,26.175302307599
;121958,0,0,0,0,31.175302307599
;126566,0,0,0,0,1.175302307599
test1shnrx,;125850,2.937285966114,0,0,0,6.175302307599
;125850,0,0,0,0,11.175302307599
;125850,0,0,0,0,16.175302307599
;125850,0,0,0,0,21.175302307599
;125850,0,0,0,0,26.175302307599
;125850,0,0,0,0,31.175302307599
;125850,0,0,0,0,36.175302307599
;125850,0,0,0,0,41.175302307599
;125850,0,0,0,0,46.175302307599
;125850,0,0,0,0,51.175302307599
;125850,0,0,0,0,56.175302307599
;125850,0,0,0,0,61.175302307599
;125850,0,0,0,0,66.175302307599
;125850,0,0,0,0,71.175302307599
;125850,0,0,0,0,76.175302307599
;125850,0,0,0,0,81.175302307599
;125850,0,0,0,0,86.175302307599
;125850,0,0,0,0,91.175302307599
;125850,0,0,0,0,96.175302307599
;125850,0,0,0,0,101.175302307599
;125850,0,0,0,0,106.175302307599
;125850,0,0,0,0,111.175302307599
;125850,0,0,0,0,116.175302307599
;125850,0,0,0,0,121.175302307599
;125850,0,0,0,0,126.175302307599
;125850,0,0,0,0,131.175302307599
;125850,0,0,0,0,136.175302307599
;126566,0,0,0,0,141.175302307599
;126566,0,0,0,0,146.175302307599
;126566,0,0,0,0,151.175302307599
;126566,0,0,0,0,156.175302307599
;126566,0,0,0,0,161.175302307599
;126566,0,0,0,0,166.175302307599
;126566,0,0,0,0,171.175302307599
;126566,0,0,0,0,176.175302307599
;126566,0,0,0,0,181.175302307599
;126566,0,0,0,0,186.175302307599
;126566,0,0,0,0,191.175302307599
;126566,0,0,0,0,196.175302307599
;126566,0,0,0,0,201.175302307599
;126566,0,0,0,0,206.175302307599
;126566,0,0,0,0,211.175302307599
;126566,0,0,0,0,216.175302307599
;126566,0,0,0,0,221.175302307599
;126566,0,0,0,0,226.175302307599
;126566,0,0,0,0,231.175302307599
;126566,0,0,0,0,236.175302307599
;126566,0,0,0,0,241.175302307599
;126566,0,0,0,0,246.175302307599
;126566,0,0,0,0,251.175302307599
;126566,0,0,0,0,256.175302307599
;126566,0,0,0,0,261.175302307599
;126566,0,0,0,0,266.175302307599
;126566,0,0,0,0,271.175302307599
;126566,0,0,0,0,276.175302307599
;126566,0,0,0,0,281.175302307599
;126566,0,0,0,0,286.175302307599
;126566,0,0,0,0,291.175302307599
;126566,0,0,0,0,296.175302307599
;126566,0,0,0,0,301.175302307599
;126566,0,0,0,0,306.175302307599
;126566,0,0,0,0,311.175302307599
;126566,0,0,0,0,316.175302307599
;126566,0,0,0,0,321.175302307599
;126566,0,0,0,0,326.175302307599
;126566,0,0,0,0,331.175302307599
;126566,0,0,0,0,336.175302307599
;126566,0,0,0,0,341.175302307599
;126566,0,0,0,0,346.175302307599
;126566,0,0,0,0,351.175302307599
;126566,0,0,0,0,356.175302307599
;126566,0,0,0,0,361.175302307599
;126566,0,0,0,0,366.175302307599
;104448,0,0,0,0,1.175302307599
;104448,0,0,0,0,6.175302307599
;104448,0,0,0,0,11.175302307599
;104448,0,0,0,0,16.175302307599
;104448,0,0,0,0,21.175302307599
;104448,0,0,0,0,26.175302307599
;104448,0,0,0,0,31.175302307599
;104448,0,0,0,0,36.175302307599
;104448,0,0,0,0,41.175302307599
;104448,0,0,0,0,46.175302307599
;104448,0,0,0,0,51.175302307599
;104448,0,0,0,0,56.175302307599
;104448,0,0,0,0,61.175302307599
;104448,0,0,0,0,66.175302307599
;104448,0,0,0,0,71.175302307599
;104448,0,0,0,0,76.175302307599
;104448,0,0,0,0,81.175302307599
;104448,0,0,0,0,86.175302307599
;104448,0,0,0,0,91.175302307599
;104448,0,0,0,0,96.175302307599
;104448,0,0,0,0,101.175302307599
;104448,0,0,0,0,106.175302307599
;104448,0,0,0,0,111.175302307599
;104448,0,0,0,0,116.175302307599
;104448,0,0,0,0,121.175302307599
;104448,0,0,0,0,126.175302307599
;104448,0,0,0,0,131.175302307599
;104448,0,0,0,0,136.175302307599
;104448,0,0,0,0,141.175302307599
;104448,0,0,0,0,146.175302307599
;104448,0,0,0,0,151.175302307599
;104448,0,0,0,0,156.175302307599
;104448,0,0,0,0,161.175302307599
;104448,0,0,0,0,166.175302307599
;104448,0,0,0,0,171.175302307599
;104448,0,0,0,0,176.175302307599
;104448,0,0,0,0,181.175302307599
;104448,0,0,0,0,186.175302307599
;104448,0,0,0,0,191.175302307599
;104448,0,0,0,0,196.175302307599
;104448,0,0,0,0,201.175302307599
;104448,0,0,0,0,206.175302307599
;104448,0,0,0,0,211.175302307599
;104448,0,0,0,0,216.175302307599
;104448,0,0,0,0,221.175302307599
;104448,0,0,0,0,226.175302307599
;104448,0,0,0,0,231.175302307599
;104448,0,0,0,0,236.175302307599
;104448,0,0,0,0,241.175302307599
;104448,0,0,0,0,246.175302307599
;104448,0,0,0,0,251.175302307599
;104448,0,0,0,0,256.175302307599
;104448,0,0,0,0,261.175302307599
;104448,0,0,0,0,266.175302307599
;104448,0,0,0,0,271.175302307599
;104448,0,0,0,0,276.175302307599
;104448,0,0,0,0,281.175302307599
;104448,0,0,0,0,286.175302307599
;104448,0,0,0,0,291.175302307599
;104448,0,0,0,0,296.175302307599
;104448,0,0,0,0,301.175302307599
;104448,0,0,0,0,306.175302307599
;104448,0,0,0,0,311.175302307599
;104448,0,0,0,0,316.175302307599
;104448,0,0,0,0,321.175302307599
;104448,0,0,0,0,326.175302307599
;104448,0,0,0,0,331.175302307599
;104448,0,0,0,0,336.175302307599
;104448,0,0,0,0,341.175302307599
;104448,0,0,0,0,346.175302307599
;104448,0,0,0,0,351.175302307599
;104448,0,0,0,0,356.175302307599
;104448,0,0,0,0,361.175302307599
;104448,0,0,0,0,366.175302307599
;104448,0,0,0,0,371.175302307599
;104448,0,0,0,0,376.175302307599
;104448,0,0,0,0,381.175302307599
;104448,0,0,0,0,386.175302307599
;104448,0,0,0,0,391.175302307599
;104448,0,0,0,0,396.175302307599
;104448,0,0,0,0,401.175302307599
;104448,0,0,0,0,406.175302307599
;104448,0,0,0,0,411.175302307599
;104448,0,0,0,0,416.175302307599
;104448,0,0,0,0,421.175302307599
;104448,0,0,0,0,426.175302307599
;104448,0,0,0,0,431.175302307599
;104448,0,0,0,0,436.175302307599
;104448,0,0,0,0,441.175302307599
;104448,0,0,0,0,446.175302307599
;104448,0,0,0,0,451.175302307599
;104448,0,0,0,0,456.175302307599
;104448,0,0,0,0,461.175302307599
;104448,0,0,0,0,466.175302307599
;104448,0,0,0,0,471.175302307599
;104448,0,0,0,0,476.175302307599
;104448,0,0,0,0,481.175302307599
;104448,0,0,0,0,486.175302307599
;104448,0,0,0,0,491.175302307599
;104448,0,0,0,0,496.175302307599
;104448,0,0,0,0,501.175302307599
;104448,0,0,0,0,506.175302307599
;104448,0,0,0,0,511.175302307599
;104448,0,0,0,0,516.175302307599
;104448,0,0,0,0,521.175302307599
;104448,0,0,0,0,526.175302307599
;104448,0,0,0,0,531.175302307599
;104448,0,0,0,0,536.175302307599
;104448,0,0,0,0,541.175302307599
;104448,0,0,0,0,546.175302307599
;104448,0,0,0,0,551.175302307599
;104448,0,0,0,0,556.175302307599
;104448,0,0,0,0,561.175302307599
;104448,0,0,0,0,566.175302307599
;104448,0,0,0,0,571.175302307599
;104448,0,0,0,0,576.175302307599
;104448,0,0,0,0,581.175302307599
;104448,0,0,0,0,586.175302307599
;104448,0,0,0,0,591.175302307599
;104448,0,0,0,0,596.175302307599
;104448,0,0,0,0,601.175302307599
;104448,0,0,0,0,606.175302307599
;104448,0,0,0,0,611.175302307599
;104448,0,0,0,0,616.175302307599
;104448,0,0,0,0,621.175302307599
;104448,0,0,0,0,626.175302307599
;104448,0,0,0,0,631.175302307599
;104448,0,0,0,0,636.175302307599
;104448,0,0,0,0,641.175302307599
;104448,0,0,0,0,646.175302307599
;104448,0,0,0,0,651.175302307599
;104448,0,0,0,0,656.175302307599
;104448,0,0,0,0,661.175302307599
;104448,0,0,0,0,666.175302307599
;104448,0,0,0,0,671.175302307599
;104448,0,0,0,0,676.175302307599
;104448,0,0,0,0,681.175302307599
;104448,0,0,0,0,686.175302307599
;104448,0,0,0,0,691.175302307599
;104448,0,0,0,0,696.175302307599
;104448,0,0,0,0,701.175302307599
;104448,0,0,0,0,706.175302307599
;104448,0,0,0,0,711.175302307599
;104448,0,0,0,0,716.175302307599
;104448,0,0,0,0,721.175302307599
;104448,0,0,0,0,726.175302307599
;104448,0,0,0,0,731.175302307599
;104448,0,0,0,0,736.175302307599
;104448,0,0,0,0,741.175302307599
;104448,0,0,0,0,746.175302307599
;104448,0,0,0,0,751.175302307599
;104448,0,0,0,0,756.175302307599
;104448,0,0,0,0,761.175302307599
;104448,0,0,0,0,766.175302307599
;104448,0,0,0,0,771.175302307599
;104448,0,0,0,0,776.175302307599
;104448,0,0,0,0,781.175302307599
;104448,0,0,0,0,786.175302307599
;104448,0,0,0,0,791.175302307599
;104448,0,0,0,0,796.175302307599
;104448,0,0,0,0,801.175302307599
;104448,0,0,0,0,806.175302307599
;104448,0,0,0,0,811.175302307599
;104448,0,0,0,0,816.175302307599
;104448,0,0,0,0,821.175302307599
;104448,0,0,0,0,826.175302307599
;104448,0,0,0,0,831.175302307599
;104448,0,0,0,0,836.175302307599
;104448,0,0,0,0,841.175302307599
;104448,0,0,0,0,846.175302307599
;104448,0,0,0,0,851.175302307599
;104448,0,0,0,0,856.175302307599
;104448,0,0,0,0,861.175302307599
;104448,0,0,0,0,866.175302307599
;104448,0,0,0,0,871.175302307599
;104448,0,0,0,0,876.175302307599
;104448,0,0,0,0,881.175302307599
;104448,0,0,0,0,886.175302307599
;104448,0,0,0,0,891.175302307599
;104448,0,0,0,0,896.175302307599
;104448,0,0,0,0,901.175302307599
;104448,0,0,0,0,906.175302307599
;104448,0,0,0,0,911.175302307599
;104448,0,0,0,0,916.175302307599
;104448,0,0,0,0,921.175302307599
;104448,0,0,0,0,926.175302307599
;104448,0,0,0,0,931.175302307599
;104448,0,0,0,0,936.175302307599
;104448,0,0,0,0,941.175302307599
;104448,0,0,0,0,946.175302307599
;104448,0,0,0,0,951.175302307599
;104448,0,0,0,0,956.175302307599
;104448,0,0,0,0,961.175302307599
;104448,0,0,0,0,966.175302307599
;104448,0,0,0,0,971.175302307599
;104448,0,0,0,0,976.175302307599
;104448,0,0,0,0,981.175302307599
;104448,0,0,0,0,986.175302307599
;104448,0,0,0,0,991.175302307599
;104448,0,0,0,0,996.175302307599
;104448,0,0,0,0,1001.175302307599
;104448,0,0,0,0,1006.175302307599
;104448,0,0,0,0,1011.175302307599
;104448,0,0,0,0,1016.175302307599
;104448,0,0,0,0,1021.175302307599
;104448,0,0,0,0,1026.175302307599
;104448,0,0,0,0,1031.175302307599
;104448,0,0,0,0,1036.175302307599
;104448,0,0,0,0,1041.175302307599
;104448,0,0,0,0,1046.175302307599
;104448,0,0,0,0,1051.175302307599
;104448,0,0,0,0,1056.175302307599
;104448,0,0,0,0,1061.175302307599
;104448,0,0,0,0,1066.175302307599
;104448,0,0,0,0,1071.175302307599
;104448,0,0,0,0,1076.175302307599
;104448,0,0,0,0,1081.175302307599
;104448,0,0,0,0,1086.175302307599
;104448,0,0,0,0,1091.175302307599
;104448,0,0,0,0,1096.175302307599
;104448,0,0,0,0,1101.175302307599
;104448,0,0,0,0,1106.175302307599
;104448,0,0,0,0,1111.175302307599
;104448,0,0,0,0,1116.175302307599
;104448,0,0,0,0,1121.175302307599
;104448,0,0,0,0,1126.175302307599
;104448,0,0,0,0,1131.175302307599
;104448,0,0,0,0,1136.175302307599
;104448,0,0,0,0,1141.175302307599
;104448,0,0,0,0,1146.175302307599
;104448,0,0,0,0,1151.175302307599
;104448,0,0,0,0,1156.175302307599
;104448,0,0,0,0,1161.175302307599
;104448,0,0,0,0,1166.175302307599
;104448,0,0,0,0,1171.175302307599
;104448,0,0,0,0,1176.175302307599
;104448,0,0,0,0,1181.175302307599
;104448,0,0,0,0,1186.175302307599
;104448,0,0,0,0,1191.175302307599
;104448,0,0,0,0,1196.175302307599
;104448,0,0,0,0,1201.175302307599
;104448,0,0,0,0,1206.175302307599
;104448,0,0,0,0,1211.175302307599
;104448,0,0,0,0,1216.175302307599
;104448,0,0,0,0,1221.175302307599
;104448,0,0,0,0,1226.175302307599
;104448,0,0,0,0,1231.175302307599
;104448,0,0,0,0,1236.175302307599
;104448,0,0,0,0,1241.175302307599
;104448,0,0,0,0,1246.175302307599
;104448,0,0,0,0,1251.175302307599
;104448,0,0,0,0,1256.175302307599
;104448,0,0,0,0,1261.175302307599
;104448,0,0,0,0,1266.175302307599
;104448,0,0,0,0,1271.175302307599
;104448,0,0,0,0,1276.175302307599
;104448,0,0,0,0,1281.175302307599
;104448,0,0,0,0,1286.175302307599
;104448,0,0,0,0,1291.175302307599
;104448,0,0,0,0,1296.175302307599
;104448,0,0,0,0,1301.175302307599
;104448,0,0,0,0,1306.175302307599
;104448,0,0,0,0,1311.175302307599
;104448,0,0,0,0,1316.175302307599
;104448,0,0,0,0,1321.175302307599
;104448,0,0,0,0,1326.175302307599
;104448,0,0,0,0,1331.175302307599
;104448,0,0,0,0,1336.175302307599
;104448,0,0,0,0,1341.175302307599
;104448,0,0,0,0,1346.175302307599
;104448,0,0,0,0,1351.175302307599
;104448,0,0,0,0,1356.175302307599
;104448,0,0,0,0,1361.175302307599
;104448,0,0,0,0,1366.175302307599
;104448,0,0,0,0,1371.175302307599
;104448,0,0,0,0,1376.175302307599
;104448,0,0,0,0,1381.175302307599
;104448,0,0,0,0,1386.175302307599
;104448,0,0,0,0,1391.175302307599
;104448,0,0,0,0,1396.175302307599
;104448,0,0,0,0,1401.175302307599
;104448,0,0,0,0,1406.175302307599
;104448,0,0,0,0,1411.175302307599
;104448,0,0,0,0,1416.175302307599
;104448,0,0,0,0,1421.175302307599
;104448,0,0,0,0,1426.175302307599
;104448,0,0,0,0,1431.175302307599
;104448,0,0,0,0,1436.175302307599
;104448,0,0,0,0,1441.175302307599
;104448,0,0,0,0,1446.175302307599
;104448,0,0,0,0,1451.175302307599
;104448,0,0,0,0,1456.175302307599
;104448,0,0,0,0,1461.175302307599
;104448,0,0,0,0,1466.175302307599
;104448,0,0,0,0,1471.175302307599
;104448,0,0,0,0,1476.175302307599
;104448,0,0,0,0,1481.175302307599
;104448,0,0,0,0,1486.175302307599
;104448,0,0,0,0,1491.175302307599
;104448,0,0,0,0,1496.175302307599
;104448,0,0,0,0,1501.175302307599
;104448,0,0,0,0,1506.175302307599
;104448,0,0,0,0,1511.175302307599
;104448,0,0,0,0,1516.175302307599
;104448,0,0,0,0,1521.175302307599
;104448,0,0,0,0,1526.175302307599
;104448,0,0,0,0,1531.175302307599
;104448,0,0,0,0,1536.175302307599
;104448,0,0,0,0,1541.175302307599
;104448,0,0,0,0,1546.175302307599
;104448,0,0,0,0,1551.175302307599
;104448,0,0,0,0,1556.175302307599
;104448,0,0,0,0,1561.175302307599
;104448,0,0,0,0,1566.175302307599
;104448,0,0,0,0,1571.175302307599
;104448,0,0,0,0,1576.175302307599
;104448,0,0,0,0,1581.175302307599
;104448,0,0,0,0,1586.175302307599
;104448,0,0,0,0,1591.175302307599
;104448,0,0,0,0,1596.175302307599
;104448,0,0,0,0,1601.175302307599
;104448,0,0,0,0,1606.175302307599
;104448,0,0,0,0,1611.175302307599
;104448,0,0,0,0,1616.175302307599
;104448,0,0,0,0,1621.175302307599
;104448,0,0,0,0,1626.175302307599
;104448,0,0,0,0,1631.175302307599
;104448,0,0,0,0,1636.175302307599
;104448,0,0,0,0,1641.175302307599
;104448,0,0,0,0,1646.175302307599
;104448,0,0,0,0,1651.175302307599
;104448,0,0,0,0,1656.175302307599
;104448,0,0,0,0,1661.175302307599
;104448,0,0,0,0,1666.175302307599
;104448,0,0,0,0,1671.175302307599
;104448,0,0,0,0,1676.175302307599
;104448,0,0,0,0,1681.175302307599
;104448,0,0,0,0,1686.175302307599
;104448,0,0,0,0,1691.175302307599
;104448,0,0,0,0,1696.175302307599
;104448,0,0,0,0,1701.175302307599
;104448,0,0,0,0,1706.175302307599
;104448,0,0,0,0,1711.175302307599
;104448,0,0,0,0,1716.175302307599
;104448,0,0,0,0,1721.175302307599
;104448,0,0,0,0,1726.175302307599
;104448,0,0,0,0,1731.175302307599
;104448,0,0,0,0,1736.175302307599
;104448,0,0,0,0,1741.175302307599
;104448,0,0,0,0,1746.175302307599
;104448,0,0,0,0,1751.175302307599
;104448,0,0,0,0,1756.175302307599
;104448,0,0,0,0,1761.175302307599
;104448,0,0,0,0,1766.175302307599
;104448,0,0,0,0,1771.175302307599
;104448,0,0,0,0,1776.175302307599
;104448,0,0,0,0,1781.175302307599
;104448,0,0,0,0,1786.175302307599
;104448,0,0,0,0,1791.175302307599
;104448,0,0,0,0,1796.175302307599
;104448,0,0,0,0,1801.175302307599
;104448,0,0,0,0,1806.175302307599
;104448,0,0,0,0,1811.175302307599
;104448,0,0,0,0,1816.175302307599
;104448,0,0,0,0,1821.175302307599
;104448,0,0,0,0,1826.175302307599
;104448,0,0,0,0,1831.175302307599
;104448,0,0,0,0,1836.175302307599
;104448,0,0,0,0,1841.175302307599
;104448,0,0,0,0,1846.175302307599
;104448,0,0,0,0,1851.175302307599
;104448,0,0,0,0,1856.175302307599
;104448,0,0,0,0,1861.175302307599
;104448,0,0,0,0,1866.175302307599
;104448,0,0,0,0,1871.175302307599
;104448,0,0,0,0,1876.175302307599
;104448,0,0,0,0,1881.175302307599
;104448,0,0,0,0,1886.175302307599
;104448,0,0,0,0,1891.175302307599
;104448,0,0,0,0,1896.175302307599
;104448,0,0,0,0,1901.175302307599
;104448,0,0,0,0,1906.175302307599
;104448,0,0,0,0,1911.175302307599
;104448,0,0,0,0,1916.175302307599
;104448,0,0,0,0,1921.175302307599
;104448,0,0,0,0,1926.175302307599
;104448,0,0,0,0,1931.175302307599
;104448,0,0,0,0,1936.175302307599
;104448,0,0,0,0,1941.175302307599
;104448,0,0,0,0,1946.175302307599
;104448,0,0,0,0,1951.175302307599
;104448,0,0,0,0,1956.175302307599
;104448,0,0,0,0,1961.175302307599
;104448,0,0,0,0,1966.175302307599
;104448,0,0,0,0,1971.175302307599
;104448,0,0,0,0,1976.175302307599
;104448,0,0,0,0,1981.175302307599
;104448,0,0,0,0,1986.175302307599
;104448,0,0,0,0,1991.175302307599
;104448,0,0,0,0,1996.175302307599
;151142,0,0,0,0,1.057263096552
;135578,0,0,0,0,1.057263096552
;135578,0,0,0,0,6.057263096552
;135578,0,0,0,0,11.057263096552
;135578,0,0,0,0,16.057263096552
;135578,0,0,0,0,21.057263096552
;135578,0,0,0,0,26.057263096552
;135578,0,0,0,0,31.057263096552
