,11730,0.0,0.097681078932
,11730,0.0,2.097681078932
,11730,0.0,4.097681078932
,11730,0.0,6.097681078932
,11730,0.0,8.097681078932
,11730,0.0,10.097681078932
,11730,0.0,12.097681078932
,11730,0.0,14.097681078932
,11730,0.0,16.097681078932
,11730,0.0,18.097681078932
,11730,0.0,20.097681078932
,11730,0.0,22.097681078932
,11730,0.0,24.097681078932
,11730,0.0,26.097681078932
,11730,0.0,28.097681078932
,11730,0.0,30.097681078932
,11730,0.0,32.097681078932
,11730,0.0,34.097681078932
,8940,0.0,0.097681078932
,8940,0.0,2.097681078932
,8940,0.0,4.097681078932
,8940,0.0,6.097681078932
,8940,0.0,8.097681078932
,8940,0.0,10.097681078932
,7860,0.0,0.097681078932
,7860,0.0,2.097681078932
,7860,0.0,4.097681078932
,7860,0.0,6.097681078932
,7860,0.0,8.097681078932
,7860,0.0,10.097681078932
,11190,0.0,0.097681078932
,11190,0.0,2.097681078932
,3720,0.0,0.097681078932
,3720,0.0,2.097681078932
,3720,0.0,4.097681078932
,3720,0.0,6.097681078932
,3720,0.0,8.097681078932
,3720,0.0,10.097681078932
,7230,0.0,0.097681078932
,7230,0.0,2.097681078932
,8130,0.0,0.097681078932
,8130,0.0,2.097681078932
,8130,0.0,4.097681078932
,8130,0.0,6.097681078932
,7860,0.0,0.097681078932
,7860,0.0,2.097681078932
,7860,0.0,4.097681078932
,7860,0.0,6.097681078932
,7860,0.0,8.097681078932
,7860,0.0,10.097681078932
,4980,0.0,0.097681078932
,4980,0.0,2.097681078932
,4980,0.0,4.097681078932
,4980,0.0,6.097681078932
,4980,0.0,8.097681078932
,10920,0.0,0.097681078932
,10920,0.0,2.097681078932
,10920,0.0,4.097681078932
,10920,0.0,6.097681078932
,10920,0.0,8.097681078932
,10920,0.0,10.097681078932
,10920,0.0,12.097681078932
,11550,0.0,0.097681078932
,11550,0.0,2.097681078932
,11550,0.0,4.097681078932
,11550,0.0,6.097681078932
flow0.1wgqlp,,10386,0.9658119658119997,8.097681078932
,11550,0.0,10.097681078932
flow0.3hlpjy,,10557,1.1752136752139997,12.097681078932
,11550,0.0,14.097681078932
,11550,0.0,16.097681078932
,11550,0.0,18.097681078932
,11550,0.0,20.097681078932
,11550,0.0,22.097681078932
,11550,0.0,24.097681078932
