,783,0,1
,783,0,1
,783,0,1
,783,0,1
,783,0,1
,783,0,1
,783,0,1
,783,0,1
,783,0,1
,783,0,1
,783,0,1
,783.636,0,1
,783.636,0,1
,783.636,0,1
,783.636,0,1
,783.636,0,1
,783.636,0,1
,783.636,0,1
,783.636,0,1
,783.636,0,1
,783.636,0,1
,783.636,0,1
,783.636,0,1
,783.636,0,1
,783.636,0,1
,783.636,0,1
,783.636,0,1
,783.636,0,1
,783.636,0,1
,783.636,0,1
,783.636,0,1
,783.636,0,1
,783.636,0,1
,783.636,0,1
,783.636,0,1
,783.636,0,1
,783.636,-0.189487094537,0.189487094537
,783.636,-2.378974189074,2.189487094537
,783.636,-6.568461283611,4.189487094537
,783.636,-12.757948378148,6.189487094537
,783.636,-20.947435472685,8.189487094537
,783.636,-31.136922567222,10.189487094537
,783.636,-43.326409661759,12.189487094537
,783.636,-57.515896756296,14.189487094537
,783.636,-73.705383850833,16.189487094537
,783.636,-91.89487094537,18.189487094537
,783.636,-112.084358039907,20.189487094537
,783.636,-0.189487094537,0.189487094537
,783.636,-2.378974189074,2.189487094537
,783.636,-0.189487094537,0.189487094537
,783.636,-2.378974189074,2.189487094537
,783.636,-6.568461283611,4.189487094537
,783.636,-12.757948378148,6.189487094537
,783.636,-20.947435472685,8.189487094537
,783.636,-31.136922567222,10.189487094537
,783.636,-0.189487094537,0.189487094537
,783.636,-2.378974189074,2.189487094537
,783.636,-6.568461283611,4.189487094537
,783.636,-12.757948378148,6.189487094537
,783.636,-20.947435472685,8.189487094537
,783.636,-31.136922567222,10.189487094537
,783.636,-43.326409661759,12.189487094537
,783.636,-0.189487094537,0.189487094537
,783.636,-2.378974189074,2.189487094537
,783.636,-0.189487094537,0.189487094537
,783.636,-2.378974189074,2.189487094537
,783.636,-0.189487094537,0.189487094537
,783.636,-2.378974189074,2.189487094537
,783.636,-0.189487094537,0.189487094537
,783.636,-2.378974189074,2.189487094537
,783.636,-0.189487094537,0.189487094537
,783.636,-2.378974189074,2.189487094537
,783.636,-0.189487094537,0.189487094537
,783.636,-2.378974189074,2.189487094537
,783.636,-0.189487094537,0.189487094537
,783.636,-2.378974189074,2.189487094537
,783.636,-0.189487094537,0.189487094537
,783.636,-2.378974189074,2.189487094537
,783.636,-0.189487094537,0.189487094537
,783.636,-2.378974189074,2.189487094537
,783.636,-6.568461283611,4.189487094537
,783.636,-12.757948378148,6.189487094537
,783.636,-20.947435472685,8.189487094537
,783.636,-31.136922567222,10.189487094537
,783.636,-43.326409661759,12.189487094537
,783.636,-57.515896756296,14.189487094537
,783.636,-73.705383850833,16.189487094537
,783.636,-91.89487094537,18.189487094537
,783.636,-0.189487094537,0.189487094537
,783.636,-2.378974189074,2.189487094537
,783.636,-0.189487094537,0.189487094537
,783.636,-2.378974189074,2.189487094537
,783.636,-6.568461283611,4.189487094537
,783.636,-12.757948378148,6.189487094537
,783.636,-20.947435472685,8.189487094537
,783.636,-31.136922567222,10.189487094537
,783.636,-43.326409661759,12.189487094537
,783.636,-57.515896756296,14.189487094537
,783.636,-73.705383850833,16.189487094537
,783.636,-0.189487094537,0.189487094537
,783.636,-2.378974189074,2.189487094537
,783.636,-6.568461283611,4.189487094537
,783.636,-0.189487094537,0.189487094537
,783.636,-2.378974189074,2.189487094537
,783.636,-0.189487094537,0.189487094537
,783.636,-2.378974189074,2.189487094537
,783.636,0.189487094537,0.189487094537
,783.636,2.189487094537,2.189487094537
,783.636,4.189487094537,4.189487094537
,783.636,0.189487094537,0.189487094537
,783.636,2.189487094537,2.189487094537
,783.636,0.189487094537,0.189487094537
,783.636,2.189487094537,2.189487094537
,783.636,4.189487094537,4.189487094537
,783.636,0.189487094537,0.189487094537
,783.636,2.189487094537,2.189487094537
,783.636,4.189487094537,4.189487094537
,783.636,0.189487094537,0.189487094537
,783.636,2.189487094537,2.189487094537
,783.636,0.189487094537,0.189487094537
,783.636,2.189487094537,2.189487094537
,783.636,4.189487094537,4.189487094537
,783.636,0.189487094537,0.189487094537
,783.636,2.189487094537,2.189487094537
,783.636,4.189487094537,4.189487094537
,783.636,0.189487094537,0.189487094537
,783.636,2.189487094537,2.189487094537
,783.636,4.189487094537,4.189487094537
,783.636,0.189487094537,0.189487094537
,783.636,2.189487094537,2.189487094537
,783.636,4.189487094537,4.189487094537
,783.636,6.189487094537,6.189487094537
,783.636,0.189487094537,0.189487094537
,783.636,2.189487094537,2.189487094537
,783.636,4.189487094537,4.189487094537
,783.636,0.189487094537,0.189487094537
,783.636,2.189487094537,2.189487094537
,783.636,4.189487094537,4.189487094537
,783.636,6.189487094537,6.189487094537
,783.636,8.189487094537,8.189487094537
,783.636,10.189487094537,10.189487094537
,783.636,12.189487094537,12.189487094537
,783.636,14.189487094537,14.189487094537
,783.636,16.189487094537,16.189487094537
,783.636,18.189487094537,18.189487094537
,783.636,0.189487094537,0.189487094537
,783.636,2.189487094537,2.189487094537
,783.636,4.189487094537,4.189487094537
,783.636,6.189487094537,6.189487094537
,783.636,8.189487094537,8.189487094537
,783.636,10.189487094537,10.189487094537
,783.636,12.189487094537,12.189487094537
,783.636,14.189487094537,14.189487094537
,783.636,16.189487094537,16.189487094537
,783.636,18.189487094537,18.189487094537
,783.636,0.189487094537,0.189487094537
,783.636,2.189487094537,2.189487094537
,783.636,4.189487094537,4.189487094537
,783.636,6.189487094537,6.189487094537
,783.636,8.189487094537,8.189487094537
,783.636,10.189487094537,10.189487094537
,783.636,12.189487094537,12.189487094537
,783.636,14.189487094537,14.189487094537
,783.636,16.189487094537,16.189487094537
,783.636,0.189487094537,0.189487094537
,783.636,2.189487094537,2.189487094537
,783.636,4.189487094537,4.189487094537
,783.636,6.189487094537,6.189487094537
,783.636,8.189487094537,8.189487094537
,783.636,10.189487094537,10.189487094537
,783.636,12.189487094537,12.189487094537
,783.636,14.189487094537,14.189487094537
,783.636,16.189487094537,16.189487094537
,783.636,18.189487094537,18.189487094537
,783.636,20.189487094537,20.189487094537
,783.636,22.189487094537,22.189487094537
,783.636,0.189487094537,0.189487094537
,783.636,2.189487094537,2.189487094537
,783.636,4.189487094537,4.189487094537
,783.636,6.189487094537,6.189487094537
,783.636,8.189487094537,8.189487094537
,783.636,10.189487094537,10.189487094537
,783.636,12.189487094537,12.189487094537
,783.636,14.189487094537,14.189487094537
,783.636,16.189487094537,16.189487094537
,783.636,18.189487094537,18.189487094537
,783.636,20.189487094537,20.189487094537
,783.636,22.189487094537,22.189487094537
,783.636,0.189487094537,0.189487094537
,783.636,2.189487094537,2.189487094537
,783.636,4.189487094537,4.189487094537
,783.636,6.189487094537,6.189487094537
,783.636,0.189487094537,0.189487094537
,783.636,2.189487094537,2.189487094537
,783.636,4.189487094537,4.189487094537
,783.636,6.189487094537,6.189487094537
,783.636,0.189487094537,0.189487094537
,783.636,2.189487094537,2.189487094537
,783.636,4.189487094537,4.189487094537
,783.636,6.189487094537,6.189487094537
,783.636,8.189487094537,8.189487094537
,783.636,10.189487094537,10.189487094537
,783.636,12.189487094537,12.189487094537
,783.636,14.189487094537,14.189487094537
,783.636,16.189487094537,16.189487094537
,783.636,18.189487094537,18.189487094537
,783.636,0.189487094537,0.189487094537
,783.636,2.189487094537,2.189487094537
,783.636,4.189487094537,4.189487094537
,783.636,6.189487094537,6.189487094537
,783.636,8.189487094537,8.189487094537
,783.636,10.189487094537,10.189487094537
,783.636,0.189487094537,0.189487094537
,783.636,2.189487094537,2.189487094537
,783.636,4.189487094537,4.189487094537
,783.636,6.189487094537,6.189487094537
,783.636,0.189487094537,0.189487094537
,783.636,2.189487094537,2.189487094537
,783.636,4.189487094537,4.189487094537
,783.636,6.189487094537,6.189487094537
,783.636,0.189487094537,0.189487094537
,783.636,2.189487094537,2.189487094537
,783.636,4.189487094537,4.189487094537
,783.636,6.189487094537,6.189487094537
,783.636,0.189487094537,0.189487094537
,783.636,2.189487094537,2.189487094537
,783.636,4.189487094537,4.189487094537
,783.636,0.189487094537,0.189487094537
,783.636,2.189487094537,2.189487094537
,783.636,4.189487094537,4.189487094537
,783.636,6.189487094537,6.189487094537
,783.636,0.189487094537,0.189487094537
,783.636,2.189487094537,2.189487094537
,783.636,4.189487094537,4.189487094537
,783.636,0.189487094537,0.189487094537
,783.636,2.189487094537,2.189487094537
,783.636,4.189487094537,4.189487094537
,783.636,0.189487094537,0.189487094537
,783.636,2.189487094537,2.189487094537
,783.636,4.189487094537,4.189487094537
,783.636,6.189487094537,6.189487094537
,783.636,8.189487094537,8.189487094537
,783.636,0.189487094537,0.189487094537
,783.636,2.189487094537,2.189487094537
,783.636,4.189487094537,4.189487094537
,783.636,6.189487094537,6.189487094537
,783.636,8.189487094537,8.189487094537
,783.636,10.189487094537,10.189487094537
,783.636,12.189487094537,12.189487094537
,783.636,0.189487094537,0.189487094537
,783.636,2.189487094537,2.189487094537
,783.636,4.189487094537,4.189487094537
,783.636,6.189487094537,6.189487094537
,783.636,8.189487094537,8.189487094537
,783.636,10.189487094537,10.189487094537
,783.636,12.189487094537,12.189487094537
,783.636,14.189487094537,14.189487094537
,783.636,16.189487094537,16.189487094537
,783.636,18.189487094537,18.189487094537
,783.636,20.189487094537,20.189487094537
,783.636,22.189487094537,22.189487094537
,783.636,24.189487094537,24.189487094537
,783.636,26.189487094537,26.189487094537
,783.636,28.189487094537,28.189487094537
,783.636,30.189487094537,30.189487094537
,783.636,32.189487094537,32.189487094537
,783.636,34.189487094537,34.189487094537
,783.636,36.189487094537,36.189487094537
,783.636,38.189487094537,38.189487094537
,783.636,40.189487094537,40.189487094537
,783.636,42.189487094537,42.189487094537
,783.636,0.189487094537,0.189487094537
,783.636,2.189487094537,2.189487094537
,783.636,4.189487094537,4.189487094537
,783.636,0.189487094537,0.189487094537
,783.636,2.189487094537,2.189487094537
,783.636,4.189487094537,4.189487094537
,783.636,6.189487094537,6.189487094537
,783.636,8.189487094537,8.189487094537
,783.636,10.189487094537,10.189487094537
,783.636,12.189487094537,12.189487094537
,783.636,0.189487094537,0.189487094537
,783.636,2.189487094537,2.189487094537
,783.636,4.189487094537,4.189487094537
,783.636,6.189487094537,6.189487094537
,783.636,8.189487094537,8.189487094537
,783.636,0.189487094537,0.189487094537
,783.636,2.189487094537,2.189487094537
,783.636,4.189487094537,4.189487094537
,783.636,0.189487094537,0.189487094537
,783.636,2.189487094537,2.189487094537
,783.636,4.189487094537,4.189487094537
,783.636,6.189487094537,6.189487094537
,783.636,8.189487094537,8.189487094537
,783.636,10.189487094537,10.189487094537
,783.636,12.189487094537,12.189487094537
,783.636,14.189487094537,14.189487094537
,783.636,16.189487094537,16.189487094537
,783.636,18.189487094537,18.189487094537
,783.636,20.189487094537,20.189487094537
,783.636,0.189487094537,0.189487094537
,783.636,2.189487094537,2.189487094537
,783.636,4.189487094537,4.189487094537
,783.636,0.189487094537,0.189487094537
,783.636,2.189487094537,2.189487094537
,783.636,4.189487094537,4.189487094537
,783.636,0.189487094537,0.189487094537
,783.636,2.189487094537,2.189487094537
,783.636,4.189487094537,4.189487094537
,783.636,6.189487094537,6.189487094537
,783.636,8.189487094537,8.189487094537
,783.636,10.189487094537,10.189487094537
,783.636,12.189487094537,12.189487094537
,783.636,14.189487094537,14.189487094537
,783.636,16.189487094537,16.189487094537
,783.636,18.189487094537,18.189487094537
,783.636,20.189487094537,20.189487094537
,783.636,22.189487094537,22.189487094537
,783.636,0.189487094537,0.189487094537
,783.636,2.189487094537,2.189487094537
,783.636,4.189487094537,4.189487094537
,783.636,6.189487094537,6.189487094537
,783.636,8.189487094537,8.189487094537
,783.636,10.189487094537,10.189487094537
,783.636,12.189487094537,12.189487094537
,783.636,14.189487094537,14.189487094537
,783.636,16.189487094537,16.189487094537
,783.636,18.189487094537,18.189487094537
,783.636,20.189487094537,20.189487094537
,783.636,22.189487094537,22.189487094537
,783.636,24.189487094537,24.189487094537
,783.636,26.189487094537,26.189487094537
,783.636,28.189487094537,28.189487094537
,783.636,30.189487094537,30.189487094537
,783.636,32.189487094537,32.189487094537
,783.636,34.189487094537,34.189487094537
,783.636,36.189487094537,36.189487094537
,783.636,38.189487094537,38.189487094537
,783.636,40.189487094537,40.189487094537
,783.636,42.189487094537,42.189487094537
,783.636,44.189487094537,44.189487094537
,783.636,46.189487094537,46.189487094537
,783.636,48.189487094537,48.189487094537
,783.636,50.189487094537,50.189487094537
,783.636,52.189487094537,52.189487094537
,783.636,54.189487094537,54.189487094537
,783.636,56.189487094537,56.189487094537
,783.636,58.189487094537,58.189487094537
,783.636,60.189487094537,60.189487094537
,783.636,62.189487094537,62.189487094537
,783.636,64.189487094537,64.189487094537
,783.636,66.189487094537,66.189487094537
,783.636,68.189487094537,68.189487094537
,783.636,70.189487094537,70.189487094537
,783.636,72.189487094537,72.189487094537
,783.636,74.189487094537,74.189487094537
,783.636,76.189487094537,76.189487094537
,783.636,78.189487094537,78.189487094537
,783.636,80.189487094537,80.189487094537
,783.636,82.189487094537,82.189487094537
,783.636,0.189487094537,0.189487094537
,783.636,2.189487094537,2.189487094537
,783.636,4.189487094537,4.189487094537
,783.636,6.189487094537,6.189487094537
,783.636,8.189487094537,8.189487094537
,783.636,10.189487094537,10.189487094537
,783.636,12.189487094537,12.189487094537
,783.636,14.189487094537,14.189487094537
,783.636,16.189487094537,16.189487094537
,783.636,18.189487094537,18.189487094537
,783.636,20.189487094537,20.189487094537
,783.636,22.189487094537,22.189487094537
,783.636,24.189487094537,24.189487094537
,783.636,26.189487094537,26.189487094537
,783.636,28.189487094537,28.189487094537
,783.636,30.189487094537,30.189487094537
,783.636,32.189487094537,32.189487094537
,783.636,34.189487094537,34.189487094537
,783.636,36.189487094537,36.189487094537
,783.636,38.189487094537,38.189487094537
,783.636,40.189487094537,40.189487094537
,783.636,42.189487094537,42.189487094537
,783.636,44.189487094537,44.189487094537
,783.636,46.189487094537,46.189487094537
,783.636,48.189487094537,48.189487094537
,783.636,50.189487094537,50.189487094537
,783.636,52.189487094537,52.189487094537
,783.636,54.189487094537,54.189487094537
,783.636,56.189487094537,56.189487094537
,783.636,58.189487094537,58.189487094537
,783.636,60.189487094537,60.189487094537
,783.636,62.189487094537,62.189487094537
,783.636,64.189487094537,64.189487094537
,783.636,66.189487094537,66.189487094537
,783.636,68.189487094537,68.189487094537
,783.636,70.189487094537,70.189487094537
,783.636,72.189487094537,72.189487094537
,783.636,74.189487094537,74.189487094537
,783.636,0.189487094537,0.189487094537
,783.636,2.189487094537,2.189487094537
,783.636,4.189487094537,4.189487094537
,783.636,6.189487094537,6.189487094537
,783.636,8.189487094537,8.189487094537
,783.636,10.189487094537,10.189487094537
,783.636,12.189487094537,12.189487094537
,783.636,14.189487094537,14.189487094537
,783.636,16.189487094537,16.189487094537
,783.636,18.189487094537,18.189487094537
,783.636,20.189487094537,20.189487094537
,783.636,22.189487094537,22.189487094537
,783.636,24.189487094537,24.189487094537
,783.636,26.189487094537,26.189487094537
,783.636,28.189487094537,28.189487094537
,783.636,30.189487094537,30.189487094537
,783.636,32.189487094537,32.189487094537
,783.636,34.189487094537,34.189487094537
,783.636,36.189487094537,36.189487094537
,783.636,38.189487094537,38.189487094537
,783.636,40.189487094537,40.189487094537
,783.636,42.189487094537,42.189487094537
,783.636,44.189487094537,44.189487094537
,783.636,46.189487094537,46.189487094537
,783.636,48.189487094537,48.189487094537
,783.636,50.189487094537,50.189487094537
,783.636,52.189487094537,52.189487094537
,783.636,54.189487094537,54.189487094537
,783.636,56.189487094537,56.189487094537
,783.636,58.189487094537,58.189487094537
,783.636,60.189487094537,60.189487094537
,783.636,62.189487094537,62.189487094537
,783.636,64.189487094537,64.189487094537
,783.636,66.189487094537,66.189487094537
,783.636,68.189487094537,68.189487094537
,783.636,70.189487094537,70.189487094537
,783.636,72.189487094537,72.189487094537
,783.636,74.189487094537,74.189487094537
,783.636,76.189487094537,76.189487094537
,783.636,78.189487094537,78.189487094537
,783.636,0.0,0.189487094537
,783.636,0.0,2.189487094537
,783.636,0.0,4.189487094537
,783.636,0.0,6.189487094537
,783.636,0.0,8.189487094537
,783.636,0.0,10.189487094537
,783.636,0.0,12.189487094537
,783.636,0.0,14.189487094537
,783.636,0.0,0.189487094537
,783.636,0.0,2.189487094537
,783.636,0.0,4.189487094537
,783.636,0.0,6.189487094537
,783.636,0.0,8.189487094537
,783.636,0.0,10.189487094537
,783.636,0.0,12.189487094537
,783.636,0.0,14.189487094537
,783.636,0.0,16.189487094537
,783.636,0.0,18.189487094537
,783.636,0.0,20.189487094537
