;20377,20377,20377,20377,0,0,0,0,1.161840127129
test1tvasz(2),test1tvasz(2),test1tvasz(2),test1tvasz(2),;19854.8,19854.8,19332.5,19854.8,0,0,2.783683255644,0,6.161840127129
test1tvasz(3),test1tvasz(3),test1tvasz(3),test1tvasz(3),;19854.8,19854.8,19332.5,19854.8,0,0,0,0,11.161840127129
test1tvasz(3),test1tvasz(3),test1tvasz(3),test1tvasz(3),;19854.8,19854.8,19332.5,19854.8,0,0,0,0,16.161840127129
test1tvasz(3),test1tvasz(3),test1tvasz(3),test1tvasz(3),;19854.8,19854.8,19332.5,19854.8,0,0,0,0,21.161840127129
test1tvasz(3),test1tvasz(3),test1tvasz(3),test1tvasz(3),;19854.8,19854.8,19332.5,19854.8,0,0,0,0,26.161840127129
test1tvasz(3),test1tvasz(3),test1tvasz(3),test1tvasz(3),;19854.8,19854.8,19332.5,19854.8,0,0,0,0,31.161840127129
;20377,20377,20377,20377,0,0,0,0,36.161840127129
;20377,20377,20377,20377,0,0,0,0,41.161840127129
;20377,20377,20377,20377,0,0,0,0,46.161840127129
;20377,20377,20377,20377,0,0,0,0,51.161840127129
;20377,20377,20377,20377,0,0,0,0,56.161840127129
;20377,20377,20377,20377,0,0,0,0,61.161840127129
;20377,20377,20377,20377,0,0,0,0,66.161840127129
;20377,20377,20377,20377,0,0,0,0,71.161840127129
;20377,20377,20377,20377,0,0,0,0,76.161840127129
;20377,20377,20377,20377,0,0,0,0,81.161840127129
;20377,20377,20377,20377,0,0,0,0,86.161840127129
;20377,20377,20377,20377,0,0,0,0,91.161840127129
;20377,20377,20377,20377,0,0,0,0,96.161840127129
;20377,20377,20377,20377,0,0,0,0,101.161840127129
;20377,20377,20377,20377,0,0,0,0,106.161840127129
;20377,20377,20377,20377,0,0,0,0,111.161840127129
;20377,20377,20377,20377,0,0,0,0,116.161840127129
;20377,20377,20377,20377,0,0,0,0,121.161840127129
;20377,20377,20377,20377,0,0,0,0,126.161840127129
;20377,20377,20377,20377,0,0,0,0,131.161840127129
;20377,20377,20377,20377,0,0,0,0,136.161840127129
;20377,20377,20377,20377,0,0,0,0,141.161840127129
;20377,20377,20377,20377,0,0,0,0,146.161840127129
;20377,20377,20377,20377,0,0,0,0,151.161840127129
;20377,20377,20377,20377,0,0,0,0,156.161840127129
;20377,20377,20377,20377,0,0,0,0,161.161840127129
;20377,20377,20377,20377,0,0,0,0,166.161840127129
;20377,20377,20377,20377,0,0,0,0,171.161840127129
;20377,20377,20377,20377,0,0,0,0,176.161840127129
;20377,20377,20377,20377,0,0,0,0,181.161840127129
;20377,20377,20377,20377,0,0,0,0,186.161840127129
;20377,20377,20377,20377,0,0,0,0,191.161840127129
;20377,20377,20377,20377,0,0,0,0,196.161840127129
;20377,20377,20377,20377,0,0,0,0,201.161840127129
;20377,20377,20377,20377,0,0,0,0,206.161840127129
;20377,20377,20377,20377,0,0,0,0,211.161840127129
;20377,20377,20377,20377,0,0,0,0,216.161840127129
;20377,20377,20377,20377,0,0,0,0,221.161840127129
;20377,20377,20377,20377,0,0,0,0,226.161840127129
;20377,20377,20377,20377,0,0,0,0,231.161840127129
;20377,20377,20377,20377,0,0,0,0,236.161840127129
;20377,20377,20377,20377,0,0,0,0,241.161840127129
;20377,20377,20377,20377,0,0,0,0,246.161840127129
;20377,20377,20377,20377,0,0,0,0,251.161840127129
;20377,20377,20377,20377,0,0,0,0,256.161840127129
;20377,20377,20377,20377,0,0,0,0,261.161840127129
;20377,20377,20377,20377,0,0,0,0,266.161840127129
;20377,20377,20377,20377,0,0,0,0,271.161840127129
;20377,20377,20377,20377,0,0,0,0,276.161840127129
;20377,20377,20377,20377,0,0,0,0,281.161840127129
;20377,20377,20377,20377,0,0,0,0,286.161840127129
;20377,20377,20377,20377,0,0,0,0,291.161840127129
;20377,20377,20377,20377,0,0,0,0,296.161840127129
;20377,20377,20377,20377,0,0,0,0,301.161840127129
;20377,20377,20377,20377,0,0,0,0,306.161840127129
;20377,20377,20377,20377,0,0,0,0,311.161840127129
;20377,20377,20377,20377,0,0,0,0,316.161840127129
;20377,20377,20377,20377,0,0,0,0,321.161840127129
;20377,20377,20377,20377,0,0,0,0,326.161840127129
;20377,20377,20377,20377,0,0,0,0,331.161840127129
;20377,20377,20377,20377,0,0,0,0,336.161840127129
;20377,20377,20377,20377,0,0,0,0,341.161840127129
;20377,20377,20377,20377,0,0,0,0,346.161840127129
;20377,20377,20377,20377,0,0,0,0,351.161840127129
;20377,20377,20377,20377,0,0,0,0,356.161840127129
;20377,20377,20377,20377,0,0,0,0,361.161840127129
;20377,20377,20377,20377,0,0,0,0,366.161840127129
;20377,20377,20377,20377,0,0,0,0,371.161840127129
;20377,20377,20377,20377,0,0,0,0,376.161840127129
;20377,20377,20377,20377,0,0,0,0,381.161840127129
;20377,20377,20377,20377,0,0,0,0,386.161840127129
;20377,20377,20377,20377,0,0,0,0,391.161840127129
;20377,20377,20377,20377,0,0,0,0,396.161840127129
;20377,20377,20377,20377,0,0,0,0,401.161840127129
;20377,20377,20377,20377,0,0,0,0,406.161840127129
;20377,20377,20377,20377,0,0,0,0,411.161840127129
;20377,20377,20377,20377,0,0,0,0,416.161840127129
;20377,20377,20377,20377,0,0,0,0,421.161840127129
;20377,20377,20377,20377,0,0,0,0,426.161840127129
;20377,20377,20377,20377,0,0,0,0,431.161840127129
;20377,20377,20377,20377,0,0,0,0,436.161840127129
;20377,20377,20377,20377,0,0,0,0,441.161840127129
;20377,20377,20377,20377,0,0,0,0,446.161840127129
;20377,20377,20377,20377,0,0,0,0,451.161840127129
;20377,20377,20377,20377,0,0,0,0,456.161840127129
;20377,20377,20377,20377,0,0,0,0,461.161840127129
;20377,20377,20377,20377,0,0,0,0,466.161840127129
;20377,20377,20377,20377,0,0,0,0,471.161840127129
;20377,20377,20377,20377,0,0,0,0,476.161840127129
;20377,20377,20377,20377,0,0,0,0,481.161840127129
;20377,20377,20377,20377,0,0,0,0,486.161840127129
;20377,20377,20377,20377,0,0,0,0,491.161840127129
;20377,20377,20377,20377,0,0,0,0,496.161840127129
;20377,20377,20377,20377,0,0,0,0,501.161840127129
;20377,20377,20377,20377,0,0,0,0,506.161840127129
;20377,20377,20377,20377,0,0,0,0,511.161840127129
;20377,20377,20377,20377,0,0,0,0,516.161840127129
;20377,20377,20377,20377,0,0,0,0,521.161840127129
;20377,20377,20377,20377,0,0,0,0,526.161840127129
;20377,20377,20377,20377,0,0,0,0,531.161840127129
;20377,20377,20377,20377,0,0,0,0,536.161840127129
;20377,20377,20377,20377,0,0,0,0,541.161840127129
;20377,20377,20377,20377,0,0,0,0,546.161840127129
;20377,20377,20377,20377,0,0,0,0,551.161840127129
;20377,20377,20377,20377,0,0,0,0,556.161840127129
;20377,20377,20377,20377,0,0,0,0,561.161840127129
;19353,19353,19353,19353,0,0,0,0,1.094953821921
385obxdj(0),898tfxmg(1),488grypw(0),241yqfjd(1),590zbsfe(1),19ycuvr(1),832cutse(0),706tmnwv(0),385obxdj(0),898tfxmg(1),600rcvdp(0),241yqfjd(1),590zbsfe(1),19ycuvr(1),749wkjvx(0),215dlwmh(0),485pszbd(0),385obxdj(0),289avtjk(1),898tfxmg(1),488grypw(0),241yqfjd(1),590zbsfe(1),19ycuvr(1),485pszbd(0),385obxdj(0),898tfxmg(1),600rcvdp(0),241yqfjd(1),590zbsfe(1),19ycuvr(1),749wkjvx(0),215dlwmh(0),485pszbd(0),;2769.32,4433.32,4883.88,4684.2,96.298815359855,88.252267646505,85.463574431157,86.942509333252,6.094953821921
385obxdj(2),488grypw(2),590zbsfe(3),19ycuvr(3),832cutse(2),706tmnwv(2),650rhjet(0),558qogsw(0),811mztgd(0),385obxdj(2),600rcvdp(3),590zbsfe(3),19ycuvr(3),749wkjvx(2),215dlwmh(3),485pszbd(2),892yujfo(2),650rhjet(0),558qogsw(0),385obxdj(2),289avtjk(3),488grypw(2),590zbsfe(3),19ycuvr(3),485pszbd(2),892yujfo(2),650rhjet(0),558qogsw(0),385obxdj(2),600rcvdp(3),590zbsfe(3),19ycuvr(3),749wkjvx(2),215dlwmh(3),485pszbd(2),892yujfo(2),650rhjet(0),558qogsw(0),;987.56,2369.96,2262.44,2001.32,105.783650000281,103.726190730314,99.768608165568,111.616883115856,11.094953821921
