|||;27340,27340,27340,27340,0,0,0,0,1.164621585736
765xpmkv(0),733scyxv(1),|765xpmkv(0),947lqxfm(0),|947lqxfm(0),|947lqxfm(0),;21467.4,24129.8,23039.2,25619.7,31.596502267511,21.948201962005,23.146568000137,10.112408842243,6.164621585736
765xpmkv(3),733scyxv(2),|765xpmkv(3),947lqxfm(2),|947lqxfm(2),|947lqxfm(2),;21467.4,24129.8,23039.2,25619.7,26.596502267511,16.948201962005,18.146568000137,5.112408842243,11.164621585736
765xpmkv(3),733scyxv(2),|765xpmkv(3),947lqxfm(2),|947lqxfm(2),|947lqxfm(3),;21467.4,24129.8,23039.2,25619.7,21.596502267511,11.948201962005,13.146568000137,0.112408842243,16.164621585736
765xpmkv(3),733scyxv(2),|765xpmkv(3),947lqxfm(2),|947lqxfm(2),|947lqxfm(3),;21467.4,24129.8,23039.2,25619.7,16.596502267511,6.948201962005,8.146568000137,0,21.164621585736
765xpmkv(3),733scyxv(2),|765xpmkv(3),947lqxfm(3),|947lqxfm(2),|947lqxfm(3),;21467.4,24129.8,23039.2,25619.7,11.596502267511,1.948201962005,3.146568000137,0,26.164621585736
765xpmkv(3),733scyxv(2),|765xpmkv(3),947lqxfm(3),|947lqxfm(3),|947lqxfm(3),;21467.4,24129.8,23039.2,25619.7,6.596502267511,0,0,0,31.164621585736
765xpmkv(3),733scyxv(3),|765xpmkv(3),947lqxfm(3),|947lqxfm(3),|;21467.4,24129.8,23039.2,27340,1.596502267511,0,0,0,36.164621585736
765xpmkv(3),733scyxv(3),|765xpmkv(3),947lqxfm(3),|947lqxfm(3),|;21467.4,24129.8,23039.2,27340,0,0,0,0,41.164621585736
765xpmkv(3),733scyxv(3),|765xpmkv(3),||;21467.4,26710.3,27340,27340,0,0,0,0,46.164621585736
765xpmkv(3),733scyxv(3),|765xpmkv(3),||;21467.4,26710.3,27340,27340,0,0,0,0,51.164621585736
765xpmkv(3),733scyxv(3),|765xpmkv(3),||;21467.4,26710.3,27340,27340,0,0,0,0,56.164621585736
765xpmkv(3),733scyxv(3),|765xpmkv(3),||;21467.4,26710.3,27340,27340,0,0,0,0,61.164621585736
765xpmkv(3),733scyxv(3),|765xpmkv(3),||;21467.4,26710.3,27340,27340,0,0,0,0,66.164621585736
765xpmkv(3),733scyxv(3),|765xpmkv(3),||;21467.4,26710.3,27340,27340,0,0,0,0,71.164621585736
765xpmkv(3),733scyxv(3),|765xpmkv(3),||;21467.4,26710.3,27340,27340,0,0,0,0,76.164621585736
765xpmkv(3),733scyxv(3),|765xpmkv(3),||;21467.4,26710.3,27340,27340,0,0,0,0,81.164621585736
765xpmkv(3),|765xpmkv(3),||;26710.3,26710.3,27340,27340,0,0,0,0,86.164621585736
765xpmkv(3),|765xpmkv(3),||;26710.3,26710.3,27340,27340,0,0,0,0,91.164621585736
765xpmkv(3),|765xpmkv(3),||;26710.3,26710.3,27340,27340,0,0,0,0,96.164621585736
765xpmkv(3),|765xpmkv(3),||;26710.3,26710.3,27340,27340,0,0,0,0,101.164621585736
765xpmkv(3),|765xpmkv(3),||;26710.3,26710.3,27340,27340,0,0,0,0,106.164621585736
765xpmkv(3),|765xpmkv(3),||;26710.3,26710.3,27340,27340,0,0,0,0,111.164621585736
765xpmkv(3),|765xpmkv(3),||;26710.3,26710.3,27340,27340,0,0,0,0,116.164621585736
765xpmkv(3),|765xpmkv(3),||;26710.3,26710.3,27340,27340,0,0,0,0,121.164621585736
765xpmkv(3),|765xpmkv(3),||;26710.3,26710.3,27340,27340,0,0,0,0,126.164621585736
765xpmkv(3),|765xpmkv(3),||;26710.3,26710.3,27340,27340,0,0,0,0,131.164621585736
765xpmkv(3),|765xpmkv(3),||;26710.3,26710.3,27340,27340,0,0,0,0,136.164621585736
765xpmkv(3),|765xpmkv(3),||;26710.3,26710.3,27340,27340,0,0,0,0,141.164621585736
765xpmkv(3),|765xpmkv(3),||;26710.3,26710.3,27340,27340,0,0,0,0,146.164621585736
765xpmkv(3),|765xpmkv(3),||;26710.3,26710.3,27340,27340,0,0,0,0,151.164621585736
765xpmkv(3),|765xpmkv(3),||;26710.3,26710.3,27340,27340,0,0,0,0,156.164621585736
765xpmkv(3),|765xpmkv(3),||;26710.3,26710.3,27340,27340,0,0,0,0,161.164621585736
765xpmkv(3),|765xpmkv(3),||;26710.3,26710.3,27340,27340,0,0,0,0,166.164621585736
765xpmkv(3),|765xpmkv(3),||;26710.3,26710.3,27340,27340,0,0,0,0,171.164621585736
765xpmkv(3),|765xpmkv(3),||;26710.3,26710.3,27340,27340,0,0,0,0,176.164621585736
765xpmkv(3),|765xpmkv(3),||;26710.3,26710.3,27340,27340,0,0,0,0,181.164621585736
765xpmkv(3),|765xpmkv(3),||;26710.3,26710.3,27340,27340,0,0,0,0,186.164621585736
765xpmkv(3),|765xpmkv(3),||;26710.3,26710.3,27340,27340,0,0,0,0,191.164621585736
765xpmkv(3),|765xpmkv(3),||;26710.3,26710.3,27340,27340,0,0,0,0,196.164621585736
765xpmkv(3),|765xpmkv(3),||;26710.3,26710.3,27340,27340,0,0,0,0,201.164621585736
765xpmkv(3),|765xpmkv(3),||;26710.3,26710.3,27340,27340,0,0,0,0,206.164621585736
765xpmkv(3),|765xpmkv(3),||;26710.3,26710.3,27340,27340,0,0,0,0,211.164621585736
765xpmkv(3),|765xpmkv(3),||;26710.3,26710.3,27340,27340,0,0,0,0,216.164621585736
765xpmkv(3),|765xpmkv(3),||;26710.3,26710.3,27340,27340,0,0,0,0,221.164621585736
765xpmkv(3),|765xpmkv(3),||;26710.3,26710.3,27340,27340,0,0,0,0,226.164621585736
765xpmkv(3),|765xpmkv(3),||;26710.3,26710.3,27340,27340,0,0,0,0,231.164621585736
765xpmkv(3),|765xpmkv(3),||;26710.3,26710.3,27340,27340,0,0,0,0,236.164621585736
765xpmkv(3),|765xpmkv(3),||;26710.3,26710.3,27340,27340,0,0,0,0,241.164621585736
765xpmkv(3),|765xpmkv(3),||;26710.3,26710.3,27340,27340,0,0,0,0,246.164621585736
765xpmkv(3),|765xpmkv(3),||;26710.3,26710.3,27340,27340,0,0,0,0,251.164621585736
765xpmkv(3),|765xpmkv(3),||;26710.3,26710.3,27340,27340,0,0,0,0,256.164621585736
765xpmkv(3),|765xpmkv(3),||;26710.3,26710.3,27340,27340,0,0,0,0,261.164621585736
765xpmkv(3),|765xpmkv(3),||;26710.3,26710.3,27340,27340,0,0,0,0,266.164621585736
765xpmkv(3),|765xpmkv(3),||;26710.3,26710.3,27340,27340,0,0,0,0,271.164621585736
765xpmkv(3),|765xpmkv(3),||;26710.3,26710.3,27340,27340,0,0,0,0,276.164621585736
765xpmkv(3),|765xpmkv(3),||;26710.3,26710.3,27340,27340,0,0,0,0,281.164621585736
|||;27340.1,27340.1,27340,27340,0,0,0,0,286.164621585736
|||;27340.1,27340.1,27340,27340,0,0,0,0,291.164621585736
|||;27340.1,27340.1,27340,27340,0,0,0,0,296.164621585736
|||;27340.1,27340.1,27340,27340,0,0,0,0,301.164621585736
|||;27340.1,27340.1,27340,27340,0,0,0,0,306.164621585736
|||;27340.1,27340.1,27340,27340,0,0,0,0,311.164621585736
|||;27340.1,27340.1,27340,27340,0,0,0,0,316.164621585736
|||;27340.1,27340.1,27340,27340,0,0,0,0,321.164621585736
|||;27340.1,27340.1,27340,27340,0,0,0,0,326.164621585736
|||;27340.1,27340.1,27340,27340,0,0,0,0,331.164621585736
|||;27340.1,27340.1,27340,27340,0,0,0,0,336.164621585736
|||;27340.1,27340.1,27340,27340,0,0,0,0,341.164621585736
|||;27340.1,27340.1,27340,27340,0,0,0,0,346.164621585736
|||;27340.1,27340.1,27340,27340,0,0,0,0,351.164621585736
|||;27340.1,27340.1,27340,27340,0,0,0,0,356.164621585736
|||;27340.1,27340.1,27340,27340,0,0,0,0,361.164621585736
|||;27340.1,27340.1,27340,27340,0,0,0,0,366.164621585736
|||;27340.1,27340.1,27340,27340,0,0,0,0,371.164621585736
|||;27340.1,27340.1,27340,27340,0,0,0,0,376.164621585736
|||;27340.1,27340.1,27340,27340,0,0,0,0,381.164621585736
|||;27340.1,27340.1,27340,27340,0,0,0,0,386.164621585736
|||;27340.1,27340.1,27340,27340,0,0,0,0,391.164621585736
|||;27340.1,27340.1,27340,27340,0,0,0,0,396.164621585736
|||;27340.1,27340.1,27340,27340,0,0,0,0,401.164621585736
|||;27340.1,27340.1,27340,27340,0,0,0,0,406.164621585736
|||;27340.1,27340.1,27340,27340,0,0,0,0,411.164621585736
|||;27340.1,27340.1,27340,27340,0,0,0,0,416.164621585736
|||;27340.1,27340.1,27340,27340,0,0,0,0,421.164621585736
|||;27340.1,27340.1,27340,27340,0,0,0,0,426.164621585736
|||;27340.1,27340.1,27340,27340,0,0,0,0,431.164621585736
|||;27340.1,27340.1,27340,27340,0,0,0,0,436.164621585736
|||;27340.1,27340.1,27340,27340,0,0,0,0,441.164621585736
|||;27340.1,27340.1,27340,27340,0,0,0,0,446.164621585736
|||;27340.1,27340.1,27340,27340,0,0,0,0,451.164621585736
|||;27340.1,27340.1,27340,27340,0,0,0,0,456.164621585736
|||;27340.1,27340.1,27340,27340,0,0,0,0,461.164621585736
|||;27340.1,27340.1,27340,27340,0,0,0,0,466.164621585736
|||;27340.1,27340.1,27340,27340,0,0,0,0,471.164621585736
|||;27340.1,27340.1,27340,27340,0,0,0,0,476.164621585736
|||;27340.1,27340.1,27340,27340,0,0,0,0,481.164621585736
|||;27340.1,27340.1,27340,27340,0,0,0,0,486.164621585736
|||;27340.1,27340.1,27340,27340,0,0,0,0,491.164621585736
|||;27340.1,27340.1,27340,27340,0,0,0,0,496.164621585736
|||;27340.1,27340.1,27340,27340,0,0,0,0,501.164621585736
|||;27340.1,27340.1,27340,27340,0,0,0,0,506.164621585736
|||;27340.1,27340.1,27340,27340,0,0,0,0,511.164621585736
|||;27340.1,27340.1,27340,27340,0,0,0,0,516.164621585736
|||;27340.1,27340.1,27340,27340,0,0,0,0,521.164621585736
|||;27340.1,27340.1,27340,27340,0,0,0,0,526.164621585736
|||;27340.1,27340.1,27340,27340,0,0,0,0,531.164621585736
|||;27340.1,27340.1,27340,27340,0,0,0,0,536.164621585736
|||;27340.1,27340.1,27340,27340,0,0,0,0,541.164621585736
|||;27340.1,27340.1,27340,27340,0,0,0,0,546.164621585736
|||;27340.1,27340.1,27340,27340,0,0,0,0,551.164621585736
|||;27340.1,27340.1,27340,27340,0,0,0,0,556.164621585736
|||;27340.1,27340.1,27340,27340,0,0,0,0,561.164621585736
|||;27340.1,27340.1,27340,27340,0,0,0,0,566.164621585736
|||;27340.1,27340.1,27340,27340,0,0,0,0,571.164621585736
|||;27340.1,27340.1,27340,27340,0,0,0,0,576.164621585736
|||;27340.1,27340.1,27340,27340,0,0,0,0,581.164621585736
|||;27340.1,27340.1,27340,27340,0,0,0,0,586.164621585736
|||;27340.1,27340.1,27340,27340,0,0,0,0,591.164621585736
|||;27340.1,27340.1,27340,27340,0,0,0,0,596.164621585736
|||;27340.1,27340.1,27340,27340,0,0,0,0,601.164621585736
|||;27340.1,27340.1,27340,27340,0,0,0,0,606.164621585736
|||;27340.1,27340.1,27340,27340,0,0,0,0,611.164621585736
|||;27340.1,27340.1,27340,27340,0,0,0,0,616.164621585736
|||;27340.1,27340.1,27340,27340,0,0,0,0,621.164621585736
|||;27340.1,27340.1,27340,27340,0,0,0,0,626.164621585736
|||;27340.1,27340.1,27340,27340,0,0,0,0,631.164621585736
|||;27340.1,27340.1,27340,27340,0,0,0,0,636.164621585736
|||;27340.1,27340.1,27340,27340,0,0,0,0,641.164621585736
|||;27340.1,27340.1,27340,27340,0,0,0,0,646.164621585736
|||;27340.1,27340.1,27340,27340,0,0,0,0,651.164621585736
|||;27340.1,27340.1,27340,27340,0,0,0,0,656.164621585736
|||;27340.1,27340.1,27340,27340,0,0,0,0,661.164621585736
|||;27340.1,27340.1,27340,27340,0,0,0,0,666.164621585736
|||;27340.1,27340.1,27340,27340,0,0,0,0,671.164621585736
|||;27340.1,27340.1,27340,27340,0,0,0,0,676.164621585736
|||;27340.1,27340.1,27340,27340,0,0,0,0,681.164621585736
|||;27340.1,27340.1,27340,27340,0,0,0,0,686.164621585736
|||;27340.1,27340.1,27340,27340,0,0,0,0,691.164621585736
|||;27340.1,27340.1,27340,27340,0,0,0,0,696.164621585736
|||;27340.1,27340.1,27340,27340,0,0,0,0,701.164621585736
|||;27340.1,27340.1,27340,27340,0,0,0,0,706.164621585736
|||;27340.1,27340.1,27340,27340,0,0,0,0,711.164621585736
|||;27340.1,27340.1,27340,27340,0,0,0,0,716.164621585736
|||;27340.1,27340.1,27340,27340,0,0,0,0,721.164621585736
|||;27340.1,27340.1,27340,27340,0,0,0,0,726.164621585736
|||;27340.1,27340.1,27340,27340,0,0,0,0,731.164621585736
|||;27340.1,27340.1,27340,27340,0,0,0,0,736.164621585736
|||;27340.1,27340.1,27340,27340,0,0,0,0,741.164621585736
|||;27340.1,27340.1,27340,27340,0,0,0,0,746.164621585736
|||;27340.1,27340.1,27340,27340,0,0,0,0,751.164621585736
|||;27340.1,27340.1,27340,27340,0,0,0,0,756.164621585736
|||;27340.1,27340.1,27340,27340,0,0,0,0,761.164621585736
|||;27340.1,27340.1,27340,27340,0,0,0,0,766.164621585736
|||;27340.1,27340.1,27340,27340,0,0,0,0,771.164621585736
|||;27340.1,27340.1,27340,27340,0,0,0,0,776.164621585736
|||;27340.1,27340.1,27340,27340,0,0,0,0,781.164621585736
|||;27340.1,27340.1,27340,27340,0,0,0,0,786.164621585736
|||;27340.1,27340.1,27340,27340,0,0,0,0,791.164621585736
|||;27340.1,27340.1,27340,27340,0,0,0,0,796.164621585736
|||;27340.1,27340.1,27340,27340,0,0,0,0,801.164621585736
|||;27340.1,27340.1,27340,27340,0,0,0,0,806.164621585736
|||;27340.1,27340.1,27340,27340,0,0,0,0,811.164621585736
|||;27340.1,27340.1,27340,27340,0,0,0,0,816.164621585736
|||;27340.1,27340.1,27340,27340,0,0,0,0,821.164621585736
|||;27340.1,27340.1,27340,27340,0,0,0,0,826.164621585736
|||;27340.1,27340.1,27340,27340,0,0,0,0,831.164621585736
|||;27340.1,27340.1,27340,27340,0,0,0,0,836.164621585736
|||;27340.1,27340.1,27340,27340,0,0,0,0,841.164621585736
|||;27340.1,27340.1,27340,27340,0,0,0,0,846.164621585736
|||;27340.1,27340.1,27340,27340,0,0,0,0,851.164621585736
|||;27340.1,27340.1,27340,27340,0,0,0,0,856.164621585736
|||;27340.1,27340.1,27340,27340,0,0,0,0,861.164621585736
|||;27340.1,27340.1,27340,27340,0,0,0,0,866.164621585736
|||;27340.1,27340.1,27340,27340,0,0,0,0,871.164621585736
|||;27340.1,27340.1,27340,27340,0,0,0,0,876.164621585736
|||;27340.1,27340.1,27340,27340,0,0,0,0,881.164621585736
|||;27340.1,27340.1,27340,27340,0,0,0,0,886.164621585736
|||;27340.1,27340.1,27340,27340,0,0,0,0,891.164621585736
|||;27340.1,27340.1,27340,27340,0,0,0,0,896.164621585736
|||;27340.1,27340.1,27340,27340,0,0,0,0,901.164621585736
|||;27340.1,27340.1,27340,27340,0,0,0,0,906.164621585736
|||;27340.1,27340.1,27340,27340,0,0,0,0,911.164621585736
|||;27340.1,27340.1,27340,27340,0,0,0,0,916.164621585736
|||;27340.1,27340.1,27340,27340,0,0,0,0,921.164621585736
|||;27340.1,27340.1,27340,27340,0,0,0,0,926.164621585736
|||;27340.1,27340.1,27340,27340,0,0,0,0,931.164621585736
|||;27340.1,27340.1,27340,27340,0,0,0,0,936.164621585736
|||;27340.1,27340.1,27340,27340,0,0,0,0,941.164621585736
|||;27340.1,27340.1,27340,27340,0,0,0,0,946.164621585736
|||;27340.1,27340.1,27340,27340,0,0,0,0,951.164621585736
|||;27340.1,27340.1,27340,27340,0,0,0,0,956.164621585736
|||;27340.1,27340.1,27340,27340,0,0,0,0,961.164621585736
|||;27340.1,27340.1,27340,27340,0,0,0,0,966.164621585736
|||;27340.1,27340.1,27340,27340,0,0,0,0,971.164621585736
|||;27340.1,27340.1,27340,27340,0,0,0,0,976.164621585736
|||;27340.1,27340.1,27340,27340,0,0,0,0,981.164621585736
|||;27340.1,27340.1,27340,27340,0,0,0,0,986.164621585736
|||;27340.1,27340.1,27340,27340,0,0,0,0,991.164621585736
|||;27340.1,27340.1,27340,27340,0,0,0,0,996.164621585736
|||;27340.1,27340.1,27340,27340,0,0,0,0,1001.164621585736
|||;27340.1,27340.1,27340,27340,0,0,0,0,1006.164621585736
|||;27340.1,27340.1,27340,27340,0,0,0,0,1011.164621585736
|||;27340.1,27340.1,27340,27340,0,0,0,0,1016.164621585736
|||;27340.1,27340.1,27340,27340,0,0,0,0,1021.164621585736
|||;27340.1,27340.1,27340,27340,0,0,0,0,1026.164621585736
|||;27340.1,27340.1,27340,27340,0,0,0,0,1031.164621585736
|||;27340.1,27340.1,27340,27340,0,0,0,0,1036.164621585736
|||;27340.1,27340.1,27340,27340,0,0,0,0,1041.164621585736
|||;27340.1,27340.1,27340,27340,0,0,0,0,1046.164621585736
|||;27340.1,27340.1,27340,27340,0,0,0,0,1051.164621585736
|||;27340.1,27340.1,27340,27340,0,0,0,0,1056.164621585736
|||;27340.1,27340.1,27340,27340,0,0,0,0,1061.164621585736
|||;27340.1,27340.1,27340,27340,0,0,0,0,1066.164621585736
|||;27340.1,27340.1,27340,27340,0,0,0,0,1071.164621585736
|||;27340.1,27340.1,27340,27340,0,0,0,0,1076.164621585736
|||;27340.1,27340.1,27340,27340,0,0,0,0,1081.164621585736
|||;27340.1,27340.1,27340,27340,0,0,0,0,1086.164621585736
|||;27340.1,27340.1,27340,27340,0,0,0,0,1091.164621585736
|||;27340.1,27340.1,27340,27340,0,0,0,0,1096.164621585736
|||;27340.1,27340.1,27340,27340,0,0,0,0,1101.164621585736
|||;27340.1,27340.1,27340,27340,0,0,0,0,1106.164621585736
|||;27340.1,27340.1,27340,27340,0,0,0,0,1111.164621585736
|||;27340.1,27340.1,27340,27340,0,0,0,0,1116.164621585736
|||;27340.1,27340.1,27340,27340,0,0,0,0,1121.164621585736
|||;27340.1,27340.1,27340,27340,0,0,0,0,1126.164621585736
|||;27340.1,27340.1,27340,27340,0,0,0,0,1131.164621585736
|||;27340.1,27340.1,27340,27340,0,0,0,0,1136.164621585736
|||;27340.1,27340.1,27340,27340,0,0,0,0,1141.164621585736
|||;27340.1,27340.1,27340,27340,0,0,0,0,1146.164621585736
|||;27340.1,27340.1,27340,27340,0,0,0,0,1151.164621585736
|||;27340.1,27340.1,27340,27340,0,0,0,0,1156.164621585736
|||;27340.1,27340.1,27340,27340,0,0,0,0,1161.164621585736
|||;27340.1,27340.1,27340,27340,0,0,0,0,1166.164621585736
|||;27340.1,27340.1,27340,27340,0,0,0,0,1171.164621585736
|||;27340.1,27340.1,27340,27340,0,0,0,0,1176.164621585736
|||;27340.1,27340.1,27340,27340,0,0,0,0,1181.164621585736
|||;27340.1,27340.1,27340,27340,0,0,0,0,1186.164621585736
|||;27340.1,27340.1,27340,27340,0,0,0,0,1191.164621585736
|||;27340.1,27340.1,27340,27340,0,0,0,0,1196.164621585736
|||;27340.1,27340.1,27340,27340,0,0,0,0,1201.164621585736
|||;27340.1,27340.1,27340,27340,0,0,0,0,1206.164621585736
|||;27340.1,27340.1,27340,27340,0,0,0,0,1211.164621585736
|||;27340.1,27340.1,27340,27340,0,0,0,0,1216.164621585736
|||;27340.1,27340.1,27340,27340,0,0,0,0,1221.164621585736
|||;27340.1,27340.1,27340,27340,0,0,0,0,1226.164621585736
|||;27340.1,27340.1,27340,27340,0,0,0,0,1231.164621585736
|||;27340.1,27340.1,27340,27340,0,0,0,0,1236.164621585736
|||;27340.1,27340.1,27340,27340,0,0,0,0,1241.164621585736
|||;27340.1,27340.1,27340,27340,0,0,0,0,1246.164621585736
|||;27340.1,27340.1,27340,27340,0,0,0,0,1251.164621585736
|||;27340.1,27340.1,27340,27340,0,0,0,0,1256.164621585736
|||;27340.1,27340.1,27340,27340,0,0,0,0,1261.164621585736
|||;27340.1,27340.1,27340,27340,0,0,0,0,1266.164621585736
|||;27340.1,27340.1,27340,27340,0,0,0,0,1271.164621585736
|||;27340.1,27340.1,27340,27340,0,0,0,0,1276.164621585736
|||;27340.1,27340.1,27340,27340,0,0,0,0,1281.164621585736
|||;27340.1,27340.1,27340,27340,0,0,0,0,1286.164621585736
|||;27340.1,27340.1,27340,27340,0,0,0,0,1291.164621585736
|||;27340.1,27340.1,27340,27340,0,0,0,0,1296.164621585736
|||;27340.1,27340.1,27340,27340,0,0,0,0,1301.164621585736
|||;27340.1,27340.1,27340,27340,0,0,0,0,1306.164621585736
|||;27340.1,27340.1,27340,27340,0,0,0,0,1311.164621585736
|||;27340.1,27340.1,27340,27340,0,0,0,0,1316.164621585736
|||;27340.1,27340.1,27340,27340,0,0,0,0,1321.164621585736
|||;27340.1,27340.1,27340,27340,0,0,0,0,1326.164621585736
|||;27340.1,27340.1,27340,27340,0,0,0,0,1331.164621585736
|||;27340.1,27340.1,27340,27340,0,0,0,0,1336.164621585736
|||;27340.1,27340.1,27340,27340,0,0,0,0,1341.164621585736
|||;27340.1,27340.1,27340,27340,0,0,0,0,1346.164621585736
|||;27340.1,27340.1,27340,27340,0,0,0,0,1351.164621585736
|||;27340.1,27340.1,27340,27340,0,0,0,0,1356.164621585736
|||;27340.1,27340.1,27340,27340,0,0,0,0,1361.164621585736
|||;27340.1,27340.1,27340,27340,0,0,0,0,1366.164621585736
|||;27340.1,27340.1,27340,27340,0,0,0,0,1371.164621585736
|||;27340.1,27340.1,27340,27340,0,0,0,0,1376.164621585736
|||;27340.1,27340.1,27340,27340,0,0,0,0,1381.164621585736
|||;27340.1,27340.1,27340,27340,0,0,0,0,1386.164621585736
|||;27340.1,27340.1,27340,27340,0,0,0,0,1391.164621585736
|||;27340.1,27340.1,27340,27340,0,0,0,0,1396.164621585736
|||;27340.1,27340.1,27340,27340,0,0,0,0,1401.164621585736
|||;27340.1,27340.1,27340,27340,0,0,0,0,1406.164621585736
|||;27340.1,27340.1,27340,27340,0,0,0,0,1411.164621585736
|||;27340.1,27340.1,27340,27340,0,0,0,0,1416.164621585736
|||;27340.1,27340.1,27340,27340,0,0,0,0,1421.164621585736
|||;27340.1,27340.1,27340,27340,0,0,0,0,1426.164621585736
|||;27340.1,27340.1,27340,27340,0,0,0,0,1431.164621585736
|||;27340.1,27340.1,27340,27340,0,0,0,0,1436.164621585736
|||;27340.1,27340.1,27340,27340,0,0,0,0,1441.164621585736
|||;27340.1,27340.1,27340,27340,0,0,0,0,1446.164621585736
|||;27340.1,27340.1,27340,27340,0,0,0,0,1451.164621585736
|||;27340.1,27340.1,27340,27340,0,0,0,0,1456.164621585736
|||;27340.1,27340.1,27340,27340,0,0,0,0,1461.164621585736
|||;27340.1,27340.1,27340,27340,0,0,0,0,1466.164621585736
|||;27340.1,27340.1,27340,27340,0,0,0,0,1471.164621585736
|||;27340.1,27340.1,27340,27340,0,0,0,0,1476.164621585736
|||;27340.1,27340.1,27340,27340,0,0,0,0,1481.164621585736
|||;27340.1,27340.1,27340,27340,0,0,0,0,1486.164621585736
|||;27340.1,27340.1,27340,27340,0,0,0,0,1491.164621585736
|||;27340.1,27340.1,27340,27340,0,0,0,0,1496.164621585736
|||;27340.1,27340.1,27340,27340,0,0,0,0,1501.164621585736
|||;27340.1,27340.1,27340,27340,0,0,0,0,1506.164621585736
|||;27340.1,27340.1,27340,27340,0,0,0,0,1511.164621585736
|||;27340.1,27340.1,27340,27340,0,0,0,0,1516.164621585736
|||;27340.1,27340.1,27340,27340,0,0,0,0,1521.164621585736
|||;27340.1,27340.1,27340,27340,0,0,0,0,1526.164621585736
|||;27340.1,27340.1,27340,27340,0,0,0,0,1531.164621585736
|||;27340.1,27340.1,27340,27340,0,0,0,0,1536.164621585736
|||;27340.1,27340.1,27340,27340,0,0,0,0,1541.164621585736
|||;27340.1,27340.1,27340,27340,0,0,0,0,1546.164621585736
|||;27340.1,27340.1,27340,27340,0,0,0,0,1551.164621585736
|||;27340.1,27340.1,27340,27340,0,0,0,0,1556.164621585736
|||;27340.1,27340.1,27340,27340,0,0,0,0,1561.164621585736
|||;27340.1,27340.1,27340,27340,0,0,0,0,1566.164621585736
|||;27340.1,27340.1,27340,27340,0,0,0,0,1571.164621585736
|||;27340.1,27340.1,27340,27340,0,0,0,0,1576.164621585736
|||;27340.1,27340.1,27340,27340,0,0,0,0,1581.164621585736
|||;27340.1,27340.1,27340,27340,0,0,0,0,1586.164621585736
|||;27340.1,27340.1,27340,27340,0,0,0,0,1591.164621585736
|||;27340.1,27340.1,27340,27340,0,0,0,0,1596.164621585736
|||;27340.1,27340.1,27340,27340,0,0,0,0,1601.164621585736
|||;27340.1,27340.1,27340,27340,0,0,0,0,1606.164621585736
|||;27340.1,27340.1,27340,27340,0,0,0,0,1611.164621585736
|||;27340.1,27340.1,27340,27340,0,0,0,0,1616.164621585736
|||;27340.1,27340.1,27340,27340,0,0,0,0,1621.164621585736
|||;27340.1,27340.1,27340,27340,0,0,0,0,1626.164621585736
|||;27340.1,27340.1,27340,27340,0,0,0,0,1631.164621585736
|||;27340.1,27340.1,27340,27340,0,0,0,0,1636.164621585736
|||;27340.1,27340.1,27340,27340,0,0,0,0,1641.164621585736
|||;27340.1,27340.1,27340,27340,0,0,0,0,1646.164621585736
|||;27340.1,27340.1,27340,27340,0,0,0,0,1651.164621585736
|||;27340.1,27340.1,27340,27340,0,0,0,0,1656.164621585736
|||;27340.1,27340.1,27340,27340,0,0,0,0,1661.164621585736
|||;27340.1,27340.1,27340,27340,0,0,0,0,1666.164621585736
|||;27340.1,27340.1,27340,27340,0,0,0,0,1671.164621585736
|||;27340.1,27340.1,27340,27340,0,0,0,0,1676.164621585736
|||;27340.1,27340.1,27340,27340,0,0,0,0,1681.164621585736
|||;27340.1,27340.1,27340,27340,0,0,0,0,1686.164621585736
|||;27340.1,27340.1,27340,27340,0,0,0,0,1691.164621585736
|||;27340.1,27340.1,27340,27340,0,0,0,0,1696.164621585736
|||;27340.1,27340.1,27340,27340,0,0,0,0,1701.164621585736
|||;27340.1,27340.1,27340,27340,0,0,0,0,1706.164621585736
|||;27340.1,27340.1,27340,27340,0,0,0,0,1711.164621585736
|||;27340.1,27340.1,27340,27340,0,0,0,0,1716.164621585736
|||;27340.1,27340.1,27340,27340,0,0,0,0,1721.164621585736
|||;27340.1,27340.1,27340,27340,0,0,0,0,1726.164621585736
|||;27340.1,27340.1,27340,27340,0,0,0,0,1731.164621585736
|||;27340.1,27340.1,27340,27340,0,0,0,0,1736.164621585736
|||;27340.1,27340.1,27340,27340,0,0,0,0,1741.164621585736
|||;27340.1,27340.1,27340,27340,0,0,0,0,1746.164621585736
|||;27340.1,27340.1,27340,27340,0,0,0,0,1751.164621585736
|||;27340.1,27340.1,27340,27340,0,0,0,0,1756.164621585736
|||;27340.1,27340.1,27340,27340,0,0,0,0,1761.164621585736
|||;27340.1,27340.1,27340,27340,0,0,0,0,1766.164621585736
|||;27340.1,27340.1,27340,27340,0,0,0,0,1771.164621585736
|||;27340.1,27340.1,27340,27340,0,0,0,0,1776.164621585736
|||;27340.1,27340.1,27340,27340,0,0,0,0,1781.164621585736
|||;27340.1,27340.1,27340,27340,0,0,0,0,1786.164621585736
|||;27340.1,27340.1,27340,27340,0,0,0,0,1791.164621585736
|||;27340.1,27340.1,27340,27340,0,0,0,0,1796.164621585736
|||;27340.1,27340.1,27340,27340,0,0,0,0,1801.164621585736
|||;27340.1,27340.1,27340,27340,0,0,0,0,1806.164621585736
|||;27340.1,27340.1,27340,27340,0,0,0,0,1811.164621585736
|||;27340.1,27340.1,27340,27340,0,0,0,0,1816.164621585736
|||;27340.1,27340.1,27340,27340,0,0,0,0,1821.164621585736
|||;27340.1,27340.1,27340,27340,0,0,0,0,1826.164621585736
|||;27340.1,27340.1,27340,27340,0,0,0,0,1831.164621585736
|||;27340.1,27340.1,27340,27340,0,0,0,0,1836.164621585736
|||;27340.1,27340.1,27340,27340,0,0,0,0,1841.164621585736
|||;27340.1,27340.1,27340,27340,0,0,0,0,1846.164621585736
|||;27340.1,27340.1,27340,27340,0,0,0,0,1851.164621585736
|||;27340.1,27340.1,27340,27340,0,0,0,0,1856.164621585736
|||;27340.1,27340.1,27340,27340,0,0,0,0,1861.164621585736
|||;27340.1,27340.1,27340,27340,0,0,0,0,1866.164621585736
|||;27340.1,27340.1,27340,27340,0,0,0,0,1871.164621585736
|||;27340.1,27340.1,27340,27340,0,0,0,0,1876.164621585736
|||;27340.1,27340.1,27340,27340,0,0,0,0,1881.164621585736
|||;27340.1,27340.1,27340,27340,0,0,0,0,1886.164621585736
|||;27340.1,27340.1,27340,27340,0,0,0,0,1891.164621585736
|||;27340.1,27340.1,27340,27340,0,0,0,0,1896.164621585736
|||;27340.1,27340.1,27340,27340,0,0,0,0,1901.164621585736
|||;27340.1,27340.1,27340,27340,0,0,0,0,1906.164621585736
|||;27340.1,27340.1,27340,27340,0,0,0,0,1911.164621585736
|||;27340.1,27340.1,27340,27340,0,0,0,0,1916.164621585736
|||;27340.1,27340.1,27340,27340,0,0,0,0,1921.164621585736
|||;27340.1,27340.1,27340,27340,0,0,0,0,1926.164621585736
|||;27340.1,27340.1,27340,27340,0,0,0,0,1931.164621585736
|||;27340.1,27340.1,27340,27340,0,0,0,0,1936.164621585736
|||;27340.1,27340.1,27340,27340,0,0,0,0,1941.164621585736
|||;27340.1,27340.1,27340,27340,0,0,0,0,1946.164621585736
|||;27340.1,27340.1,27340,27340,0,0,0,0,1951.164621585736
|||;27340.1,27340.1,27340,27340,0,0,0,0,1956.164621585736
|||;27340.1,27340.1,27340,27340,0,0,0,0,1961.164621585736
|||;27340.1,27340.1,27340,27340,0,0,0,0,1966.164621585736
|||;27340.1,27340.1,27340,27340,0,0,0,0,1971.164621585736
|||;27340.1,27340.1,27340,27340,0,0,0,0,1976.164621585736
|||;27340.1,27340.1,27340,27340,0,0,0,0,1981.164621585736
|||;27340.1,27340.1,27340,27340,0,0,0,0,1986.164621585736
|||;27340.1,27340.1,27340,27340,0,0,0,0,1991.164621585736
|||;27340.1,27340.1,27340,27340,0,0,0,0,1996.164621585736
