|||;31436,31436,31436,31436,0,0,0,0,1.142901062721
807ifekr(2),805cigdv(1),901lutxe(0),735eqdjk(1),814vxfur(0),742apuzt(1),|807ifekr(2),901lutxe(0),735eqdjk(1),814vxfur(0),742apuzt(1),|807ifekr(2),805cigdv(1),901lutxe(0),735eqdjk(1),814vxfur(0),742apuzt(1),|807ifekr(2),901lutxe(0),735eqdjk(1),814vxfur(0),742apuzt(1),;24221.9,23479.5,24181,23029,52.48470617592,52.959265453408,52.590434937825,54.99428183436,6.142901062721
901lutxe(1),735eqdjk(1),814vxfur(1),742apuzt(1),|901lutxe(2),735eqdjk(1),814vxfur(1),742apuzt(1),|901lutxe(1),735eqdjk(1),814vxfur(1),742apuzt(1),|901lutxe(2),735eqdjk(1),814vxfur(1),742apuzt(1),;25286.8,24524,25245.9,23551.2,47.48470617592,47.959265453408,47.590434937825,49.99428183436,11.142901062721
901lutxe(2),735eqdjk(1),814vxfur(1),742apuzt(1),|901lutxe(2),735eqdjk(1),814vxfur(1),742apuzt(1),|901lutxe(2),735eqdjk(1),814vxfur(1),742apuzt(1),|901lutxe(2),735eqdjk(1),814vxfur(1),742apuzt(1),;25286.8,24524,25245.9,23551.2,42.48470617592,42.959265453408,42.590434937825,44.99428183436,16.142901062721
735eqdjk(2),814vxfur(1),742apuzt(1),|735eqdjk(2),814vxfur(1),742apuzt(1),|735eqdjk(2),814vxfur(1),742apuzt(1),|901lutxe(2),735eqdjk(1),814vxfur(1),742apuzt(1),;26679.4,25916.6,26638.5,23551.2,37.48470617592,37.959265453408,37.590434937825,39.99428183436,21.142901062721
735eqdjk(2),814vxfur(1),742apuzt(1),|735eqdjk(2),814vxfur(1),742apuzt(1),|814vxfur(1),742apuzt(1),|735eqdjk(2),814vxfur(1),742apuzt(1),;26679.4,25916.6,28082.3,26336.5,32.48470617592,32.959265453408,32.590434937825,34.99428183436,26.142901062721
814vxfur(2),742apuzt(1),|814vxfur(2),742apuzt(1),|814vxfur(2),742apuzt(1),|814vxfur(2),742apuzt(1),;28845.2,28082.4,28082.3,27780.3,27.48470617592,27.959265453408,27.590434937825,29.99428183436,31.142901062721
814vxfur(2),742apuzt(1),|814vxfur(2),742apuzt(1),|814vxfur(2),742apuzt(1),|814vxfur(2),742apuzt(1),;28845.2,28082.4,28082.3,27780.3,22.48470617592,22.959265453408,22.590434937825,24.99428183436,36.142901062721
814vxfur(3),742apuzt(2),972bgrzh(0),|814vxfur(3),742apuzt(2),972bgrzh(0),|814vxfur(3),742apuzt(2),972bgrzh(0),|814vxfur(3),742apuzt(2),972bgrzh(0),;26372.2,26433.8,25609.3,26131.7,34.183307574764,30.638325518918,34.289036336669,32.67334189987,41.142901062721
814vxfur(3),972bgrzh(2),|814vxfur(3),972bgrzh(2),|814vxfur(3),972bgrzh(2),|814vxfur(3),742apuzt(2),972bgrzh(1),;27437.2,27498.8,26674.3,26131.7,29.183307574764,25.638325518918,29.289036336669,27.67334189987,46.142901062721
814vxfur(3),972bgrzh(2),|814vxfur(3),972bgrzh(2),|814vxfur(3),972bgrzh(2),|814vxfur(3),972bgrzh(2),;27437.2,27498.8,26674.3,28261.6,24.183307574764,20.638325518918,24.289036336669,22.67334189987,51.142901062721
814vxfur(3),972bgrzh(3),227ncgsk(0),|814vxfur(3),972bgrzh(3),|814vxfur(3),972bgrzh(3),|814vxfur(3),972bgrzh(2),;23725.2,27498.8,26674.3,28261.6,41.995573828364,15.638325518918,19.289036336669,17.67334189987,56.142901062721
814vxfur(3),972bgrzh(3),227ncgsk(2),|814vxfur(3),972bgrzh(3),|814vxfur(3),972bgrzh(3),|814vxfur(3),972bgrzh(3),;23725.2,27498.8,26674.3,28261.6,36.995573828364,10.638325518918,14.289036336669,12.67334189987,61.142901062721
814vxfur(3),972bgrzh(3),227ncgsk(2),|814vxfur(3),972bgrzh(3),|814vxfur(3),972bgrzh(3),|814vxfur(3),972bgrzh(3),;23725.2,27498.8,26674.3,28261.6,31.995573828364,5.638325518918,9.289036336669,7.67334189987,66.142901062721
227ncgsk(2),|||;27723.9,31436.1,31435.9,31436,26.995573828364,0.638325518918,4.289036336669,2.67334189987,71.142901062721
227ncgsk(2),|||;27723.9,31436.1,31435.9,31436,21.995573828364,0,0,0,76.142901062721
227ncgsk(3),|||;27723.9,31436.1,31435.9,31436,16.995573828364,0,0,0,81.142901062721
227ncgsk(3),|||;27723.9,31436.1,31435.9,31436,11.995573828364,0,0,0,86.142901062721
227ncgsk(3),|||;27723.9,31436.1,31435.9,31436,6.995573828364,0,0,0,91.142901062721
|||;31435.9,31436.1,31435.9,31436,1.995573828364,0,0,0,96.142901062721
|||;31435.9,31436.1,31435.9,31436,0,0,0,0,101.142901062721
|||;31435.9,31436.1,31435.9,31436,0,0,0,0,106.142901062721
|||;31435.9,31436.1,31435.9,31436,0,0,0,0,111.142901062721
|373dcgaz(0),|373dcgaz(0),|373dcgaz(0),;31435.9,30888.3,30888.1,30888.2,0,2.918913484122,2.918913484122,2.918913484122,116.142901062721
530tmlwj(2),|530tmlwj(2),|530tmlwj(2),|530tmlwj(2),;29633.7,30534.9,30534.7,30534.8,6.171502556422,6.78632134136,6.78632134136,6.78632134136,121.142901062721
530tmlwj(2),|||;29633.7,31436,31435.8,31435.9,1.171502556422,1.78632134136,1.78632134136,1.78632134136,126.142901062721
|||;31435.9,31436,31435.8,31435.9,0,0,0,0,131.142901062721
|||;31435.9,31436,31435.8,31435.9,0,0,0,0,136.142901062721
|||;31435.9,31436,31435.8,31435.9,0,0,0,0,141.142901062721
|||;31435.9,31436,31435.8,31435.9,0,0,0,0,146.142901062721
|||;31435.9,31436,31435.8,31435.9,0,0,0,0,151.142901062721
|||;31435.9,31436,31435.8,31435.9,0,0,0,0,156.142901062721
|||;31435.9,31436,31435.8,31435.9,0,0,0,0,161.142901062721
|||;31435.9,31436,31435.8,31435.9,0,0,0,0,166.142901062721
|||;31435.9,31436,31435.8,31435.9,0,0,0,0,171.142901062721
|||;31435.9,31436,31435.8,31435.9,0,0,0,0,176.142901062721
|||;31435.9,31436,31435.8,31435.9,0,0,0,0,181.142901062721
|||;31435.9,31436,31435.8,31435.9,0,0,0,0,186.142901062721
|||;31435.9,31436,31435.8,31435.9,0,0,0,0,191.142901062721
|||;31435.9,31436,31435.8,31435.9,0,0,0,0,196.142901062721
|||;31435.9,31436,31435.8,31435.9,0,0,0,0,201.142901062721
|||;31435.9,31436,31435.8,31435.9,0,0,0,0,206.142901062721
|||;31435.9,31436,31435.8,31435.9,0,0,0,0,211.142901062721
|||;31435.9,31436,31435.8,31435.9,0,0,0,0,216.142901062721
|||;31435.9,31436,31435.8,31435.9,0,0,0,0,221.142901062721
634afkjx(2),|||;27493.5,31436,31435.8,31435.9,16.154528636183,0,0,0,226.142901062721
634afkjx(2),|||;27493.5,31436,31435.8,31435.9,11.154528636183,0,0,0,231.142901062721
634afkjx(2),|||;27493.5,31436,31435.8,31435.9,6.154528636183,0,0,0,236.142901062721
634afkjx(2),|||;27493.5,31436,31435.8,31435.9,1.154528636183,0,0,0,241.142901062721
|||;31435.9,31436,31435.8,31435.9,0,0,0,0,246.142901062721
|||;31435.9,31436,31435.8,31435.9,0,0,0,0,251.142901062721
|||;31435.9,31436,31435.8,31435.9,0,0,0,0,256.142901062721
241lrbsy(2),|||;24769.7,31436,31435.8,31435.9,32.628061948053,0,0,0,261.142901062721
241lrbsy(2),|||;24769.7,31436,31435.8,31435.9,27.628061948053,0,0,0,266.142901062721
241lrbsy(2),|||;24769.7,31436,31435.8,31435.9,22.628061948053,0,0,0,271.142901062721
241lrbsy(2),|||;24769.7,31436,31435.8,31435.9,17.628061948053,0,0,0,276.142901062721
241lrbsy(2),|||;24769.7,31436,31435.8,31435.9,12.628061948053,0,0,0,281.142901062721
241lrbsy(2),519kzjxa(1),|||;20468.9,31436,31435.8,31435.9,34.313127693692,0,0,0,286.142901062721
241lrbsy(2),519kzjxa(1),|||;20468.9,31436,31435.8,31435.9,29.313127693692,0,0,0,291.142901062721
519kzjxa(2),|||;27135.1,31436,31435.8,31435.9,24.313127693692,0,0,0,296.142901062721
519kzjxa(2),|||;27135.1,31436,31435.8,31435.9,19.313127693692,0,0,0,301.142901062721
519kzjxa(2),|||;27135.1,31436,31435.8,31435.9,14.313127693692,0,0,0,306.142901062721
519kzjxa(2),|||;27135.1,31436,31435.8,31435.9,9.313127693692,0,0,0,311.142901062721
519kzjxa(3),|||;27135.1,31436,31435.8,31435.9,4.313127693692,0,0,0,316.142901062721
519kzjxa(3),|||;27135.1,31436,31435.8,31435.9,0,0,0,0,321.142901062721
519kzjxa(3),|||;27135.1,31436,31435.8,31435.9,0,0,0,0,326.142901062721
519kzjxa(3),|||;27135.1,31436,31435.8,31435.9,0,0,0,0,331.142901062721
519kzjxa(3),|||;27135.1,31436,31435.8,31435.9,0,0,0,0,336.142901062721
519kzjxa(3),|||;27135.1,31436,31435.8,31435.9,0,0,0,0,341.142901062721
519kzjxa(3),|||;27135.1,31436,31435.8,31435.9,0,0,0,0,346.142901062721
|||;31435.9,31436,31435.8,31435.9,0,0,0,0,351.142901062721
|||;31435.9,31436,31435.8,31435.9,0,0,0,0,356.142901062721
|||;31435.9,31436,31435.8,31435.9,0,0,0,0,361.142901062721
|||;31435.9,31436,31435.8,31435.9,0,0,0,0,366.142901062721
|||;31435.9,31436,31435.8,31435.9,0,0,0,0,371.142901062721
|||;31435.9,31436,31435.8,31435.9,0,0,0,0,376.142901062721
|||;31435.9,31436,31435.8,31435.9,0,0,0,0,381.142901062721
|||;31435.9,31436,31435.8,31435.9,0,0,0,0,386.142901062721
|||;31435.9,31436,31435.8,31435.9,0,0,0,0,391.142901062721
|||;31435.9,31436,31435.8,31435.9,0,0,0,0,396.142901062721
|||;31435.9,31436,31435.8,31435.9,0,0,0,0,401.142901062721
|||;31435.9,31436,31435.8,31435.9,0,0,0,0,406.142901062721
|||;31435.9,31436,31435.8,31435.9,0,0,0,0,411.142901062721
|||;31435.9,31436,31435.8,31435.9,0,0,0,0,416.142901062721
|||;31435.9,31436,31435.8,31435.9,0,0,0,0,421.142901062721
|||;31435.9,31436,31435.8,31435.9,0,0,0,0,426.142901062721
|||;31435.9,31436,31435.8,31435.9,0,0,0,0,431.142901062721
|||;31435.9,31436,31435.8,31435.9,0,0,0,0,436.142901062721
|||;31435.9,31436,31435.8,31435.9,0,0,0,0,441.142901062721
|||;31435.9,31436,31435.8,31435.9,0,0,0,0,446.142901062721
|||;31435.9,31436,31435.8,31435.9,0,0,0,0,451.142901062721
|||;31435.9,31436,31435.8,31435.9,0,0,0,0,456.142901062721
|||;31435.9,31436,31435.8,31435.9,0,0,0,0,461.142901062721
|||;31435.9,31436,31435.8,31435.9,0,0,0,0,466.142901062721
|||;31435.9,31436,31435.8,31435.9,0,0,0,0,471.142901062721
|||;31435.9,31436,31435.8,31435.9,0,0,0,0,476.142901062721
|||;31435.9,31436,31435.8,31435.9,0,0,0,0,481.142901062721
|||;31435.9,31436,31435.8,31435.9,0,0,0,0,486.142901062721
|||;31435.9,31436,31435.8,31435.9,0,0,0,0,491.142901062721
|||;31435.9,31436,31435.8,31435.9,0,0,0,0,496.142901062721
|||;31435.9,31436,31435.8,31435.9,0,0,0,0,501.142901062721
|||;31435.9,31436,31435.8,31435.9,0,0,0,0,506.142901062721
|||;31435.9,31436,31435.8,31435.9,0,0,0,0,511.142901062721
|||;31435.9,31436,31435.8,31435.9,0,0,0,0,516.142901062721
|||;31435.9,31436,31435.8,31435.9,0,0,0,0,521.142901062721
|||;31435.9,31436,31435.8,31435.9,0,0,0,0,526.142901062721
|||;31435.9,31436,31435.8,31435.9,0,0,0,0,531.142901062721
|||;31435.9,31436,31435.8,31435.9,0,0,0,0,536.142901062721
|||;31435.9,31436,31435.8,31435.9,0,0,0,0,541.142901062721
|||;31435.9,31436,31435.8,31435.9,0,0,0,0,546.142901062721
|||;31435.9,31436,31435.8,31435.9,0,0,0,0,551.142901062721
|||;31435.9,31436,31435.8,31435.9,0,0,0,0,556.142901062721
|||;31435.9,31436,31435.8,31435.9,0,0,0,0,561.142901062721
|||;31435.9,31436,31435.8,31435.9,0,0,0,0,566.142901062721
|||;31435.9,31436,31435.8,31435.9,0,0,0,0,571.142901062721
|||;31435.9,31436,31435.8,31435.9,0,0,0,0,576.142901062721
|||;31435.9,31436,31435.8,31435.9,0,0,0,0,581.142901062721
|||;31435.9,31436,31435.8,31435.9,0,0,0,0,586.142901062721
|||;31435.9,31436,31435.8,31435.9,0,0,0,0,591.142901062721
|||;31435.9,31436,31435.8,31435.9,0,0,0,0,596.142901062721
|||;31435.9,31436,31435.8,31435.9,0,0,0,0,601.142901062721
484eqbnl(2),|484eqbnl(2),||;30724.2,30724.3,31435.8,31435.9,3.199831151861,3.199831151861,0,0,606.142901062721
|||;31435.9,31436,31435.8,31435.9,0,0,0,0,611.142901062721
|||;31435.9,31436,31435.8,31435.9,0,0,0,0,616.142901062721
|||;31435.9,31436,31435.8,31435.9,0,0,0,0,621.142901062721
|||;31435.9,31436,31435.8,31435.9,0,0,0,0,626.142901062721
|||;31435.9,31436,31435.8,31435.9,0,0,0,0,631.142901062721
|||;31435.9,31436,31435.8,31435.9,0,0,0,0,636.142901062721
|||;31435.9,31436,31435.8,31435.9,0,0,0,0,641.142901062721
|||;31435.9,31436,31435.8,31435.9,0,0,0,0,646.142901062721
|||;31435.9,31436,31435.8,31435.9,0,0,0,0,651.142901062721
|||;31435.9,31436,31435.8,31435.9,0,0,0,0,656.142901062721
|||;31435.9,31436,31435.8,31435.9,0,0,0,0,661.142901062721
|||;31435.9,31436,31435.8,31435.9,0,0,0,0,666.142901062721
|||;31435.9,31436,31435.8,31435.9,0,0,0,0,671.142901062721
|||;31435.9,31436,31435.8,31435.9,0,0,0,0,676.142901062721
|||;31435.9,31436,31435.8,31435.9,0,0,0,0,681.142901062721
|||;31435.9,31436,31435.8,31435.9,0,0,0,0,686.142901062721
|||;31435.9,31436,31435.8,31435.9,0,0,0,0,691.142901062721
|||;31435.9,31436,31435.8,31435.9,0,0,0,0,696.142901062721
|||;31435.9,31436,31435.8,31435.9,0,0,0,0,701.142901062721
|||;31435.9,31436,31435.8,31435.9,0,0,0,0,706.142901062721
|||;31435.9,31436,31435.8,31435.9,0,0,0,0,711.142901062721
|||;31435.9,31436,31435.8,31435.9,0,0,0,0,716.142901062721
|||;31435.9,31436,31435.8,31435.9,0,0,0,0,721.142901062721
|||;31435.9,31436,31435.8,31435.9,0,0,0,0,726.142901062721
|||;31435.9,31436,31435.8,31435.9,0,0,0,0,731.142901062721
|||;31435.9,31436,31435.8,31435.9,0,0,0,0,736.142901062721
|||;31435.9,31436,31435.8,31435.9,0,0,0,0,741.142901062721
|||;31435.9,31436,31435.8,31435.9,0,0,0,0,746.142901062721
|||;31435.9,31436,31435.8,31435.9,0,0,0,0,751.142901062721
|||;31435.9,31436,31435.8,31435.9,0,0,0,0,756.142901062721
|||;31435.9,31436,31435.8,31435.9,0,0,0,0,761.142901062721
|||;31435.9,31436,31435.8,31435.9,0,0,0,0,766.142901062721
|||;31435.9,31436,31435.8,31435.9,0,0,0,0,771.142901062721
|||;31435.9,31436,31435.8,31435.9,0,0,0,0,776.142901062721
|||;31435.9,31436,31435.8,31435.9,0,0,0,0,781.142901062721
|||;31435.9,31436,31435.8,31435.9,0,0,0,0,786.142901062721
|||;31435.9,31436,31435.8,31435.9,0,0,0,0,791.142901062721
|||;31435.9,31436,31435.8,31435.9,0,0,0,0,796.142901062721
|||;31435.9,31436,31435.8,31435.9,0,0,0,0,801.142901062721
|||;31435.9,31436,31435.8,31435.9,0,0,0,0,806.142901062721
|||;31435.9,31436,31435.8,31435.9,0,0,0,0,811.142901062721
|||;31435.9,31436,31435.8,31435.9,0,0,0,0,816.142901062721
|||;31435.9,31436,31435.8,31435.9,0,0,0,0,821.142901062721
|||;31435.9,31436,31435.8,31435.9,0,0,0,0,826.142901062721
|||;31435.9,31436,31435.8,31435.9,0,0,0,0,831.142901062721
|||;31435.9,31436,31435.8,31435.9,0,0,0,0,836.142901062721
|||;31435.9,31436,31435.8,31435.9,0,0,0,0,841.142901062721
|||;31435.9,31436,31435.8,31435.9,0,0,0,0,846.142901062721
|||;31435.9,31436,31435.8,31435.9,0,0,0,0,851.142901062721
|||;31435.9,31436,31435.8,31435.9,0,0,0,0,856.142901062721
|||;31435.9,31436,31435.8,31435.9,0,0,0,0,861.142901062721
|||;31435.9,31436,31435.8,31435.9,0,0,0,0,866.142901062721
|||;31435.9,31436,31435.8,31435.9,0,0,0,0,871.142901062721
|||;31435.9,31436,31435.8,31435.9,0,0,0,0,876.142901062721
|||;31435.9,31436,31435.8,31435.9,0,0,0,0,881.142901062721
|||;31435.9,31436,31435.8,31435.9,0,0,0,0,886.142901062721
|||;31435.9,31436,31435.8,31435.9,0,0,0,0,891.142901062721
|||;31435.9,31436,31435.8,31435.9,0,0,0,0,896.142901062721
|||;31435.9,31436,31435.8,31435.9,0,0,0,0,901.142901062721
|||;31435.9,31436,31435.8,31435.9,0,0,0,0,906.142901062721
|||;31435.9,31436,31435.8,31435.9,0,0,0,0,911.142901062721
|||;31435.9,31436,31435.8,31435.9,0,0,0,0,916.142901062721
|||;31435.9,31436,31435.8,31435.9,0,0,0,0,921.142901062721
|||;31435.9,31436,31435.8,31435.9,0,0,0,0,926.142901062721
|||;31435.9,31436,31435.8,31435.9,0,0,0,0,931.142901062721
|||;31435.9,31436,31435.8,31435.9,0,0,0,0,936.142901062721
|||;31435.9,31436,31435.8,31435.9,0,0,0,0,941.142901062721
|||;31435.9,31436,31435.8,31435.9,0,0,0,0,946.142901062721
|||;31435.9,31436,31435.8,31435.9,0,0,0,0,951.142901062721
|||;31435.9,31436,31435.8,31435.9,0,0,0,0,956.142901062721
|||;31435.9,31436,31435.8,31435.9,0,0,0,0,961.142901062721
|||;31435.9,31436,31435.8,31435.9,0,0,0,0,966.142901062721
|||;31435.9,31436,31435.8,31435.9,0,0,0,0,971.142901062721
|||;31435.9,31436,31435.8,31435.9,0,0,0,0,976.142901062721
|||;31435.9,31436,31435.8,31435.9,0,0,0,0,981.142901062721
|||;31435.9,31436,31435.8,31435.9,0,0,0,0,986.142901062721
|||;31435.9,31436,31435.8,31435.9,0,0,0,0,991.142901062721
|||;31435.9,31436,31435.8,31435.9,0,0,0,0,996.142901062721
|||;31435.9,31436,31435.8,31435.9,0,0,0,0,1001.142901062721
|||;31435.9,31436,31435.8,31435.9,0,0,0,0,1006.142901062721
|||;31435.9,31436,31435.8,31435.9,0,0,0,0,1011.142901062721
|||;31435.9,31436,31435.8,31435.9,0,0,0,0,1016.142901062721
|||;31435.9,31436,31435.8,31435.9,0,0,0,0,1021.142901062721
|||;31435.9,31436,31435.8,31435.9,0,0,0,0,1026.142901062721
|||;31435.9,31436,31435.8,31435.9,0,0,0,0,1031.142901062721
|||;31435.9,31436,31435.8,31435.9,0,0,0,0,1036.142901062721
|||;31435.9,31436,31435.8,31435.9,0,0,0,0,1041.142901062721
|||;31435.9,31436,31435.8,31435.9,0,0,0,0,1046.142901062721
|||;31435.9,31436,31435.8,31435.9,0,0,0,0,1051.142901062721
|||;31435.9,31436,31435.8,31435.9,0,0,0,0,1056.142901062721
|||;31435.9,31436,31435.8,31435.9,0,0,0,0,1061.142901062721
|||;31435.9,31436,31435.8,31435.9,0,0,0,0,1066.142901062721
|||;31435.9,31436,31435.8,31435.9,0,0,0,0,1071.142901062721
|||;31435.9,31436,31435.8,31435.9,0,0,0,0,1076.142901062721
|||;31435.9,31436,31435.8,31435.9,0,0,0,0,1081.142901062721
|||;31435.9,31436,31435.8,31435.9,0,0,0,0,1086.142901062721
|||;31435.9,31436,31435.8,31435.9,0,0,0,0,1091.142901062721
|||;31435.9,31436,31435.8,31435.9,0,0,0,0,1096.142901062721
|||;31435.9,31436,31435.8,31435.9,0,0,0,0,1101.142901062721
|||;31435.9,31436,31435.8,31435.9,0,0,0,0,1106.142901062721
|||;31435.9,31436,31435.8,31435.9,0,0,0,0,1111.142901062721
|||;31435.9,31436,31435.8,31435.9,0,0,0,0,1116.142901062721
|||;31435.9,31436,31435.8,31435.9,0,0,0,0,1121.142901062721
|||;31435.9,31436,31435.8,31435.9,0,0,0,0,1126.142901062721
|||;31435.9,31436,31435.8,31435.9,0,0,0,0,1131.142901062721
|||;31435.9,31436,31435.8,31435.9,0,0,0,0,1136.142901062721
|||;31435.9,31436,31435.8,31435.9,0,0,0,0,1141.142901062721
|||;31435.9,31436,31435.8,31435.9,0,0,0,0,1146.142901062721
|||;31435.9,31436,31435.8,31435.9,0,0,0,0,1151.142901062721
|||;31435.9,31436,31435.8,31435.9,0,0,0,0,1156.142901062721
|||;31435.9,31436,31435.8,31435.9,0,0,0,0,1161.142901062721
|||;31435.9,31436,31435.8,31435.9,0,0,0,0,1166.142901062721
|||;31435.9,31436,31435.8,31435.9,0,0,0,0,1171.142901062721
|||;31435.9,31436,31435.8,31435.9,0,0,0,0,1176.142901062721
|||;31435.9,31436,31435.8,31435.9,0,0,0,0,1181.142901062721
|||;31435.9,31436,31435.8,31435.9,0,0,0,0,1186.142901062721
|||;31435.9,31436,31435.8,31435.9,0,0,0,0,1191.142901062721
|||;31435.9,31436,31435.8,31435.9,0,0,0,0,1196.142901062721
|||;31435.9,31436,31435.8,31435.9,0,0,0,0,1201.142901062721
|||;31435.9,31436,31435.8,31435.9,0,0,0,0,1206.142901062721
|||;31435.9,31436,31435.8,31435.9,0,0,0,0,1211.142901062721
|||;31435.9,31436,31435.8,31435.9,0,0,0,0,1216.142901062721
|||;31435.9,31436,31435.8,31435.9,0,0,0,0,1221.142901062721
|||;31435.9,31436,31435.8,31435.9,0,0,0,0,1226.142901062721
|||;31435.9,31436,31435.8,31435.9,0,0,0,0,1231.142901062721
|||;31435.9,31436,31435.8,31435.9,0,0,0,0,1236.142901062721
|||;31435.9,31436,31435.8,31435.9,0,0,0,0,1241.142901062721
|||;31435.9,31436,31435.8,31435.9,0,0,0,0,1246.142901062721
|||;31435.9,31436,31435.8,31435.9,0,0,0,0,1251.142901062721
|||;31435.9,31436,31435.8,31435.9,0,0,0,0,1256.142901062721
|||;31435.9,31436,31435.8,31435.9,0,0,0,0,1261.142901062721
|||;31435.9,31436,31435.8,31435.9,0,0,0,0,1266.142901062721
|||;31435.9,31436,31435.8,31435.9,0,0,0,0,1271.142901062721
|||;31435.9,31436,31435.8,31435.9,0,0,0,0,1276.142901062721
|||;31435.9,31436,31435.8,31435.9,0,0,0,0,1281.142901062721
|||;31435.9,31436,31435.8,31435.9,0,0,0,0,1286.142901062721
|||;31435.9,31436,31435.8,31435.9,0,0,0,0,1291.142901062721
|||;31435.9,31436,31435.8,31435.9,0,0,0,0,1296.142901062721
|||;31435.9,31436,31435.8,31435.9,0,0,0,0,1301.142901062721
|||;31435.9,31436,31435.8,31435.9,0,0,0,0,1306.142901062721
|||;31435.9,31436,31435.8,31435.9,0,0,0,0,1311.142901062721
|||;31435.9,31436,31435.8,31435.9,0,0,0,0,1316.142901062721
|||;31435.9,31436,31435.8,31435.9,0,0,0,0,1321.142901062721
|||;31435.9,31436,31435.8,31435.9,0,0,0,0,1326.142901062721
|||;31435.9,31436,31435.8,31435.9,0,0,0,0,1331.142901062721
|||;31435.9,31436,31435.8,31435.9,0,0,0,0,1336.142901062721
|||;31435.9,31436,31435.8,31435.9,0,0,0,0,1341.142901062721
|||;31435.9,31436,31435.8,31435.9,0,0,0,0,1346.142901062721
|||;31435.9,31436,31435.8,31435.9,0,0,0,0,1351.142901062721
|||;31435.9,31436,31435.8,31435.9,0,0,0,0,1356.142901062721
|||;31435.9,31436,31435.8,31435.9,0,0,0,0,1361.142901062721
|||;31435.9,31436,31435.8,31435.9,0,0,0,0,1366.142901062721
|||;31435.9,31436,31435.8,31435.9,0,0,0,0,1371.142901062721
|||;31435.9,31436,31435.8,31435.9,0,0,0,0,1376.142901062721
|||;31435.9,31436,31435.8,31435.9,0,0,0,0,1381.142901062721
|||;31435.9,31436,31435.8,31435.9,0,0,0,0,1386.142901062721
|||;31435.9,31436,31435.8,31435.9,0,0,0,0,1391.142901062721
|||;31435.9,31436,31435.8,31435.9,0,0,0,0,1396.142901062721
|||;31435.9,31436,31435.8,31435.9,0,0,0,0,1401.142901062721
|||;31435.9,31436,31435.8,31435.9,0,0,0,0,1406.142901062721
|||;31435.9,31436,31435.8,31435.9,0,0,0,0,1411.142901062721
|||;31435.9,31436,31435.8,31435.9,0,0,0,0,1416.142901062721
|||;31435.9,31436,31435.8,31435.9,0,0,0,0,1421.142901062721
|||;31435.9,31436,31435.8,31435.9,0,0,0,0,1426.142901062721
|||;31435.9,31436,31435.8,31435.9,0,0,0,0,1431.142901062721
|||;31435.9,31436,31435.8,31435.9,0,0,0,0,1436.142901062721
|||;31435.9,31436,31435.8,31435.9,0,0,0,0,1441.142901062721
|||;31435.9,31436,31435.8,31435.9,0,0,0,0,1446.142901062721
|||;31435.9,31436,31435.8,31435.9,0,0,0,0,1451.142901062721
|||;31435.9,31436,31435.8,31435.9,0,0,0,0,1456.142901062721
|||;31435.9,31436,31435.8,31435.9,0,0,0,0,1461.142901062721
|||;31435.9,31436,31435.8,31435.9,0,0,0,0,1466.142901062721
|||;31435.9,31436,31435.8,31435.9,0,0,0,0,1471.142901062721
|||;31435.9,31436,31435.8,31435.9,0,0,0,0,1476.142901062721
|||;31435.9,31436,31435.8,31435.9,0,0,0,0,1481.142901062721
|||;31435.9,31436,31435.8,31435.9,0,0,0,0,1486.142901062721
|||;31435.9,31436,31435.8,31435.9,0,0,0,0,1491.142901062721
|||;31435.9,31436,31435.8,31435.9,0,0,0,0,1496.142901062721
|||;31435.9,31436,31435.8,31435.9,0,0,0,0,1501.142901062721
|||;31435.9,31436,31435.8,31435.9,0,0,0,0,1506.142901062721
|||;31435.9,31436,31435.8,31435.9,0,0,0,0,1511.142901062721
|||;31435.9,31436,31435.8,31435.9,0,0,0,0,1516.142901062721
|||;31435.9,31436,31435.8,31435.9,0,0,0,0,1521.142901062721
|||;31435.9,31436,31435.8,31435.9,0,0,0,0,1526.142901062721
|||;31435.9,31436,31435.8,31435.9,0,0,0,0,1531.142901062721
|||;31435.9,31436,31435.8,31435.9,0,0,0,0,1536.142901062721
|||;31435.9,31436,31435.8,31435.9,0,0,0,0,1541.142901062721
|||;31435.9,31436,31435.8,31435.9,0,0,0,0,1546.142901062721
|||;31435.9,31436,31435.8,31435.9,0,0,0,0,1551.142901062721
|||;31435.9,31436,31435.8,31435.9,0,0,0,0,1556.142901062721
|||;31435.9,31436,31435.8,31435.9,0,0,0,0,1561.142901062721
|||;31435.9,31436,31435.8,31435.9,0,0,0,0,1566.142901062721
|||;31435.9,31436,31435.8,31435.9,0,0,0,0,1571.142901062721
|||;31435.9,31436,31435.8,31435.9,0,0,0,0,1576.142901062721
|||;31435.9,31436,31435.8,31435.9,0,0,0,0,1581.142901062721
|||;31435.9,31436,31435.8,31435.9,0,0,0,0,1586.142901062721
|||;31435.9,31436,31435.8,31435.9,0,0,0,0,1591.142901062721
|||;31435.9,31436,31435.8,31435.9,0,0,0,0,1596.142901062721
|||;31435.9,31436,31435.8,31435.9,0,0,0,0,1601.142901062721
|||;31435.9,31436,31435.8,31435.9,0,0,0,0,1606.142901062721
|||;31435.9,31436,31435.8,31435.9,0,0,0,0,1611.142901062721
|||;31435.9,31436,31435.8,31435.9,0,0,0,0,1616.142901062721
|||;31435.9,31436,31435.8,31435.9,0,0,0,0,1621.142901062721
|||;31435.9,31436,31435.8,31435.9,0,0,0,0,1626.142901062721
|||;31435.9,31436,31435.8,31435.9,0,0,0,0,1631.142901062721
|||;31435.9,31436,31435.8,31435.9,0,0,0,0,1636.142901062721
|||;31435.9,31436,31435.8,31435.9,0,0,0,0,1641.142901062721
|||;31435.9,31436,31435.8,31435.9,0,0,0,0,1646.142901062721
|||;31435.9,31436,31435.8,31435.9,0,0,0,0,1651.142901062721
|||;31435.9,31436,31435.8,31435.9,0,0,0,0,1656.142901062721
|||;31435.9,31436,31435.8,31435.9,0,0,0,0,1661.142901062721
|||;31435.9,31436,31435.8,31435.9,0,0,0,0,1666.142901062721
|||;31435.9,31436,31435.8,31435.9,0,0,0,0,1671.142901062721
|||;31435.9,31436,31435.8,31435.9,0,0,0,0,1676.142901062721
|||;31435.9,31436,31435.8,31435.9,0,0,0,0,1681.142901062721
|||;31435.9,31436,31435.8,31435.9,0,0,0,0,1686.142901062721
|||;31435.9,31436,31435.8,31435.9,0,0,0,0,1691.142901062721
|||;31435.9,31436,31435.8,31435.9,0,0,0,0,1696.142901062721
|||;31435.9,31436,31435.8,31435.9,0,0,0,0,1701.142901062721
|||;31435.9,31436,31435.8,31435.9,0,0,0,0,1706.142901062721
|||;31435.9,31436,31435.8,31435.9,0,0,0,0,1711.142901062721
|||;31435.9,31436,31435.8,31435.9,0,0,0,0,1716.142901062721
|||;31435.9,31436,31435.8,31435.9,0,0,0,0,1721.142901062721
|||;31435.9,31436,31435.8,31435.9,0,0,0,0,1726.142901062721
|||;31435.9,31436,31435.8,31435.9,0,0,0,0,1731.142901062721
|||;31435.9,31436,31435.8,31435.9,0,0,0,0,1736.142901062721
|||;31435.9,31436,31435.8,31435.9,0,0,0,0,1741.142901062721
|||;31435.9,31436,31435.8,31435.9,0,0,0,0,1746.142901062721
|||;31435.9,31436,31435.8,31435.9,0,0,0,0,1751.142901062721
|||;31435.9,31436,31435.8,31435.9,0,0,0,0,1756.142901062721
|||;31435.9,31436,31435.8,31435.9,0,0,0,0,1761.142901062721
|||;31435.9,31436,31435.8,31435.9,0,0,0,0,1766.142901062721
|||;31435.9,31436,31435.8,31435.9,0,0,0,0,1771.142901062721
|||;31435.9,31436,31435.8,31435.9,0,0,0,0,1776.142901062721
|||;31435.9,31436,31435.8,31435.9,0,0,0,0,1781.142901062721
|||;31435.9,31436,31435.8,31435.9,0,0,0,0,1786.142901062721
|||;31435.9,31436,31435.8,31435.9,0,0,0,0,1791.142901062721
|||;31435.9,31436,31435.8,31435.9,0,0,0,0,1796.142901062721
|||;31435.9,31436,31435.8,31435.9,0,0,0,0,1801.142901062721
|||;31435.9,31436,31435.8,31435.9,0,0,0,0,1806.142901062721
|||;31435.9,31436,31435.8,31435.9,0,0,0,0,1811.142901062721
|||;31435.9,31436,31435.8,31435.9,0,0,0,0,1816.142901062721
|||;31435.9,31436,31435.8,31435.9,0,0,0,0,1821.142901062721
|||;31435.9,31436,31435.8,31435.9,0,0,0,0,1826.142901062721
|||;31435.9,31436,31435.8,31435.9,0,0,0,0,1831.142901062721
|||;31435.9,31436,31435.8,31435.9,0,0,0,0,1836.142901062721
|||;31435.9,31436,31435.8,31435.9,0,0,0,0,1841.142901062721
|||;31435.9,31436,31435.8,31435.9,0,0,0,0,1846.142901062721
|||;31435.9,31436,31435.8,31435.9,0,0,0,0,1851.142901062721
|||;31435.9,31436,31435.8,31435.9,0,0,0,0,1856.142901062721
|||;31435.9,31436,31435.8,31435.9,0,0,0,0,1861.142901062721
|||;31435.9,31436,31435.8,31435.9,0,0,0,0,1866.142901062721
|||;31435.9,31436,31435.8,31435.9,0,0,0,0,1871.142901062721
|||;31435.9,31436,31435.8,31435.9,0,0,0,0,1876.142901062721
|||;31435.9,31436,31435.8,31435.9,0,0,0,0,1881.142901062721
|||;31435.9,31436,31435.8,31435.9,0,0,0,0,1886.142901062721
|||;31435.9,31436,31435.8,31435.9,0,0,0,0,1891.142901062721
|||;31435.9,31436,31435.8,31435.9,0,0,0,0,1896.142901062721
|||;31435.9,31436,31435.8,31435.9,0,0,0,0,1901.142901062721
|||;31435.9,31436,31435.8,31435.9,0,0,0,0,1906.142901062721
|||;31435.9,31436,31435.8,31435.9,0,0,0,0,1911.142901062721
|||;31435.9,31436,31435.8,31435.9,0,0,0,0,1916.142901062721
|||;31435.9,31436,31435.8,31435.9,0,0,0,0,1921.142901062721
|||;31435.9,31436,31435.8,31435.9,0,0,0,0,1926.142901062721
|||;31435.9,31436,31435.8,31435.9,0,0,0,0,1931.142901062721
|||;31435.9,31436,31435.8,31435.9,0,0,0,0,1936.142901062721
|||;31435.9,31436,31435.8,31435.9,0,0,0,0,1941.142901062721
|||;31435.9,31436,31435.8,31435.9,0,0,0,0,1946.142901062721
|||;31435.9,31436,31435.8,31435.9,0,0,0,0,1951.142901062721
|||;31435.9,31436,31435.8,31435.9,0,0,0,0,1956.142901062721
|||;31435.9,31436,31435.8,31435.9,0,0,0,0,1961.142901062721
|||;31435.9,31436,31435.8,31435.9,0,0,0,0,1966.142901062721
|||;31435.9,31436,31435.8,31435.9,0,0,0,0,1971.142901062721
|||;31435.9,31436,31435.8,31435.9,0,0,0,0,1976.142901062721
|||;31435.9,31436,31435.8,31435.9,0,0,0,0,1981.142901062721
|||;31435.9,31436,31435.8,31435.9,0,0,0,0,1986.142901062721
|||;31435.9,31436,31435.8,31435.9,0,0,0,0,1991.142901062721
|||;31435.9,31436,31435.8,31435.9,0,0,0,0,1996.142901062721
|||;21811,21811,21811,21811,0,0,0,0,1.142901062721
|||;26726,26726,26726,26726,0,0,0,0,1.142901062721
|||;26726,26726,26726,26726,0,0,0,0,6.142901062721
|||;29388,29388,29388,29388,0,0,0,0,1.142901062721
373xtegl(2),384sdtne(0),||2tcrwb(2),|;16332,29388,22271.2,29388,62.912912451679,0,30.720096377242,0,6.142901062721
373xtegl(2),384sdtne(1),||2tcrwb(2),|;16332,29388,22271.2,29388,57.912912451679,0,25.720096377242,0,11.142901062721
373xtegl(2),384sdtne(1),||2tcrwb(2),|;16332,29388,22271.2,29388,52.912912451679,0,20.720096377242,0,16.142901062721
373xtegl(2),384sdtne(1),||2tcrwb(2),974zqlim(0),|;16332,29388,12645.6,29388,47.912912451679,0,63.923701480527,0,21.142901062721
373xtegl(2),384sdtne(1),553sjypi(0),||2tcrwb(2),974zqlim(1),397kumjq(0),|;8344.8,29388,6143.2,29388,84.776660963325,0,92.935796950673,0,26.142901062721
373xtegl(3),384sdtne(2),553sjypi(1),||2tcrwb(2),974zqlim(1),397kumjq(1),|;8344.8,29388,6143.2,29388,79.776660963325,0,87.935796950673,0,31.142901062721
373xtegl(3),384sdtne(2),553sjypi(1),||2tcrwb(3),974zqlim(1),397kumjq(1),|;8344.8,29388,6143.2,29388,74.776660963325,0,82.935796950673,0,36.142901062721
373xtegl(3),384sdtne(2),553sjypi(1),822qlsyg(0),|972pzwnk(0),|2tcrwb(3),974zqlim(2),397kumjq(1),|;2252,21554.4,6143.2,29388,101.712621911049,35.540365772099,77.935796950673,0,41.142901062721
373xtegl(3),384sdtne(2),553sjypi(1),822qlsyg(1),|972pzwnk(2),|2tcrwb(3),974zqlim(2),397kumjq(1),|;2252,21554.4,6143.2,29388,96.712621911049,30.540365772099,72.935796950673,0,46.142901062721
373xtegl(3),384sdtne(2),553sjypi(1),822qlsyg(1),|972pzwnk(2),977nykih(0),|2tcrwb(3),974zqlim(2),397kumjq(1),|;2252,12236,6143.2,29388,91.712621911049,75.107193159581,67.935796950673,0,51.142901062721
373xtegl(3),384sdtne(2),553sjypi(1),822qlsyg(1),|972pzwnk(2),977nykih(1),|2tcrwb(3),974zqlim(2),397kumjq(1),|;2252,12236,6143.2,29388,86.712621911049,70.107193159581,62.935796950673,0,56.142901062721
|||;18329,18329,18329,18329,0,0,0,0,1.142901062721
|||;18329,18329,18329,18329,0,0,0,0,6.142901062721
|||;25907,25907,25907,25907,0,0,0,0,1.142901062721
|||;24678,24678,24678,24678,0,0,0,0,1.142901062721
|||;31436,31436,31436,31436,0,0,0,0,1.142901062721
|||;31436,31436,31436,31436,0,0,0,0,1.142901062721
|||;23040,23040,23040,23040,0,0,0,0,1.142901062721
|||;23040,23040,23040,23040,0,0,0,0,6.142901062721
|||;28569,28569,28569,28569,0,0,0,0,1.142901062721
|||;25702,25702,25702,25702,0,0,0,0,1.142901062721
|||;27136,27136,27136,27136,0,0,0,0,1.142901062721
|||;27136,27136,27136,27136,0,0,0,0,6.142901062721
|||;19558,19558,19558,19558,0,0,0,0,1.142901062721
|||;19558,19558,19558,19558,0,0,0,0,6.142901062721
|||;36966,36966,36966,36966,0,0,0,0,1.142901062721
