|||;22835,22835,22835,22835,0,0,0,0,1.08533609038
91vjeut(2),|91vjeut(2),|91vjeut(2),|91vjeut(2),;22266.7,22266.7,22266.7,22266.7,2.711727919205,2.711727919205,2.711727919205,2.711727919205,6.08533609038
91vjeut(3),|91vjeut(3),|91vjeut(3),|91vjeut(3),;22266.7,22266.7,22266.7,22266.7,0,0,0,0,11.08533609038
91vjeut(3),|91vjeut(3),|91vjeut(3),|91vjeut(3),;22266.7,22266.7,22266.7,22266.7,0,0,0,0,16.08533609038
|||;22835,22835,22835,22835,0,0,0,0,21.08533609038
|||;22835,22835,22835,22835,0,0,0,0,26.08533609038
|||;22835,22835,22835,22835,0,0,0,0,31.08533609038
|||;22835,22835,22835,22835,0,0,0,0,36.08533609038
|||;22835,22835,22835,22835,0,0,0,0,41.08533609038
|||;22835,22835,22835,22835,0,0,0,0,46.08533609038
|||;22835,22835,22835,22835,0,0,0,0,51.08533609038
|||;22835,22835,22835,22835,0,0,0,0,56.08533609038
|||;22835,22835,22835,22835,0,0,0,0,61.08533609038
478icbdn(2),|478icbdn(2),641kympa(0),|478icbdn(2),641kympa(0),|478icbdn(2),641kympa(0),;18964.3,19189.6,19189.6,19189.6,20.121105308124,24.963038099123,24.963038099123,24.963038099123,66.08533609038
478icbdn(2),|478icbdn(2),641kympa(1),|478icbdn(2),641kympa(1),|478icbdn(2),641kympa(1),;18964.3,19189.6,19189.6,19189.6,15.121105308124,19.963038099123,19.963038099123,19.963038099123,71.08533609038
478icbdn(2),|478icbdn(3),641kympa(2),|478icbdn(3),641kympa(2),|478icbdn(3),641kympa(2),;18964.3,19189.6,19189.6,19189.6,10.121105308124,14.963038099123,14.963038099123,14.963038099123,76.08533609038
478icbdn(2),|478icbdn(3),641kympa(2),|478icbdn(3),641kympa(2),|478icbdn(3),641kympa(2),;18964.3,19189.6,19189.6,19189.6,5.121105308124,9.963038099123,9.963038099123,9.963038099123,81.08533609038
478icbdn(2),|478icbdn(3),641kympa(3),|478icbdn(3),641kympa(3),|478icbdn(3),641kympa(3),;18964.3,19189.6,19189.6,19189.6,0.121105308124,4.963038099123,4.963038099123,4.963038099123,86.08533609038
478icbdn(3),|478icbdn(3),641kympa(3),|478icbdn(3),641kympa(3),|478icbdn(3),641kympa(3),;18964.3,19189.6,19189.6,19189.6,0,0,0,0,91.08533609038
478icbdn(3),|478icbdn(3),641kympa(3),|478icbdn(3),641kympa(3),|478icbdn(3),641kympa(3),;18964.3,19189.6,19189.6,19189.6,0,0,0,0,96.08533609038
478icbdn(3),|478icbdn(3),641kympa(3),|478icbdn(3),641kympa(3),|478icbdn(3),641kympa(3),;18964.3,19189.6,19189.6,19189.6,0,0,0,0,101.08533609038
478icbdn(3),|641kympa(3),|641kympa(3),|641kympa(3),;18964.3,21125,21125,21125,0,0,0,0,106.08533609038
478icbdn(3),|641kympa(3),|641kympa(3),|641kympa(3),;18964.3,21125,21125,21125,0,0,0,0,111.08533609038
|641kympa(3),|641kympa(3),|641kympa(3),;22835,21125,21125,21125,0,0,0,0,116.08533609038
|641kympa(3),|641kympa(3),|641kympa(3),;22835,21125,21125,21125,0,0,0,0,121.08533609038
|641kympa(3),|641kympa(3),|641kympa(3),;22835,21125,21125,21125,0,0,0,0,126.08533609038
|641kympa(3),|641kympa(3),|641kympa(3),;22835,21125,21125,21125,0,0,0,0,131.08533609038
|641kympa(3),|641kympa(3),|641kympa(3),;22835,21125,21125,21125,0,0,0,0,136.08533609038
|641kympa(3),|641kympa(3),|641kympa(3),;22835,21125,21125,21125,0,0,0,0,141.08533609038
|641kympa(3),|641kympa(3),|641kympa(3),;22835,21125,21125,21125,0,0,0,0,146.08533609038
|641kympa(3),|641kympa(3),|641kympa(3),;22835,21125,21125,21125,0,0,0,0,151.08533609038
|641kympa(3),|641kympa(3),|641kympa(3),;22835,21125,21125,21125,0,0,0,0,156.08533609038
|641kympa(3),|641kympa(3),|641kympa(3),;22835,21125,21125,21125,0,0,0,0,161.08533609038
|641kympa(3),|641kympa(3),|641kympa(3),;22835,21125,21125,21125,0,0,0,0,166.08533609038
|641kympa(3),|641kympa(3),|641kympa(3),;22835,21125,21125,21125,0,0,0,0,171.08533609038
|641kympa(3),|641kympa(3),|641kympa(3),;22835,21125,21125,21125,0,0,0,0,176.08533609038
|641kympa(3),|641kympa(3),|641kympa(3),;22835,21125,21125,21125,0,0,0,0,181.08533609038
|641kympa(3),|641kympa(3),|641kympa(3),;22835,21125,21125,21125,0,0,0,0,186.08533609038
|641kympa(3),|641kympa(3),|641kympa(3),;22835,21125,21125,21125,0,0,0,0,191.08533609038
|641kympa(3),|641kympa(3),|641kympa(3),;22835,21125,21125,21125,0,0,0,0,196.08533609038
|641kympa(3),|641kympa(3),|641kympa(3),;22835,21125,21125,21125,0,0,0,0,201.08533609038
|641kympa(3),|641kympa(3),|641kympa(3),;22835,21125,21125,21125,0,0,0,0,206.08533609038
|641kympa(3),|641kympa(3),|641kympa(3),;22835,21125,21125,21125,0,0,0,0,211.08533609038
|641kympa(3),|641kympa(3),|641kympa(3),;22835,21125,21125,21125,0,0,0,0,216.08533609038
|641kympa(3),|641kympa(3),|641kympa(3),;22835,21125,21125,21125,0,0,0,0,221.08533609038
|641kympa(3),|641kympa(3),|641kympa(3),;22835,21125,21125,21125,0,0,0,0,226.08533609038
|641kympa(3),|641kympa(3),|641kympa(3),;22835,21125,21125,21125,0,0,0,0,231.08533609038
|641kympa(3),|641kympa(3),|641kympa(3),;22835,21125,21125,21125,0,0,0,0,236.08533609038
|641kympa(3),|641kympa(3),|641kympa(3),;22835,21125,21125,21125,0,0,0,0,241.08533609038
|641kympa(3),|641kympa(3),|641kympa(3),;22835,21125,21125,21125,0,0,0,0,246.08533609038
|641kympa(3),|641kympa(3),|641kympa(3),;22835,21125,21125,21125,0,0,0,0,251.08533609038
|641kympa(3),|641kympa(3),|641kympa(3),;22835,21125,21125,21125,0,0,0,0,256.08533609038
|641kympa(3),|641kympa(3),|641kympa(3),;22835,21125,21125,21125,0,0,0,0,261.08533609038
|641kympa(3),|641kympa(3),|641kympa(3),;22835,21125,21125,21125,0,0,0,0,266.08533609038
|641kympa(3),|641kympa(3),|641kympa(3),;22835,21125,21125,21125,0,0,0,0,271.08533609038
|641kympa(3),|641kympa(3),|641kympa(3),;22835,21125,21125,21125,0,0,0,0,276.08533609038
|641kympa(3),|641kympa(3),|641kympa(3),;22835,21125,21125,21125,0,0,0,0,281.08533609038
|641kympa(3),|641kympa(3),|641kympa(3),;22835,21125,21125,21125,0,0,0,0,286.08533609038
|641kympa(3),|641kympa(3),|641kympa(3),;22835,21125,21125,21125,0,0,0,0,291.08533609038
|641kympa(3),|641kympa(3),|641kympa(3),;22835,21125,21125,21125,0,0,0,0,296.08533609038
|641kympa(3),|641kympa(3),|641kympa(3),;22835,21125,21125,21125,0,0,0,0,301.08533609038
|641kympa(3),|641kympa(3),|641kympa(3),;22835,21125,21125,21125,0,0,0,0,306.08533609038
|641kympa(3),|641kympa(3),|641kympa(3),;22835,21125,21125,21125,0,0,0,0,311.08533609038
|641kympa(3),|641kympa(3),|641kympa(3),;22835,21125,21125,21125,0,0,0,0,316.08533609038
|641kympa(3),|641kympa(3),|641kympa(3),;22835,21125,21125,21125,0,0,0,0,321.08533609038
|641kympa(3),|641kympa(3),|641kympa(3),;22835,21125,21125,21125,0,0,0,0,326.08533609038
|641kympa(3),|641kympa(3),|641kympa(3),;22835,21125,21125,21125,0,0,0,0,331.08533609038
|641kympa(3),|641kympa(3),|641kympa(3),;22835,21125,21125,21125,0,0,0,0,336.08533609038
|641kympa(3),|641kympa(3),|641kympa(3),;22835,21125,21125,21125,0,0,0,0,341.08533609038
|641kympa(3),|641kympa(3),|641kympa(3),;22835,21125,21125,21125,0,0,0,0,346.08533609038
|641kympa(3),|641kympa(3),|641kympa(3),;22835,21125,21125,21125,0,0,0,0,351.08533609038
|641kympa(3),|641kympa(3),|641kympa(3),;22835,21125,21125,21125,0,0,0,0,356.08533609038
|641kympa(3),|641kympa(3),|641kympa(3),;22835,21125,21125,21125,0,0,0,0,361.08533609038
|641kympa(3),|641kympa(3),|641kympa(3),;22835,21125,21125,21125,0,0,0,0,366.08533609038
|641kympa(3),|641kympa(3),|641kympa(3),;22835,21125,21125,21125,0,0,0,0,371.08533609038
|641kympa(3),|641kympa(3),|641kympa(3),;22835,21125,21125,21125,0,0,0,0,376.08533609038
|641kympa(3),|641kympa(3),|641kympa(3),;22835,21125,21125,21125,0,0,0,0,381.08533609038
|||;22835,22835.1,22835.1,22835.1,0,0,0,0,386.08533609038
|||;22835,22835.1,22835.1,22835.1,0,0,0,0,391.08533609038
|||;22835,22835.1,22835.1,22835.1,0,0,0,0,396.08533609038
|||;22835,22835.1,22835.1,22835.1,0,0,0,0,401.08533609038
|||;22835,22835.1,22835.1,22835.1,0,0,0,0,406.08533609038
|||;22835,22835.1,22835.1,22835.1,0,0,0,0,411.08533609038
|||;22835,22835.1,22835.1,22835.1,0,0,0,0,416.08533609038
|||;22835,22835.1,22835.1,22835.1,0,0,0,0,421.08533609038
|||;22835,22835.1,22835.1,22835.1,0,0,0,0,426.08533609038
|||;22835,22835.1,22835.1,22835.1,0,0,0,0,431.08533609038
|||;22835,22835.1,22835.1,22835.1,0,0,0,0,436.08533609038
|||;22835,22835.1,22835.1,22835.1,0,0,0,0,441.08533609038
72rtexa(2),162pxzoq(0),|72rtexa(2),162pxzoq(0),|72rtexa(2),162pxzoq(0),|72rtexa(2),162pxzoq(0),;18872.1,18872.2,18734,18734,28.13607004724,28.13607004724,29.161578554282,29.161578554282,446.08533609038
72rtexa(2),162pxzoq(1),646brivl(0),|72rtexa(2),162pxzoq(1),646brivl(0),|72rtexa(2),162pxzoq(1),646brivl(0),|72rtexa(2),162pxzoq(1),646brivl(0),;16598.8,16598.9,17218.5,17218.5,42.063225493499,42.063225493499,38.519872554532,38.519872554532,451.08533609038
72rtexa(2),162pxzoq(1),646brivl(1),|72rtexa(2),162pxzoq(1),646brivl(1),|162pxzoq(2),646brivl(1),|162pxzoq(2),646brivl(1),;16598.8,16598.9,18693.1,18693.1,37.063225493499,37.063225493499,33.519872554532,33.519872554532,456.08533609038
162pxzoq(2),646brivl(1),|162pxzoq(2),646brivl(1),|162pxzoq(2),646brivl(1),|162pxzoq(2),646brivl(1),;18810.6,18810.7,18693.1,18693.1,32.063225493499,32.063225493499,28.519872554532,28.519872554532,461.08533609038
162pxzoq(2),646brivl(1),|162pxzoq(2),646brivl(1),|162pxzoq(2),646brivl(1),|162pxzoq(2),646brivl(1),;18810.6,18810.7,18693.1,18693.1,27.063225493499,27.063225493499,23.519872554532,23.519872554532,466.08533609038
646brivl(2),|646brivl(2),|646brivl(2),|646brivl(2),;20561.6,20561.7,21319.7,21319.7,22.063225493499,22.063225493499,18.519872554532,18.519872554532,471.08533609038
646brivl(2),|646brivl(2),|646brivl(2),|646brivl(2),;20561.6,20561.7,21319.7,21319.7,17.063225493499,17.063225493499,13.519872554532,13.519872554532,476.08533609038
646brivl(2),|646brivl(2),|646brivl(3),|646brivl(3),;20561.6,20561.7,21319.7,21319.7,12.063225493499,12.063225493499,8.519872554532,8.519872554532,481.08533609038
|||;22834.9,22835,22835.2,22835.2,7.063225493499,7.063225493499,3.519872554532,3.519872554532,486.08533609038
|||;22834.9,22835,22835.2,22835.2,2.063225493499,2.063225493499,0,0,491.08533609038
|||;22834.9,22835,22835.2,22835.2,0,0,0,0,496.08533609038
|||;22834.9,22835,22835.2,22835.2,0,0,0,0,501.08533609038
|||;22834.9,22835,22835.2,22835.2,0,0,0,0,506.08533609038
|||;22834.9,22835,22835.2,22835.2,0,0,0,0,511.08533609038
|||;22834.9,22835,22835.2,22835.2,0,0,0,0,516.08533609038
|||;22834.9,22835,22835.2,22835.2,0,0,0,0,521.08533609038
|||;22834.9,22835,22835.2,22835.2,0,0,0,0,526.08533609038
|||;22834.9,22835,22835.2,22835.2,0,0,0,0,531.08533609038
|||;22834.9,22835,22835.2,22835.2,0,0,0,0,536.08533609038
|||;22834.9,22835,22835.2,22835.2,0,0,0,0,541.08533609038
|||;22834.9,22835,22835.2,22835.2,0,0,0,0,546.08533609038
|||;22834.9,22835,22835.2,22835.2,0,0,0,0,551.08533609038
|||;22834.9,22835,22835.2,22835.2,0,0,0,0,556.08533609038
|||;22834.9,22835,22835.2,22835.2,0,0,0,0,561.08533609038
|||;22834.9,22835,22835.2,22835.2,0,0,0,0,566.08533609038
|||;22834.9,22835,22835.2,22835.2,0,0,0,0,571.08533609038
|||;22834.9,22835,22835.2,22835.2,0,0,0,0,576.08533609038
|||;22834.9,22835,22835.2,22835.2,0,0,0,0,581.08533609038
|||;22834.9,22835,22835.2,22835.2,0,0,0,0,586.08533609038
|||;22834.9,22835,22835.2,22835.2,0,0,0,0,591.08533609038
|||;22834.9,22835,22835.2,22835.2,0,0,0,0,596.08533609038
|||;22834.9,22835,22835.2,22835.2,0,0,0,0,601.08533609038
|||;22834.9,22835,22835.2,22835.2,0,0,0,0,606.08533609038
|||;22834.9,22835,22835.2,22835.2,0,0,0,0,611.08533609038
|||;22834.9,22835,22835.2,22835.2,0,0,0,0,616.08533609038
|||;22834.9,22835,22835.2,22835.2,0,0,0,0,621.08533609038
|||;22834.9,22835,22835.2,22835.2,0,0,0,0,626.08533609038
|||;22834.9,22835,22835.2,22835.2,0,0,0,0,631.08533609038
|||;22834.9,22835,22835.2,22835.2,0,0,0,0,636.08533609038
|||;22834.9,22835,22835.2,22835.2,0,0,0,0,641.08533609038
|||;22834.9,22835,22835.2,22835.2,0,0,0,0,646.08533609038
|||;22834.9,22835,22835.2,22835.2,0,0,0,0,651.08533609038
|||;22834.9,22835,22835.2,22835.2,0,0,0,0,656.08533609038
|||;22834.9,22835,22835.2,22835.2,0,0,0,0,661.08533609038
|||;22834.9,22835,22835.2,22835.2,0,0,0,0,666.08533609038
|||;22834.9,22835,22835.2,22835.2,0,0,0,0,671.08533609038
|||;22834.9,22835,22835.2,22835.2,0,0,0,0,676.08533609038
|||;22834.9,22835,22835.2,22835.2,0,0,0,0,681.08533609038
|||;22834.9,22835,22835.2,22835.2,0,0,0,0,686.08533609038
|||;22834.9,22835,22835.2,22835.2,0,0,0,0,691.08533609038
|||;22834.9,22835,22835.2,22835.2,0,0,0,0,696.08533609038
|||;22834.9,22835,22835.2,22835.2,0,0,0,0,701.08533609038
|||;22834.9,22835,22835.2,22835.2,0,0,0,0,706.08533609038
|||;22834.9,22835,22835.2,22835.2,0,0,0,0,711.08533609038
|||;22834.9,22835,22835.2,22835.2,0,0,0,0,716.08533609038
|||;22834.9,22835,22835.2,22835.2,0,0,0,0,721.08533609038
|||;22834.9,22835,22835.2,22835.2,0,0,0,0,726.08533609038
|||;22834.9,22835,22835.2,22835.2,0,0,0,0,731.08533609038
|||;22834.9,22835,22835.2,22835.2,0,0,0,0,736.08533609038
|||;22834.9,22835,22835.2,22835.2,0,0,0,0,741.08533609038
|||;22834.9,22835,22835.2,22835.2,0,0,0,0,746.08533609038
|||;22834.9,22835,22835.2,22835.2,0,0,0,0,751.08533609038
|||;22834.9,22835,22835.2,22835.2,0,0,0,0,756.08533609038
|||;22834.9,22835,22835.2,22835.2,0,0,0,0,761.08533609038
|||;22834.9,22835,22835.2,22835.2,0,0,0,0,766.08533609038
|||;22834.9,22835,22835.2,22835.2,0,0,0,0,771.08533609038
|||;22834.9,22835,22835.2,22835.2,0,0,0,0,776.08533609038
|||;22834.9,22835,22835.2,22835.2,0,0,0,0,781.08533609038
|||;22834.9,22835,22835.2,22835.2,0,0,0,0,786.08533609038
|||;22834.9,22835,22835.2,22835.2,0,0,0,0,791.08533609038
|||;22834.9,22835,22835.2,22835.2,0,0,0,0,796.08533609038
|||;22834.9,22835,22835.2,22835.2,0,0,0,0,801.08533609038
|||;22834.9,22835,22835.2,22835.2,0,0,0,0,806.08533609038
|||;22834.9,22835,22835.2,22835.2,0,0,0,0,811.08533609038
|||;22834.9,22835,22835.2,22835.2,0,0,0,0,816.08533609038
|||;22834.9,22835,22835.2,22835.2,0,0,0,0,821.08533609038
|||;22834.9,22835,22835.2,22835.2,0,0,0,0,826.08533609038
|||;22834.9,22835,22835.2,22835.2,0,0,0,0,831.08533609038
|||;22834.9,22835,22835.2,22835.2,0,0,0,0,836.08533609038
|||;22834.9,22835,22835.2,22835.2,0,0,0,0,841.08533609038
|||;22834.9,22835,22835.2,22835.2,0,0,0,0,846.08533609038
|||;22834.9,22835,22835.2,22835.2,0,0,0,0,851.08533609038
|||;22834.9,22835,22835.2,22835.2,0,0,0,0,856.08533609038
|||;22834.9,22835,22835.2,22835.2,0,0,0,0,861.08533609038
|||;22834.9,22835,22835.2,22835.2,0,0,0,0,866.08533609038
|||;22834.9,22835,22835.2,22835.2,0,0,0,0,871.08533609038
|||;22834.9,22835,22835.2,22835.2,0,0,0,0,876.08533609038
|||;22834.9,22835,22835.2,22835.2,0,0,0,0,881.08533609038
|||;22834.9,22835,22835.2,22835.2,0,0,0,0,886.08533609038
|||;22834.9,22835,22835.2,22835.2,0,0,0,0,891.08533609038
|||;22834.9,22835,22835.2,22835.2,0,0,0,0,896.08533609038
|||;22834.9,22835,22835.2,22835.2,0,0,0,0,901.08533609038
|||;22834.9,22835,22835.2,22835.2,0,0,0,0,906.08533609038
|||;22834.9,22835,22835.2,22835.2,0,0,0,0,911.08533609038
|||;22834.9,22835,22835.2,22835.2,0,0,0,0,916.08533609038
|||;22834.9,22835,22835.2,22835.2,0,0,0,0,921.08533609038
|||;22834.9,22835,22835.2,22835.2,0,0,0,0,926.08533609038
|||;22834.9,22835,22835.2,22835.2,0,0,0,0,931.08533609038
|||;22834.9,22835,22835.2,22835.2,0,0,0,0,936.08533609038
|||;22834.9,22835,22835.2,22835.2,0,0,0,0,941.08533609038
|||;22834.9,22835,22835.2,22835.2,0,0,0,0,946.08533609038
|||;22834.9,22835,22835.2,22835.2,0,0,0,0,951.08533609038
|||;22834.9,22835,22835.2,22835.2,0,0,0,0,956.08533609038
|||;22834.9,22835,22835.2,22835.2,0,0,0,0,961.08533609038
|||;22834.9,22835,22835.2,22835.2,0,0,0,0,966.08533609038
|||;22834.9,22835,22835.2,22835.2,0,0,0,0,971.08533609038
|||;22834.9,22835,22835.2,22835.2,0,0,0,0,976.08533609038
|||;22834.9,22835,22835.2,22835.2,0,0,0,0,981.08533609038
|||;22834.9,22835,22835.2,22835.2,0,0,0,0,986.08533609038
|||;22834.9,22835,22835.2,22835.2,0,0,0,0,991.08533609038
|||;22834.9,22835,22835.2,22835.2,0,0,0,0,996.08533609038
|||;22834.9,22835,22835.2,22835.2,0,0,0,0,1001.08533609038
|||;22834.9,22835,22835.2,22835.2,0,0,0,0,1006.08533609038
|||;22834.9,22835,22835.2,22835.2,0,0,0,0,1011.08533609038
|||;22834.9,22835,22835.2,22835.2,0,0,0,0,1016.08533609038
|||;22834.9,22835,22835.2,22835.2,0,0,0,0,1021.08533609038
|||;22834.9,22835,22835.2,22835.2,0,0,0,0,1026.08533609038
|||;22834.9,22835,22835.2,22835.2,0,0,0,0,1031.08533609038
|||;22834.9,22835,22835.2,22835.2,0,0,0,0,1036.08533609038
|||;22834.9,22835,22835.2,22835.2,0,0,0,0,1041.08533609038
|||;22834.9,22835,22835.2,22835.2,0,0,0,0,1046.08533609038
|||;22834.9,22835,22835.2,22835.2,0,0,0,0,1051.08533609038
|||;22834.9,22835,22835.2,22835.2,0,0,0,0,1056.08533609038
|||;22834.9,22835,22835.2,22835.2,0,0,0,0,1061.08533609038
|||;22834.9,22835,22835.2,22835.2,0,0,0,0,1066.08533609038
|||;22834.9,22835,22835.2,22835.2,0,0,0,0,1071.08533609038
|||;22834.9,22835,22835.2,22835.2,0,0,0,0,1076.08533609038
|||;22834.9,22835,22835.2,22835.2,0,0,0,0,1081.08533609038
|||;22834.9,22835,22835.2,22835.2,0,0,0,0,1086.08533609038
|||;22834.9,22835,22835.2,22835.2,0,0,0,0,1091.08533609038
|||;22834.9,22835,22835.2,22835.2,0,0,0,0,1096.08533609038
|||;22834.9,22835,22835.2,22835.2,0,0,0,0,1101.08533609038
|||;22834.9,22835,22835.2,22835.2,0,0,0,0,1106.08533609038
|||;22834.9,22835,22835.2,22835.2,0,0,0,0,1111.08533609038
|||;22834.9,22835,22835.2,22835.2,0,0,0,0,1116.08533609038
|||;22834.9,22835,22835.2,22835.2,0,0,0,0,1121.08533609038
|||;22834.9,22835,22835.2,22835.2,0,0,0,0,1126.08533609038
|||;22834.9,22835,22835.2,22835.2,0,0,0,0,1131.08533609038
|||;22834.9,22835,22835.2,22835.2,0,0,0,0,1136.08533609038
|||;22834.9,22835,22835.2,22835.2,0,0,0,0,1141.08533609038
|||;22834.9,22835,22835.2,22835.2,0,0,0,0,1146.08533609038
|||;22834.9,22835,22835.2,22835.2,0,0,0,0,1151.08533609038
|||;22834.9,22835,22835.2,22835.2,0,0,0,0,1156.08533609038
|||;22834.9,22835,22835.2,22835.2,0,0,0,0,1161.08533609038
|||;22834.9,22835,22835.2,22835.2,0,0,0,0,1166.08533609038
|||;22834.9,22835,22835.2,22835.2,0,0,0,0,1171.08533609038
|||;22834.9,22835,22835.2,22835.2,0,0,0,0,1176.08533609038
|||;22834.9,22835,22835.2,22835.2,0,0,0,0,1181.08533609038
|||;22834.9,22835,22835.2,22835.2,0,0,0,0,1186.08533609038
|||;22834.9,22835,22835.2,22835.2,0,0,0,0,1191.08533609038
|||;22834.9,22835,22835.2,22835.2,0,0,0,0,1196.08533609038
|||;22834.9,22835,22835.2,22835.2,0,0,0,0,1201.08533609038
|||;22834.9,22835,22835.2,22835.2,0,0,0,0,1206.08533609038
|||;22834.9,22835,22835.2,22835.2,0,0,0,0,1211.08533609038
|||;22834.9,22835,22835.2,22835.2,0,0,0,0,1216.08533609038
|||;22834.9,22835,22835.2,22835.2,0,0,0,0,1221.08533609038
|||;22834.9,22835,22835.2,22835.2,0,0,0,0,1226.08533609038
|||;22834.9,22835,22835.2,22835.2,0,0,0,0,1231.08533609038
|||;22834.9,22835,22835.2,22835.2,0,0,0,0,1236.08533609038
|||;22834.9,22835,22835.2,22835.2,0,0,0,0,1241.08533609038
|||;22834.9,22835,22835.2,22835.2,0,0,0,0,1246.08533609038
|||;22834.9,22835,22835.2,22835.2,0,0,0,0,1251.08533609038
|||;22834.9,22835,22835.2,22835.2,0,0,0,0,1256.08533609038
|||;22834.9,22835,22835.2,22835.2,0,0,0,0,1261.08533609038
|||;22834.9,22835,22835.2,22835.2,0,0,0,0,1266.08533609038
|||;22834.9,22835,22835.2,22835.2,0,0,0,0,1271.08533609038
|||;22834.9,22835,22835.2,22835.2,0,0,0,0,1276.08533609038
|||;22834.9,22835,22835.2,22835.2,0,0,0,0,1281.08533609038
|||;22834.9,22835,22835.2,22835.2,0,0,0,0,1286.08533609038
|||;22834.9,22835,22835.2,22835.2,0,0,0,0,1291.08533609038
|||;22834.9,22835,22835.2,22835.2,0,0,0,0,1296.08533609038
|||;22834.9,22835,22835.2,22835.2,0,0,0,0,1301.08533609038
|||;22834.9,22835,22835.2,22835.2,0,0,0,0,1306.08533609038
|||;22834.9,22835,22835.2,22835.2,0,0,0,0,1311.08533609038
|||;22834.9,22835,22835.2,22835.2,0,0,0,0,1316.08533609038
|||;22834.9,22835,22835.2,22835.2,0,0,0,0,1321.08533609038
|||;22834.9,22835,22835.2,22835.2,0,0,0,0,1326.08533609038
|||;22834.9,22835,22835.2,22835.2,0,0,0,0,1331.08533609038
|||;22834.9,22835,22835.2,22835.2,0,0,0,0,1336.08533609038
|||;22834.9,22835,22835.2,22835.2,0,0,0,0,1341.08533609038
|||;22834.9,22835,22835.2,22835.2,0,0,0,0,1346.08533609038
|||;22834.9,22835,22835.2,22835.2,0,0,0,0,1351.08533609038
|||;22834.9,22835,22835.2,22835.2,0,0,0,0,1356.08533609038
|||;22834.9,22835,22835.2,22835.2,0,0,0,0,1361.08533609038
|||;22834.9,22835,22835.2,22835.2,0,0,0,0,1366.08533609038
|||;22834.9,22835,22835.2,22835.2,0,0,0,0,1371.08533609038
|||;22834.9,22835,22835.2,22835.2,0,0,0,0,1376.08533609038
|||;22834.9,22835,22835.2,22835.2,0,0,0,0,1381.08533609038
|||;22834.9,22835,22835.2,22835.2,0,0,0,0,1386.08533609038
|||;22834.9,22835,22835.2,22835.2,0,0,0,0,1391.08533609038
|||;22834.9,22835,22835.2,22835.2,0,0,0,0,1396.08533609038
|||;22834.9,22835,22835.2,22835.2,0,0,0,0,1401.08533609038
|||;22834.9,22835,22835.2,22835.2,0,0,0,0,1406.08533609038
|||;22834.9,22835,22835.2,22835.2,0,0,0,0,1411.08533609038
|||;22834.9,22835,22835.2,22835.2,0,0,0,0,1416.08533609038
|||;22834.9,22835,22835.2,22835.2,0,0,0,0,1421.08533609038
|||;22834.9,22835,22835.2,22835.2,0,0,0,0,1426.08533609038
|||;22834.9,22835,22835.2,22835.2,0,0,0,0,1431.08533609038
|||;22834.9,22835,22835.2,22835.2,0,0,0,0,1436.08533609038
|||;22834.9,22835,22835.2,22835.2,0,0,0,0,1441.08533609038
|||;22834.9,22835,22835.2,22835.2,0,0,0,0,1446.08533609038
|||;22834.9,22835,22835.2,22835.2,0,0,0,0,1451.08533609038
|||;22834.9,22835,22835.2,22835.2,0,0,0,0,1456.08533609038
|||;22834.9,22835,22835.2,22835.2,0,0,0,0,1461.08533609038
|||;22834.9,22835,22835.2,22835.2,0,0,0,0,1466.08533609038
|||;22834.9,22835,22835.2,22835.2,0,0,0,0,1471.08533609038
|||;22834.9,22835,22835.2,22835.2,0,0,0,0,1476.08533609038
|||;22834.9,22835,22835.2,22835.2,0,0,0,0,1481.08533609038
|||;22834.9,22835,22835.2,22835.2,0,0,0,0,1486.08533609038
|||;22834.9,22835,22835.2,22835.2,0,0,0,0,1491.08533609038
|||;22834.9,22835,22835.2,22835.2,0,0,0,0,1496.08533609038
|||;22834.9,22835,22835.2,22835.2,0,0,0,0,1501.08533609038
|||;22834.9,22835,22835.2,22835.2,0,0,0,0,1506.08533609038
|||;22834.9,22835,22835.2,22835.2,0,0,0,0,1511.08533609038
|||;22834.9,22835,22835.2,22835.2,0,0,0,0,1516.08533609038
|||;22834.9,22835,22835.2,22835.2,0,0,0,0,1521.08533609038
|||;22834.9,22835,22835.2,22835.2,0,0,0,0,1526.08533609038
|||;22834.9,22835,22835.2,22835.2,0,0,0,0,1531.08533609038
|||;22834.9,22835,22835.2,22835.2,0,0,0,0,1536.08533609038
|||;22834.9,22835,22835.2,22835.2,0,0,0,0,1541.08533609038
|||;22834.9,22835,22835.2,22835.2,0,0,0,0,1546.08533609038
|||;22834.9,22835,22835.2,22835.2,0,0,0,0,1551.08533609038
|||;22834.9,22835,22835.2,22835.2,0,0,0,0,1556.08533609038
|||;22834.9,22835,22835.2,22835.2,0,0,0,0,1561.08533609038
|||;22834.9,22835,22835.2,22835.2,0,0,0,0,1566.08533609038
|||;22834.9,22835,22835.2,22835.2,0,0,0,0,1571.08533609038
|||;22834.9,22835,22835.2,22835.2,0,0,0,0,1576.08533609038
|||;22834.9,22835,22835.2,22835.2,0,0,0,0,1581.08533609038
|||;22834.9,22835,22835.2,22835.2,0,0,0,0,1586.08533609038
|||;22834.9,22835,22835.2,22835.2,0,0,0,0,1591.08533609038
|||;22834.9,22835,22835.2,22835.2,0,0,0,0,1596.08533609038
|||;22834.9,22835,22835.2,22835.2,0,0,0,0,1601.08533609038
|||;22834.9,22835,22835.2,22835.2,0,0,0,0,1606.08533609038
|||;22834.9,22835,22835.2,22835.2,0,0,0,0,1611.08533609038
|||;22834.9,22835,22835.2,22835.2,0,0,0,0,1616.08533609038
|||;22834.9,22835,22835.2,22835.2,0,0,0,0,1621.08533609038
|||;22834.9,22835,22835.2,22835.2,0,0,0,0,1626.08533609038
|||;22834.9,22835,22835.2,22835.2,0,0,0,0,1631.08533609038
|||;22834.9,22835,22835.2,22835.2,0,0,0,0,1636.08533609038
|||;22834.9,22835,22835.2,22835.2,0,0,0,0,1641.08533609038
|||;22834.9,22835,22835.2,22835.2,0,0,0,0,1646.08533609038
|||;22834.9,22835,22835.2,22835.2,0,0,0,0,1651.08533609038
|||;22834.9,22835,22835.2,22835.2,0,0,0,0,1656.08533609038
|||;22834.9,22835,22835.2,22835.2,0,0,0,0,1661.08533609038
|||;22834.9,22835,22835.2,22835.2,0,0,0,0,1666.08533609038
|||;22834.9,22835,22835.2,22835.2,0,0,0,0,1671.08533609038
|||;22834.9,22835,22835.2,22835.2,0,0,0,0,1676.08533609038
|||;22834.9,22835,22835.2,22835.2,0,0,0,0,1681.08533609038
|||;22834.9,22835,22835.2,22835.2,0,0,0,0,1686.08533609038
|||;22834.9,22835,22835.2,22835.2,0,0,0,0,1691.08533609038
|||;22834.9,22835,22835.2,22835.2,0,0,0,0,1696.08533609038
|||;22834.9,22835,22835.2,22835.2,0,0,0,0,1701.08533609038
|||;22834.9,22835,22835.2,22835.2,0,0,0,0,1706.08533609038
|||;22834.9,22835,22835.2,22835.2,0,0,0,0,1711.08533609038
|||;22834.9,22835,22835.2,22835.2,0,0,0,0,1716.08533609038
|||;22834.9,22835,22835.2,22835.2,0,0,0,0,1721.08533609038
|||;22834.9,22835,22835.2,22835.2,0,0,0,0,1726.08533609038
|||;22834.9,22835,22835.2,22835.2,0,0,0,0,1731.08533609038
|||;22834.9,22835,22835.2,22835.2,0,0,0,0,1736.08533609038
|||;22834.9,22835,22835.2,22835.2,0,0,0,0,1741.08533609038
|||;22834.9,22835,22835.2,22835.2,0,0,0,0,1746.08533609038
|||;22834.9,22835,22835.2,22835.2,0,0,0,0,1751.08533609038
|||;22834.9,22835,22835.2,22835.2,0,0,0,0,1756.08533609038
|||;22834.9,22835,22835.2,22835.2,0,0,0,0,1761.08533609038
|||;22834.9,22835,22835.2,22835.2,0,0,0,0,1766.08533609038
|||;22834.9,22835,22835.2,22835.2,0,0,0,0,1771.08533609038
|||;22834.9,22835,22835.2,22835.2,0,0,0,0,1776.08533609038
|||;22834.9,22835,22835.2,22835.2,0,0,0,0,1781.08533609038
|||;22834.9,22835,22835.2,22835.2,0,0,0,0,1786.08533609038
|||;22834.9,22835,22835.2,22835.2,0,0,0,0,1791.08533609038
|||;22834.9,22835,22835.2,22835.2,0,0,0,0,1796.08533609038
|||;22834.9,22835,22835.2,22835.2,0,0,0,0,1801.08533609038
|||;22834.9,22835,22835.2,22835.2,0,0,0,0,1806.08533609038
|||;22834.9,22835,22835.2,22835.2,0,0,0,0,1811.08533609038
|||;22834.9,22835,22835.2,22835.2,0,0,0,0,1816.08533609038
|||;22834.9,22835,22835.2,22835.2,0,0,0,0,1821.08533609038
|||;22834.9,22835,22835.2,22835.2,0,0,0,0,1826.08533609038
|||;22834.9,22835,22835.2,22835.2,0,0,0,0,1831.08533609038
|||;22834.9,22835,22835.2,22835.2,0,0,0,0,1836.08533609038
|||;22834.9,22835,22835.2,22835.2,0,0,0,0,1841.08533609038
|||;22834.9,22835,22835.2,22835.2,0,0,0,0,1846.08533609038
|||;22834.9,22835,22835.2,22835.2,0,0,0,0,1851.08533609038
|||;22834.9,22835,22835.2,22835.2,0,0,0,0,1856.08533609038
|||;22834.9,22835,22835.2,22835.2,0,0,0,0,1861.08533609038
|||;22834.9,22835,22835.2,22835.2,0,0,0,0,1866.08533609038
|||;22834.9,22835,22835.2,22835.2,0,0,0,0,1871.08533609038
|||;22834.9,22835,22835.2,22835.2,0,0,0,0,1876.08533609038
|||;22834.9,22835,22835.2,22835.2,0,0,0,0,1881.08533609038
|||;22834.9,22835,22835.2,22835.2,0,0,0,0,1886.08533609038
|||;22834.9,22835,22835.2,22835.2,0,0,0,0,1891.08533609038
|||;22834.9,22835,22835.2,22835.2,0,0,0,0,1896.08533609038
|||;22834.9,22835,22835.2,22835.2,0,0,0,0,1901.08533609038
|||;22834.9,22835,22835.2,22835.2,0,0,0,0,1906.08533609038
|||;22834.9,22835,22835.2,22835.2,0,0,0,0,1911.08533609038
|||;22834.9,22835,22835.2,22835.2,0,0,0,0,1916.08533609038
|||;22834.9,22835,22835.2,22835.2,0,0,0,0,1921.08533609038
|||;22834.9,22835,22835.2,22835.2,0,0,0,0,1926.08533609038
|||;22834.9,22835,22835.2,22835.2,0,0,0,0,1931.08533609038
|||;22834.9,22835,22835.2,22835.2,0,0,0,0,1936.08533609038
|||;22834.9,22835,22835.2,22835.2,0,0,0,0,1941.08533609038
|||;22834.9,22835,22835.2,22835.2,0,0,0,0,1946.08533609038
|||;22834.9,22835,22835.2,22835.2,0,0,0,0,1951.08533609038
|||;22834.9,22835,22835.2,22835.2,0,0,0,0,1956.08533609038
|||;22834.9,22835,22835.2,22835.2,0,0,0,0,1961.08533609038
|||;22834.9,22835,22835.2,22835.2,0,0,0,0,1966.08533609038
|||;22834.9,22835,22835.2,22835.2,0,0,0,0,1971.08533609038
|||;22834.9,22835,22835.2,22835.2,0,0,0,0,1976.08533609038
|||;22834.9,22835,22835.2,22835.2,0,0,0,0,1981.08533609038
|||;22834.9,22835,22835.2,22835.2,0,0,0,0,1986.08533609038
|||;22834.9,22835,22835.2,22835.2,0,0,0,0,1991.08533609038
|||;22834.9,22835,22835.2,22835.2,0,0,0,0,1996.08533609038
|||;32665,32665,32665,32665,0,0,0,0,1.08533609038
|||;24883,24883,24883,24883,0,0,0,0,1.08533609038
|||;24883,24883,24883,24883,0,0,0,0,6.08533609038
|||;19353,19353,19353,19353,0,0,0,0,1.08533609038
|||;19353,19353,19353,19353,0,0,0,0,6.08533609038
338tmkcw(2),213ijkrf(1),|||;2969,19353,19353,19353,77.057086338084,0,0,0,11.08533609038
338tmkcw(2),213ijkrf(1),|50tovpe(0),||;2969,11877.8,19353,19353,72.057086338084,34.637772278874,0,0,16.08533609038
338tmkcw(2),213ijkrf(1),|50tovpe(2),||;2969,11877.8,19353,19353,67.057086338084,29.637772278874,0,0,21.08533609038
338tmkcw(2),213ijkrf(1),|50tovpe(2),||;2969,11877.8,19353,19353,62.057086338084,24.637772278874,0,0,26.08533609038
338tmkcw(2),213ijkrf(1),|50tovpe(2),||;2969,11877.8,19353,19353,57.057086338084,19.637772278874,0,0,31.08533609038
338tmkcw(2),213ijkrf(1),|50tovpe(2),||;2969,11877.8,19353,19353,52.057086338084,14.637772278874,0,0,36.08533609038
338tmkcw(2),213ijkrf(1),|50tovpe(2),||;2969,11877.8,19353,19353,47.057086338084,9.637772278874,0,0,41.08533609038
338tmkcw(2),213ijkrf(1),|50tovpe(2),||;2969,11877.8,19353,19353,42.057086338084,4.637772278874,0,0,46.08533609038
338tmkcw(2),213ijkrf(1),|||;2969,19353,19353,19353,37.057086338084,0,0,0,51.08533609038
213ijkrf(2),|||;13055.4,19353,19353,19353,32.057086338084,0,0,0,56.08533609038
|||;26931,26931,26931,26931,0,0,0,0,1.08533609038
|||;26931,26931,26931,26931,0,0,0,0,6.08533609038
|||;17920,17920,17920,17920,0,0,0,0,1.08533609038
|||;20172,20172,20172,20172,0,0,0,0,1.08533609038
|||;22220,22220,22220,22220,0,0,0,0,1.08533609038
|||;25497,25497,25497,25497,0,0,0,0,1.08533609038
|||;35737,35737,35737,35737,0,0,0,0,1.08533609038
|||;35737,35737,35737,35737,0,0,0,0,6.08533609038
|||;32256,32256,32256,32256,0,0,0,0,1.08533609038
|||;17920,17920,17920,17920,0,0,0,0,1.08533609038
|||;22425,22425,22425,22425,0,0,0,0,1.08533609038
|||;22425,22425,22425,22425,0,0,0,0,6.08533609038
|||;18739,18739,18739,18739,0,0,0,0,1.08533609038
|||;18739,18739,18739,18739,0,0,0,0,6.08533609038
|||;25497,25497,25497,25497,0,0,0,0,1.08533609038
