|||;32665,32665,32665,32665,0,0,0,0,1.120441846419
924elhno(2),93ycakg(0),|924elhno(2),|924elhno(2),|;25758.1,31984,31984,32665,49.946909524076,3.77271987795,3.77271987795,0,6.120441846419
924elhno(3),93ycakg(2),|924elhno(3),|924elhno(3),|;25758.1,31984,31984,32665,44.946909524076,0,0,0,11.120441846419
924elhno(3),93ycakg(2),|924elhno(3),|924elhno(3),|;25758.1,31984,31984,32665,39.946909524076,0,0,0,16.120441846419
924elhno(3),93ycakg(2),|924elhno(3),|924elhno(3),|;25758.1,31984,31984,32665,34.946909524076,0,0,0,21.120441846419
924elhno(3),93ycakg(2),|924elhno(3),|924elhno(3),|;25758.1,31984,31984,32665,29.946909524076,0,0,0,26.120441846419
924elhno(3),93ycakg(2),|924elhno(3),|924elhno(3),|;25758.1,31984,31984,32665,24.946909524076,0,0,0,31.120441846419
924elhno(3),93ycakg(2),|924elhno(3),|924elhno(3),|;25758.1,31984,31984,32665,19.946909524076,0,0,0,36.120441846419
924elhno(3),93ycakg(2),|924elhno(3),|924elhno(3),|;25758.1,31984,31984,32665,14.946909524076,0,0,0,41.120441846419
924elhno(3),93ycakg(2),|924elhno(3),|924elhno(3),|;25758.1,31984,31984,32665,9.946909524076,0,0,0,46.120441846419
924elhno(3),93ycakg(3),|924elhno(3),|924elhno(3),|;25758.1,31984,31984,32665,4.946909524076,0,0,0,51.120441846419
924elhno(3),93ycakg(3),|924elhno(3),|924elhno(3),|;25758.1,31984,31984,32665,0,0,0,0,56.120441846419
924elhno(3),93ycakg(3),|924elhno(3),|924elhno(3),|;25758.1,31984,31984,32665,0,0,0,0,61.120441846419
924elhno(3),93ycakg(3),|924elhno(3),|924elhno(3),|;25758.1,31984,31984,32665,0,0,0,0,66.120441846419
924elhno(3),93ycakg(3),|924elhno(3),|924elhno(3),|;25758.1,31984,31984,32665,0,0,0,0,71.120441846419
924elhno(3),93ycakg(3),|924elhno(3),|924elhno(3),|;25758.1,31984,31984,32665,0,0,0,0,76.120441846419
924elhno(3),93ycakg(3),|924elhno(3),|924elhno(3),|;25758.1,31984,31984,32665,0,0,0,0,81.120441846419
924elhno(3),93ycakg(3),|924elhno(3),|924elhno(3),|;25758.1,31984,31984,32665,0,0,0,0,86.120441846419
924elhno(3),93ycakg(3),|924elhno(3),|924elhno(3),|;25758.1,31984,31984,32665,0,0,0,0,91.120441846419
924elhno(3),93ycakg(3),|924elhno(3),|924elhno(3),|;25758.1,31984,31984,32665,0,0,0,0,96.120441846419
924elhno(3),93ycakg(3),|924elhno(3),|924elhno(3),|;25758.1,31984,31984,32665,0,0,0,0,101.120441846419
924elhno(3),93ycakg(3),|924elhno(3),|924elhno(3),|;25758.1,31984,31984,32665,0,0,0,0,106.120441846419
924elhno(3),93ycakg(3),|924elhno(3),|924elhno(3),|;25758.1,31984,31984,32665,0,0,0,0,111.120441846419
924elhno(3),93ycakg(3),|924elhno(3),|924elhno(3),|;25758.1,31984,31984,32665,0,0,0,0,116.120441846419
924elhno(3),93ycakg(3),|924elhno(3),|924elhno(3),|;25758.1,31984,31984,32665,0,0,0,0,121.120441846419
924elhno(3),93ycakg(3),|924elhno(3),|924elhno(3),|;25758.1,31984,31984,32665,0,0,0,0,126.120441846419
924elhno(3),93ycakg(3),|924elhno(3),|924elhno(3),|;25758.1,31984,31984,32665,0,0,0,0,131.120441846419
93ycakg(3),|||;26439.1,32665,32665,32665,0,0,0,0,136.120441846419
|||;32665,32665,32665,32665,0,0,0,0,141.120441846419
|||;32665,32665,32665,32665,0,0,0,0,146.120441846419
|||;32665,32665,32665,32665,0,0,0,0,151.120441846419
|||;32665,32665,32665,32665,0,0,0,0,156.120441846419
|||;32665,32665,32665,32665,0,0,0,0,161.120441846419
|||;32665,32665,32665,32665,0,0,0,0,166.120441846419
618pmzgy(2),|||;27094.4,32665,32665,32665,33.381874839896,0,0,0,171.120441846419
618pmzgy(2),|||;27094.4,32665,32665,32665,28.381874839896,0,0,0,176.120441846419
618pmzgy(2),|||;27094.4,32665,32665,32665,23.381874839896,0,0,0,181.120441846419
618pmzgy(2),|||;27094.4,32665,32665,32665,18.381874839896,0,0,0,186.120441846419
618pmzgy(2),|||;27094.4,32665,32665,32665,13.381874839896,0,0,0,191.120441846419
618pmzgy(2),|||;27094.4,32665,32665,32665,8.381874839896,0,0,0,196.120441846419
618pmzgy(2),|||;27094.4,32665,32665,32665,3.381874839896,0,0,0,201.120441846419
618pmzgy(3),|||;27094.4,32665,32665,32665,0,0,0,0,206.120441846419
618pmzgy(3),|||;27094.4,32665,32665,32665,0,0,0,0,211.120441846419
618pmzgy(3),|||;27094.4,32665,32665,32665,0,0,0,0,216.120441846419
618pmzgy(3),|||;27094.4,32665,32665,32665,0,0,0,0,221.120441846419
618pmzgy(3),|||;27094.4,32665,32665,32665,0,0,0,0,226.120441846419
618pmzgy(3),|||;27094.4,32665,32665,32665,0,0,0,0,231.120441846419
618pmzgy(3),|||;27094.4,32665,32665,32665,0,0,0,0,236.120441846419
618pmzgy(3),|||;27094.4,32665,32665,32665,0,0,0,0,241.120441846419
618pmzgy(3),|||;27094.4,32665,32665,32665,0,0,0,0,246.120441846419
618pmzgy(3),|||;27094.4,32665,32665,32665,0,0,0,0,251.120441846419
|||;32665,32665,32665,32665,0,0,0,0,256.120441846419
128dwagq(2),802cqmyd(0),|128dwagq(2),802cqmyd(0),|802cqmyd(0),|802cqmyd(0),;30698.9,30698.9,28814.8,28814.8,16.650726076719,16.650726076719,26.5073745673,26.5073745673,261.120441846419
128dwagq(3),802cqmyd(2),|128dwagq(3),802cqmyd(2),|802cqmyd(2),|802cqmyd(2),;30698.9,30698.9,28814.8,28814.8,11.650726076719,11.650726076719,21.5073745673,21.5073745673,266.120441846419
128dwagq(3),802cqmyd(2),|128dwagq(3),802cqmyd(2),|802cqmyd(2),|802cqmyd(2),;30698.9,30698.9,28814.8,28814.8,6.650726076719,6.650726076719,16.5073745673,16.5073745673,271.120441846419
128dwagq(3),|128dwagq(3),|802cqmyd(2),|802cqmyd(2),;31661.5,31661.5,28814.8,28814.8,1.650726076719,1.650726076719,11.5073745673,11.5073745673,276.120441846419
128dwagq(3),|128dwagq(3),|802cqmyd(2),|802cqmyd(2),;31661.5,31661.5,28814.8,28814.8,0,0,6.5073745673,6.5073745673,281.120441846419
128dwagq(3),|128dwagq(3),|802cqmyd(2),|802cqmyd(2),;31661.5,31661.5,28814.8,28814.8,0,0,1.5073745673,1.5073745673,286.120441846419
128dwagq(3),|128dwagq(3),||;31661.5,31661.5,32665,32665,0,0,0,0,291.120441846419
128dwagq(3),|128dwagq(3),||;31661.5,31661.5,32665,32665,0,0,0,0,296.120441846419
128dwagq(3),|128dwagq(3),||;31661.5,31661.5,32665,32665,0,0,0,0,301.120441846419
128dwagq(3),|128dwagq(3),||;31661.5,31661.5,32665,32665,0,0,0,0,306.120441846419
128dwagq(3),|128dwagq(3),||;31661.5,31661.5,32665,32665,0,0,0,0,311.120441846419
128dwagq(3),|128dwagq(3),||;31661.5,31661.5,32665,32665,0,0,0,0,316.120441846419
128dwagq(3),|128dwagq(3),||;31661.5,31661.5,32665,32665,0,0,0,0,321.120441846419
128dwagq(3),|128dwagq(3),||;31661.5,31661.5,32665,32665,0,0,0,0,326.120441846419
128dwagq(3),|128dwagq(3),||;31661.5,31661.5,32665,32665,0,0,0,0,331.120441846419
128dwagq(3),|128dwagq(3),||;31661.5,31661.5,32665,32665,0,0,0,0,336.120441846419
128dwagq(3),|128dwagq(3),||;31661.5,31661.5,32665,32665,0,0,0,0,341.120441846419
128dwagq(3),|128dwagq(3),||;31661.5,31661.5,32665,32665,0,0,0,0,346.120441846419
128dwagq(3),|128dwagq(3),||;31661.5,31661.5,32665,32665,0,0,0,0,351.120441846419
128dwagq(3),|128dwagq(3),||;31661.5,31661.5,32665,32665,0,0,0,0,356.120441846419
128dwagq(3),|128dwagq(3),||;31661.5,31661.5,32665,32665,0,0,0,0,361.120441846419
128dwagq(3),|128dwagq(3),||;31661.5,31661.5,32665,32665,0,0,0,0,366.120441846419
128dwagq(3),|128dwagq(3),||;31661.5,31661.5,32665,32665,0,0,0,0,371.120441846419
128dwagq(3),|128dwagq(3),||;31661.5,31661.5,32665,32665,0,0,0,0,376.120441846419
128dwagq(3),|128dwagq(3),||;31661.5,31661.5,32665,32665,0,0,0,0,381.120441846419
128dwagq(3),|128dwagq(3),||;31661.5,31661.5,32665,32665,0,0,0,0,386.120441846419
128dwagq(3),|128dwagq(3),||;31661.5,31661.5,32665,32665,0,0,0,0,391.120441846419
128dwagq(3),|128dwagq(3),||;31661.5,31661.5,32665,32665,0,0,0,0,396.120441846419
128dwagq(3),|128dwagq(3),||;31661.5,31661.5,32665,32665,0,0,0,0,401.120441846419
128dwagq(3),|128dwagq(3),||;31661.5,31661.5,32665,32665,0,0,0,0,406.120441846419
128dwagq(3),|128dwagq(3),||;31661.5,31661.5,32665,32665,0,0,0,0,411.120441846419
128dwagq(3),|128dwagq(3),||;31661.5,31661.5,32665,32665,0,0,0,0,416.120441846419
128dwagq(3),|128dwagq(3),||;31661.5,31661.5,32665,32665,0,0,0,0,421.120441846419
128dwagq(3),|128dwagq(3),||;31661.5,31661.5,32665,32665,0,0,0,0,426.120441846419
128dwagq(3),|128dwagq(3),||;31661.5,31661.5,32665,32665,0,0,0,0,431.120441846419
128dwagq(3),|128dwagq(3),||;31661.5,31661.5,32665,32665,0,0,0,0,436.120441846419
128dwagq(3),|128dwagq(3),||;31661.5,31661.5,32665,32665,0,0,0,0,441.120441846419
128dwagq(3),|128dwagq(3),||;31661.5,31661.5,32665,32665,0,0,0,0,446.120441846419
128dwagq(3),|128dwagq(3),||;31661.5,31661.5,32665,32665,0,0,0,0,451.120441846419
128dwagq(3),|128dwagq(3),||;31661.5,31661.5,32665,32665,0,0,0,0,456.120441846419
128dwagq(3),|128dwagq(3),||;31661.5,31661.5,32665,32665,0,0,0,0,461.120441846419
128dwagq(3),|128dwagq(3),||;31661.5,31661.5,32665,32665,0,0,0,0,466.120441846419
128dwagq(3),|128dwagq(3),||;31661.5,31661.5,32665,32665,0,0,0,0,471.120441846419
128dwagq(3),|128dwagq(3),||;31661.5,31661.5,32665,32665,0,0,0,0,476.120441846419
128dwagq(3),|128dwagq(3),||;31661.5,31661.5,32665,32665,0,0,0,0,481.120441846419
128dwagq(3),|128dwagq(3),||;31661.5,31661.5,32665,32665,0,0,0,0,486.120441846419
128dwagq(3),|128dwagq(3),||;31661.5,31661.5,32665,32665,0,0,0,0,491.120441846419
128dwagq(3),|128dwagq(3),||;31661.5,31661.5,32665,32665,0,0,0,0,496.120441846419
128dwagq(3),|128dwagq(3),||;31661.5,31661.5,32665,32665,0,0,0,0,501.120441846419
128dwagq(3),|128dwagq(3),||;31661.5,31661.5,32665,32665,0,0,0,0,506.120441846419
128dwagq(3),|128dwagq(3),||;31661.5,31661.5,32665,32665,0,0,0,0,511.120441846419
128dwagq(3),|128dwagq(3),||;31661.5,31661.5,32665,32665,0,0,0,0,516.120441846419
128dwagq(3),|128dwagq(3),||;31661.5,31661.5,32665,32665,0,0,0,0,521.120441846419
128dwagq(3),|128dwagq(3),||;31661.5,31661.5,32665,32665,0,0,0,0,526.120441846419
128dwagq(3),|128dwagq(3),||;31661.5,31661.5,32665,32665,0,0,0,0,531.120441846419
128dwagq(3),|128dwagq(3),||;31661.5,31661.5,32665,32665,0,0,0,0,536.120441846419
128dwagq(3),|128dwagq(3),||;31661.5,31661.5,32665,32665,0,0,0,0,541.120441846419
128dwagq(3),|128dwagq(3),||;31661.5,31661.5,32665,32665,0,0,0,0,546.120441846419
|||;32665,32665,32665,32665,0,0,0,0,551.120441846419
|||;32665,32665,32665,32665,0,0,0,0,556.120441846419
|||;32665,32665,32665,32665,0,0,0,0,561.120441846419
|||;32665,32665,32665,32665,0,0,0,0,566.120441846419
|||;32665,32665,32665,32665,0,0,0,0,571.120441846419
|||;32665,32665,32665,32665,0,0,0,0,576.120441846419
|||;32665,32665,32665,32665,0,0,0,0,581.120441846419
|||;32665,32665,32665,32665,0,0,0,0,586.120441846419
|||;32665,32665,32665,32665,0,0,0,0,591.120441846419
|||;32665,32665,32665,32665,0,0,0,0,596.120441846419
|||;32665,32665,32665,32665,0,0,0,0,601.120441846419
|||;32665,32665,32665,32665,0,0,0,0,606.120441846419
|||;32665,32665,32665,32665,0,0,0,0,611.120441846419
|||;32665,32665,32665,32665,0,0,0,0,616.120441846419
|||;32665,32665,32665,32665,0,0,0,0,621.120441846419
|||;32665,32665,32665,32665,0,0,0,0,626.120441846419
|||;32665,32665,32665,32665,0,0,0,0,631.120441846419
|||;32665,32665,32665,32665,0,0,0,0,636.120441846419
|||;32665,32665,32665,32665,0,0,0,0,641.120441846419
|||;32665,32665,32665,32665,0,0,0,0,646.120441846419
|||;32665,32665,32665,32665,0,0,0,0,651.120441846419
|||;32665,32665,32665,32665,0,0,0,0,656.120441846419
|||;32665,32665,32665,32665,0,0,0,0,661.120441846419
|||;32665,32665,32665,32665,0,0,0,0,666.120441846419
|||;32665,32665,32665,32665,0,0,0,0,671.120441846419
|||;32665,32665,32665,32665,0,0,0,0,676.120441846419
|||;32665,32665,32665,32665,0,0,0,0,681.120441846419
|||;32665,32665,32665,32665,0,0,0,0,686.120441846419
|||;32665,32665,32665,32665,0,0,0,0,691.120441846419
|||;32665,32665,32665,32665,0,0,0,0,696.120441846419
|||;32665,32665,32665,32665,0,0,0,0,701.120441846419
|||;32665,32665,32665,32665,0,0,0,0,706.120441846419
|||;32665,32665,32665,32665,0,0,0,0,711.120441846419
|||;32665,32665,32665,32665,0,0,0,0,716.120441846419
|||;32665,32665,32665,32665,0,0,0,0,721.120441846419
|||;32665,32665,32665,32665,0,0,0,0,726.120441846419
|||;32665,32665,32665,32665,0,0,0,0,731.120441846419
|||;32665,32665,32665,32665,0,0,0,0,736.120441846419
|||;32665,32665,32665,32665,0,0,0,0,741.120441846419
|||;32665,32665,32665,32665,0,0,0,0,746.120441846419
|||;32665,32665,32665,32665,0,0,0,0,751.120441846419
|||;32665,32665,32665,32665,0,0,0,0,756.120441846419
|||;32665,32665,32665,32665,0,0,0,0,761.120441846419
|||;32665,32665,32665,32665,0,0,0,0,766.120441846419
|||;32665,32665,32665,32665,0,0,0,0,771.120441846419
|||;32665,32665,32665,32665,0,0,0,0,776.120441846419
|||;32665,32665,32665,32665,0,0,0,0,781.120441846419
|||;32665,32665,32665,32665,0,0,0,0,786.120441846419
|||;32665,32665,32665,32665,0,0,0,0,791.120441846419
|||;32665,32665,32665,32665,0,0,0,0,796.120441846419
|||;32665,32665,32665,32665,0,0,0,0,801.120441846419
|||;32665,32665,32665,32665,0,0,0,0,806.120441846419
|||;32665,32665,32665,32665,0,0,0,0,811.120441846419
|||;32665,32665,32665,32665,0,0,0,0,816.120441846419
|||;32665,32665,32665,32665,0,0,0,0,821.120441846419
|||;32665,32665,32665,32665,0,0,0,0,826.120441846419
|||;32665,32665,32665,32665,0,0,0,0,831.120441846419
|||;32665,32665,32665,32665,0,0,0,0,836.120441846419
|||;32665,32665,32665,32665,0,0,0,0,841.120441846419
|||;32665,32665,32665,32665,0,0,0,0,846.120441846419
|||;32665,32665,32665,32665,0,0,0,0,851.120441846419
|||;32665,32665,32665,32665,0,0,0,0,856.120441846419
|||;32665,32665,32665,32665,0,0,0,0,861.120441846419
|||;32665,32665,32665,32665,0,0,0,0,866.120441846419
|||;32665,32665,32665,32665,0,0,0,0,871.120441846419
|||;32665,32665,32665,32665,0,0,0,0,876.120441846419
|||;32665,32665,32665,32665,0,0,0,0,881.120441846419
|||;32665,32665,32665,32665,0,0,0,0,886.120441846419
|||;32665,32665,32665,32665,0,0,0,0,891.120441846419
|||;32665,32665,32665,32665,0,0,0,0,896.120441846419
|||;32665,32665,32665,32665,0,0,0,0,901.120441846419
|||;32665,32665,32665,32665,0,0,0,0,906.120441846419
|||;32665,32665,32665,32665,0,0,0,0,911.120441846419
|||;32665,32665,32665,32665,0,0,0,0,916.120441846419
|||;32665,32665,32665,32665,0,0,0,0,921.120441846419
|||;32665,32665,32665,32665,0,0,0,0,926.120441846419
|||;32665,32665,32665,32665,0,0,0,0,931.120441846419
|||;32665,32665,32665,32665,0,0,0,0,936.120441846419
|||;32665,32665,32665,32665,0,0,0,0,941.120441846419
|||;32665,32665,32665,32665,0,0,0,0,946.120441846419
|||;32665,32665,32665,32665,0,0,0,0,951.120441846419
|||;32665,32665,32665,32665,0,0,0,0,956.120441846419
|||;32665,32665,32665,32665,0,0,0,0,961.120441846419
|||;32665,32665,32665,32665,0,0,0,0,966.120441846419
|||;32665,32665,32665,32665,0,0,0,0,971.120441846419
|||;32665,32665,32665,32665,0,0,0,0,976.120441846419
|||;32665,32665,32665,32665,0,0,0,0,981.120441846419
|||;32665,32665,32665,32665,0,0,0,0,986.120441846419
|||;32665,32665,32665,32665,0,0,0,0,991.120441846419
|||;32665,32665,32665,32665,0,0,0,0,996.120441846419
|||;32665,32665,32665,32665,0,0,0,0,1001.120441846419
|||;32665,32665,32665,32665,0,0,0,0,1006.120441846419
|||;32665,32665,32665,32665,0,0,0,0,1011.120441846419
|||;32665,32665,32665,32665,0,0,0,0,1016.120441846419
|||;32665,32665,32665,32665,0,0,0,0,1021.120441846419
|||;32665,32665,32665,32665,0,0,0,0,1026.120441846419
|||;32665,32665,32665,32665,0,0,0,0,1031.120441846419
|||;32665,32665,32665,32665,0,0,0,0,1036.120441846419
|||;32665,32665,32665,32665,0,0,0,0,1041.120441846419
|||;32665,32665,32665,32665,0,0,0,0,1046.120441846419
|||;32665,32665,32665,32665,0,0,0,0,1051.120441846419
|||;32665,32665,32665,32665,0,0,0,0,1056.120441846419
|||;32665,32665,32665,32665,0,0,0,0,1061.120441846419
|||;32665,32665,32665,32665,0,0,0,0,1066.120441846419
|||;32665,32665,32665,32665,0,0,0,0,1071.120441846419
|||;32665,32665,32665,32665,0,0,0,0,1076.120441846419
|||;32665,32665,32665,32665,0,0,0,0,1081.120441846419
|||;32665,32665,32665,32665,0,0,0,0,1086.120441846419
|||;32665,32665,32665,32665,0,0,0,0,1091.120441846419
|||;32665,32665,32665,32665,0,0,0,0,1096.120441846419
|||;32665,32665,32665,32665,0,0,0,0,1101.120441846419
|||;32665,32665,32665,32665,0,0,0,0,1106.120441846419
|||;32665,32665,32665,32665,0,0,0,0,1111.120441846419
|||;32665,32665,32665,32665,0,0,0,0,1116.120441846419
|||;32665,32665,32665,32665,0,0,0,0,1121.120441846419
|||;32665,32665,32665,32665,0,0,0,0,1126.120441846419
|||;32665,32665,32665,32665,0,0,0,0,1131.120441846419
|||;32665,32665,32665,32665,0,0,0,0,1136.120441846419
|||;32665,32665,32665,32665,0,0,0,0,1141.120441846419
|||;32665,32665,32665,32665,0,0,0,0,1146.120441846419
|||;32665,32665,32665,32665,0,0,0,0,1151.120441846419
|||;32665,32665,32665,32665,0,0,0,0,1156.120441846419
|||;32665,32665,32665,32665,0,0,0,0,1161.120441846419
|||;32665,32665,32665,32665,0,0,0,0,1166.120441846419
|||;32665,32665,32665,32665,0,0,0,0,1171.120441846419
|||;32665,32665,32665,32665,0,0,0,0,1176.120441846419
|||;32665,32665,32665,32665,0,0,0,0,1181.120441846419
|||;32665,32665,32665,32665,0,0,0,0,1186.120441846419
|||;32665,32665,32665,32665,0,0,0,0,1191.120441846419
|||;32665,32665,32665,32665,0,0,0,0,1196.120441846419
|||;32665,32665,32665,32665,0,0,0,0,1201.120441846419
|||;32665,32665,32665,32665,0,0,0,0,1206.120441846419
|||;32665,32665,32665,32665,0,0,0,0,1211.120441846419
|||;32665,32665,32665,32665,0,0,0,0,1216.120441846419
|||;32665,32665,32665,32665,0,0,0,0,1221.120441846419
|||;32665,32665,32665,32665,0,0,0,0,1226.120441846419
|||;32665,32665,32665,32665,0,0,0,0,1231.120441846419
|||;32665,32665,32665,32665,0,0,0,0,1236.120441846419
|||;32665,32665,32665,32665,0,0,0,0,1241.120441846419
|||;32665,32665,32665,32665,0,0,0,0,1246.120441846419
|||;32665,32665,32665,32665,0,0,0,0,1251.120441846419
|||;32665,32665,32665,32665,0,0,0,0,1256.120441846419
|||;32665,32665,32665,32665,0,0,0,0,1261.120441846419
|||;32665,32665,32665,32665,0,0,0,0,1266.120441846419
|||;32665,32665,32665,32665,0,0,0,0,1271.120441846419
|||;32665,32665,32665,32665,0,0,0,0,1276.120441846419
|||;32665,32665,32665,32665,0,0,0,0,1281.120441846419
|||;32665,32665,32665,32665,0,0,0,0,1286.120441846419
|||;32665,32665,32665,32665,0,0,0,0,1291.120441846419
|||;32665,32665,32665,32665,0,0,0,0,1296.120441846419
|||;32665,32665,32665,32665,0,0,0,0,1301.120441846419
|||;32665,32665,32665,32665,0,0,0,0,1306.120441846419
|||;32665,32665,32665,32665,0,0,0,0,1311.120441846419
|||;32665,32665,32665,32665,0,0,0,0,1316.120441846419
|||;32665,32665,32665,32665,0,0,0,0,1321.120441846419
|||;32665,32665,32665,32665,0,0,0,0,1326.120441846419
|||;32665,32665,32665,32665,0,0,0,0,1331.120441846419
|||;32665,32665,32665,32665,0,0,0,0,1336.120441846419
|||;32665,32665,32665,32665,0,0,0,0,1341.120441846419
|||;32665,32665,32665,32665,0,0,0,0,1346.120441846419
|||;32665,32665,32665,32665,0,0,0,0,1351.120441846419
|||;32665,32665,32665,32665,0,0,0,0,1356.120441846419
|||;32665,32665,32665,32665,0,0,0,0,1361.120441846419
|||;32665,32665,32665,32665,0,0,0,0,1366.120441846419
|||;32665,32665,32665,32665,0,0,0,0,1371.120441846419
|||;32665,32665,32665,32665,0,0,0,0,1376.120441846419
|||;32665,32665,32665,32665,0,0,0,0,1381.120441846419
|||;32665,32665,32665,32665,0,0,0,0,1386.120441846419
|||;32665,32665,32665,32665,0,0,0,0,1391.120441846419
|||;32665,32665,32665,32665,0,0,0,0,1396.120441846419
|||;32665,32665,32665,32665,0,0,0,0,1401.120441846419
|||;32665,32665,32665,32665,0,0,0,0,1406.120441846419
|||;32665,32665,32665,32665,0,0,0,0,1411.120441846419
|||;32665,32665,32665,32665,0,0,0,0,1416.120441846419
|||;32665,32665,32665,32665,0,0,0,0,1421.120441846419
|||;32665,32665,32665,32665,0,0,0,0,1426.120441846419
|||;32665,32665,32665,32665,0,0,0,0,1431.120441846419
|||;32665,32665,32665,32665,0,0,0,0,1436.120441846419
|||;32665,32665,32665,32665,0,0,0,0,1441.120441846419
|||;32665,32665,32665,32665,0,0,0,0,1446.120441846419
|||;32665,32665,32665,32665,0,0,0,0,1451.120441846419
|||;32665,32665,32665,32665,0,0,0,0,1456.120441846419
|||;32665,32665,32665,32665,0,0,0,0,1461.120441846419
|||;32665,32665,32665,32665,0,0,0,0,1466.120441846419
|||;32665,32665,32665,32665,0,0,0,0,1471.120441846419
|||;32665,32665,32665,32665,0,0,0,0,1476.120441846419
|||;32665,32665,32665,32665,0,0,0,0,1481.120441846419
|||;32665,32665,32665,32665,0,0,0,0,1486.120441846419
|||;32665,32665,32665,32665,0,0,0,0,1491.120441846419
|||;32665,32665,32665,32665,0,0,0,0,1496.120441846419
|||;32665,32665,32665,32665,0,0,0,0,1501.120441846419
|||;32665,32665,32665,32665,0,0,0,0,1506.120441846419
|||;32665,32665,32665,32665,0,0,0,0,1511.120441846419
|||;32665,32665,32665,32665,0,0,0,0,1516.120441846419
|||;32665,32665,32665,32665,0,0,0,0,1521.120441846419
|||;32665,32665,32665,32665,0,0,0,0,1526.120441846419
|||;32665,32665,32665,32665,0,0,0,0,1531.120441846419
|||;32665,32665,32665,32665,0,0,0,0,1536.120441846419
|||;32665,32665,32665,32665,0,0,0,0,1541.120441846419
|||;32665,32665,32665,32665,0,0,0,0,1546.120441846419
|||;32665,32665,32665,32665,0,0,0,0,1551.120441846419
|||;32665,32665,32665,32665,0,0,0,0,1556.120441846419
|||;32665,32665,32665,32665,0,0,0,0,1561.120441846419
|||;32665,32665,32665,32665,0,0,0,0,1566.120441846419
|||;32665,32665,32665,32665,0,0,0,0,1571.120441846419
|||;32665,32665,32665,32665,0,0,0,0,1576.120441846419
|||;32665,32665,32665,32665,0,0,0,0,1581.120441846419
|||;32665,32665,32665,32665,0,0,0,0,1586.120441846419
|||;32665,32665,32665,32665,0,0,0,0,1591.120441846419
|||;32665,32665,32665,32665,0,0,0,0,1596.120441846419
|||;32665,32665,32665,32665,0,0,0,0,1601.120441846419
|||;32665,32665,32665,32665,0,0,0,0,1606.120441846419
|||;32665,32665,32665,32665,0,0,0,0,1611.120441846419
|||;32665,32665,32665,32665,0,0,0,0,1616.120441846419
|||;32665,32665,32665,32665,0,0,0,0,1621.120441846419
|||;32665,32665,32665,32665,0,0,0,0,1626.120441846419
|||;32665,32665,32665,32665,0,0,0,0,1631.120441846419
|||;32665,32665,32665,32665,0,0,0,0,1636.120441846419
|||;32665,32665,32665,32665,0,0,0,0,1641.120441846419
|||;32665,32665,32665,32665,0,0,0,0,1646.120441846419
|||;32665,32665,32665,32665,0,0,0,0,1651.120441846419
|||;32665,32665,32665,32665,0,0,0,0,1656.120441846419
|||;32665,32665,32665,32665,0,0,0,0,1661.120441846419
|||;32665,32665,32665,32665,0,0,0,0,1666.120441846419
|||;32665,32665,32665,32665,0,0,0,0,1671.120441846419
|||;32665,32665,32665,32665,0,0,0,0,1676.120441846419
|||;32665,32665,32665,32665,0,0,0,0,1681.120441846419
|||;32665,32665,32665,32665,0,0,0,0,1686.120441846419
|||;32665,32665,32665,32665,0,0,0,0,1691.120441846419
|||;32665,32665,32665,32665,0,0,0,0,1696.120441846419
|||;32665,32665,32665,32665,0,0,0,0,1701.120441846419
|||;32665,32665,32665,32665,0,0,0,0,1706.120441846419
|||;32665,32665,32665,32665,0,0,0,0,1711.120441846419
|||;32665,32665,32665,32665,0,0,0,0,1716.120441846419
|||;32665,32665,32665,32665,0,0,0,0,1721.120441846419
|||;32665,32665,32665,32665,0,0,0,0,1726.120441846419
|||;32665,32665,32665,32665,0,0,0,0,1731.120441846419
|||;32665,32665,32665,32665,0,0,0,0,1736.120441846419
|||;32665,32665,32665,32665,0,0,0,0,1741.120441846419
|||;32665,32665,32665,32665,0,0,0,0,1746.120441846419
|||;32665,32665,32665,32665,0,0,0,0,1751.120441846419
|||;32665,32665,32665,32665,0,0,0,0,1756.120441846419
|||;32665,32665,32665,32665,0,0,0,0,1761.120441846419
|||;32665,32665,32665,32665,0,0,0,0,1766.120441846419
|||;32665,32665,32665,32665,0,0,0,0,1771.120441846419
|||;32665,32665,32665,32665,0,0,0,0,1776.120441846419
|||;32665,32665,32665,32665,0,0,0,0,1781.120441846419
|||;32665,32665,32665,32665,0,0,0,0,1786.120441846419
|||;32665,32665,32665,32665,0,0,0,0,1791.120441846419
|||;32665,32665,32665,32665,0,0,0,0,1796.120441846419
|||;32665,32665,32665,32665,0,0,0,0,1801.120441846419
|||;32665,32665,32665,32665,0,0,0,0,1806.120441846419
|||;32665,32665,32665,32665,0,0,0,0,1811.120441846419
|||;32665,32665,32665,32665,0,0,0,0,1816.120441846419
|||;32665,32665,32665,32665,0,0,0,0,1821.120441846419
|||;32665,32665,32665,32665,0,0,0,0,1826.120441846419
|||;32665,32665,32665,32665,0,0,0,0,1831.120441846419
|||;32665,32665,32665,32665,0,0,0,0,1836.120441846419
|||;32665,32665,32665,32665,0,0,0,0,1841.120441846419
|||;32665,32665,32665,32665,0,0,0,0,1846.120441846419
|||;32665,32665,32665,32665,0,0,0,0,1851.120441846419
|||;32665,32665,32665,32665,0,0,0,0,1856.120441846419
|||;32665,32665,32665,32665,0,0,0,0,1861.120441846419
|||;32665,32665,32665,32665,0,0,0,0,1866.120441846419
|||;32665,32665,32665,32665,0,0,0,0,1871.120441846419
|||;32665,32665,32665,32665,0,0,0,0,1876.120441846419
|||;32665,32665,32665,32665,0,0,0,0,1881.120441846419
|||;32665,32665,32665,32665,0,0,0,0,1886.120441846419
|||;32665,32665,32665,32665,0,0,0,0,1891.120441846419
|||;32665,32665,32665,32665,0,0,0,0,1896.120441846419
|||;32665,32665,32665,32665,0,0,0,0,1901.120441846419
|||;32665,32665,32665,32665,0,0,0,0,1906.120441846419
|||;32665,32665,32665,32665,0,0,0,0,1911.120441846419
|||;32665,32665,32665,32665,0,0,0,0,1916.120441846419
|||;32665,32665,32665,32665,0,0,0,0,1921.120441846419
|||;32665,32665,32665,32665,0,0,0,0,1926.120441846419
|||;32665,32665,32665,32665,0,0,0,0,1931.120441846419
|||;32665,32665,32665,32665,0,0,0,0,1936.120441846419
|||;32665,32665,32665,32665,0,0,0,0,1941.120441846419
|||;32665,32665,32665,32665,0,0,0,0,1946.120441846419
|||;32665,32665,32665,32665,0,0,0,0,1951.120441846419
|||;32665,32665,32665,32665,0,0,0,0,1956.120441846419
|||;32665,32665,32665,32665,0,0,0,0,1961.120441846419
|||;32665,32665,32665,32665,0,0,0,0,1966.120441846419
|||;32665,32665,32665,32665,0,0,0,0,1971.120441846419
|||;32665,32665,32665,32665,0,0,0,0,1976.120441846419
|||;32665,32665,32665,32665,0,0,0,0,1981.120441846419
|||;32665,32665,32665,32665,0,0,0,0,1986.120441846419
|||;32665,32665,32665,32665,0,0,0,0,1991.120441846419
|||;32665,32665,32665,32665,0,0,0,0,1996.120441846419
