|||;23859,23859,23859,23859,0,0,0,0,1.141581002388
870vcyte(0),78frmux(1),738ongpd(1),|870vcyte(0),78frmux(1),738ongpd(1),|870vcyte(0),78frmux(1),738ongpd(1),|870vcyte(0),78frmux(1),738ongpd(1),;19394.4,20003.6,19855.2,20003.6,32.150680018224,28.684553796002,29.529240018224,28.684553796002,6.141581002388
78frmux(1),738ongpd(1),|78frmux(1),738ongpd(1),|870vcyte(2),78frmux(1),738ongpd(1),|78frmux(1),738ongpd(1),;20172.6,20781.8,19855.2,20781.8,27.150680018224,23.684553796002,24.529240018224,23.684553796002,11.141581002388
78frmux(2),738ongpd(1),160cxyaz(0),|78frmux(2),738ongpd(1),160cxyaz(0),|78frmux(2),738ongpd(1),160cxyaz(0),|78frmux(2),738ongpd(1),160cxyaz(0),;19471.2,19378.9,20710.3,20080.4,30.569693644352,31.276648311019,27.948253644352,27.10356742213,16.141581002388
78frmux(2),738ongpd(1),160cxyaz(1),|78frmux(2),738ongpd(1),160cxyaz(1),|78frmux(3),738ongpd(2),160cxyaz(1),|78frmux(2),738ongpd(1),160cxyaz(1),;19471.2,19378.9,20710.3,20080.4,25.569693644352,26.276648311019,22.948253644352,22.10356742213,21.141581002388
78frmux(3),738ongpd(2),160cxyaz(1),|78frmux(3),738ongpd(2),160cxyaz(1),|78frmux(3),738ongpd(2),160cxyaz(1),|78frmux(3),738ongpd(2),160cxyaz(1),;19471.2,19378.9,20710.3,20080.4,20.569693644352,21.276648311019,17.948253644352,17.10356742213,26.141581002388
738ongpd(2),160cxyaz(1),|738ongpd(3),160cxyaz(2),|738ongpd(3),160cxyaz(2),|738ongpd(3),160cxyaz(2),;21329.8,21237.5,21329.8,21939,15.569693644352,16.276648311019,12.948253644352,12.10356742213,31.141581002388
160cxyaz(2),|160cxyaz(2),|160cxyaz(3),|160cxyaz(3),;23157.6,22456.1,23157.6,23157.6,10.569693644352,11.276648311019,7.948253644352,7.10356742213,36.141581002388
160cxyaz(3),|160cxyaz(3),|160cxyaz(3),|160cxyaz(3),;23157.6,22456.1,23157.6,23157.6,5.569693644352,6.276648311019,2.948253644352,2.10356742213,41.141581002388
160cxyaz(3),|160cxyaz(3),|160cxyaz(3),|160cxyaz(3),;23157.6,22456.1,23157.6,23157.6,0.569693644352,1.276648311019,0,0,46.141581002388
160cxyaz(3),|160cxyaz(3),|160cxyaz(3),|160cxyaz(3),;23157.6,22456.1,23157.6,23157.6,0,0,0,0,51.141581002388
160cxyaz(3),|160cxyaz(3),|160cxyaz(3),|160cxyaz(3),;23157.6,22456.1,23157.6,23157.6,0,0,0,0,56.141581002388
160cxyaz(3),|160cxyaz(3),|160cxyaz(3),|160cxyaz(3),;23157.6,22456.1,23157.6,23157.6,0,0,0,0,61.141581002388
160cxyaz(3),|160cxyaz(3),|160cxyaz(3),|160cxyaz(3),;23157.6,22456.1,23157.6,23157.6,0,0,0,0,66.141581002388
|||;23859,23859,23859,23859,0,0,0,0,71.141581002388
|||;23859,23859,23859,23859,0,0,0,0,76.141581002388
|||;23859,23859,23859,23859,0,0,0,0,81.141581002388
|||;23859,23859,23859,23859,0,0,0,0,86.141581002388
|||;23859,23859,23859,23859,0,0,0,0,91.141581002388
|||;23859,23859,23859,23859,0,0,0,0,96.141581002388
|||;23859,23859,23859,23859,0,0,0,0,101.141581002388
|||;23859,23859,23859,23859,0,0,0,0,106.141581002388
|||;23859,23859,23859,23859,0,0,0,0,111.141581002388
|||;23859,23859,23859,23859,0,0,0,0,116.141581002388
719okptr(2),633ahpgk(0),|719okptr(2),633ahpgk(0),|719okptr(2),633ahpgk(0),|719okptr(2),633ahpgk(0),;19947.3,19947.3,20674.4,20674.4,28.178245690806,28.178245690806,23.947529246362,23.947529246362,121.141581002388
719okptr(2),633ahpgk(1),|719okptr(2),633ahpgk(1),|719okptr(2),633ahpgk(1),|719okptr(2),633ahpgk(1),;19947.3,19947.3,20674.4,20674.4,23.178245690806,23.178245690806,18.947529246362,18.947529246362,126.141581002388
633ahpgk(2),|633ahpgk(2),|633ahpgk(2),|633ahpgk(2),;21677.9,21677.9,22405,22405,18.178245690806,18.178245690806,13.947529246362,13.947529246362,131.141581002388
633ahpgk(2),|633ahpgk(2),|633ahpgk(2),|633ahpgk(2),;21677.9,21677.9,22405,22405,13.178245690806,13.178245690806,8.947529246362,8.947529246362,136.141581002388
633ahpgk(2),|633ahpgk(2),||;21677.9,21677.9,23859.1,23859.1,8.178245690806,8.178245690806,3.947529246362,3.947529246362,141.141581002388
|||;23859,23859,23859.1,23859.1,3.178245690806,3.178245690806,0,0,146.141581002388
|||;23859,23859,23859.1,23859.1,0,0,0,0,151.141581002388
|||;23859,23859,23859.1,23859.1,0,0,0,0,156.141581002388
|||;23859,23859,23859.1,23859.1,0,0,0,0,161.141581002388
280qdjlh(2),|280qdjlh(2),|280qdjlh(2),|280qdjlh(2),;21693.2,23137.1,21693.3,21693.3,11.864764474144,3.46291914081,11.864764474144,11.864764474144,166.141581002388
280qdjlh(2),||280qdjlh(2),|280qdjlh(2),;21693.2,23859,21693.3,21693.3,6.864764474144,0,6.864764474144,6.864764474144,171.141581002388
280qdjlh(2),||280qdjlh(2),|280qdjlh(2),;21693.2,23859,21693.3,21693.3,1.864764474144,0,1.864764474144,1.864764474144,176.141581002388
280qdjlh(3),||280qdjlh(3),|280qdjlh(3),;21693.2,23859,21693.3,21693.3,0,0,0,0,181.141581002388
|||;23859,23859,23859.1,23859.1,0,0,0,0,186.141581002388
|||;23859,23859,23859.1,23859.1,0,0,0,0,191.141581002388
|||;23859,23859,23859.1,23859.1,0,0,0,0,196.141581002388
|||;23859,23859,23859.1,23859.1,0,0,0,0,201.141581002388
269lvphg(2),|269lvphg(2),|269lvphg(2),|269lvphg(2),;21816.1,22497.1,21816.2,22497.2,9.161761111913,5.110522000802,9.161761111913,5.110522000802,206.141581002388
269lvphg(2),|269lvphg(3),|269lvphg(2),|269lvphg(3),;21816.1,22497.1,21816.2,22497.2,4.161761111913,0.110522000802,4.161761111913,0.110522000802,211.141581002388
269lvphg(3),|269lvphg(3),|269lvphg(3),|269lvphg(3),;21816.1,22497.1,21816.2,22497.2,0,0,0,0,216.141581002388
269lvphg(3),|269lvphg(3),|269lvphg(3),|269lvphg(3),;21816.1,22497.1,21816.2,22497.2,0,0,0,0,221.141581002388
269lvphg(3),|269lvphg(3),|269lvphg(3),|269lvphg(3),;21816.1,22497.1,21816.2,22497.2,0,0,0,0,226.141581002388
269lvphg(3),|269lvphg(3),|269lvphg(3),|269lvphg(3),;21816.1,22497.1,21816.2,22497.2,0,0,0,0,231.141581002388
|||;23859,23859,23859.1,23859.1,0,0,0,0,236.141581002388
|||;23859,23859,23859.1,23859.1,0,0,0,0,241.141581002388
|||;23859,23859,23859.1,23859.1,0,0,0,0,246.141581002388
|||;23859,23859,23859.1,23859.1,0,0,0,0,251.141581002388
|||;23859,23859,23859.1,23859.1,0,0,0,0,256.141581002388
|||;23859,23859,23859.1,23859.1,0,0,0,0,261.141581002388
|||;23859,23859,23859.1,23859.1,0,0,0,0,266.141581002388
|||;23859,23859,23859.1,23859.1,0,0,0,0,271.141581002388
693njdxy(2),|||;17878.8,23859,23859.1,23859.1,30.992252539694,0,0,0,276.141581002388
693njdxy(2),|||;17878.8,23859,23859.1,23859.1,25.992252539694,0,0,0,281.141581002388
693njdxy(2),|||;17878.8,23859,23859.1,23859.1,20.992252539694,0,0,0,286.141581002388
693njdxy(2),|||;17878.8,23859,23859.1,23859.1,15.992252539694,0,0,0,291.141581002388
693njdxy(2),|||;17878.8,23859,23859.1,23859.1,10.992252539694,0,0,0,296.141581002388
693njdxy(2),|||;17878.8,23859,23859.1,23859.1,5.992252539694,0,0,0,301.141581002388
693njdxy(2),|||;17878.8,23859,23859.1,23859.1,0.992252539694,0,0,0,306.141581002388
|||;23859,23859,23859.1,23859.1,0,0,0,0,311.141581002388
|||;23859,23859,23859.1,23859.1,0,0,0,0,316.141581002388
|||;23859,23859,23859.1,23859.1,0,0,0,0,321.141581002388
|||;23859,23859,23859.1,23859.1,0,0,0,0,326.141581002388
|||;23859,23859,23859.1,23859.1,0,0,0,0,331.141581002388
|||;23859,23859,23859.1,23859.1,0,0,0,0,336.141581002388
|||;23859,23859,23859.1,23859.1,0,0,0,0,341.141581002388
|||;23859,23859,23859.1,23859.1,0,0,0,0,346.141581002388
|||;23859,23859,23859.1,23859.1,0,0,0,0,351.141581002388
|||;23859,23859,23859.1,23859.1,0,0,0,0,356.141581002388
|||;23859,23859,23859.1,23859.1,0,0,0,0,361.141581002388
|||;23859,23859,23859.1,23859.1,0,0,0,0,366.141581002388
|||;23859,23859,23859.1,23859.1,0,0,0,0,371.141581002388
|||;23859,23859,23859.1,23859.1,0,0,0,0,376.141581002388
|||;23859,23859,23859.1,23859.1,0,0,0,0,381.141581002388
|||;23859,23859,23859.1,23859.1,0,0,0,0,386.141581002388
|||;23859,23859,23859.1,23859.1,0,0,0,0,391.141581002388
|||;23859,23859,23859.1,23859.1,0,0,0,0,396.141581002388
|||;23859,23859,23859.1,23859.1,0,0,0,0,401.141581002388
|||;23859,23859,23859.1,23859.1,0,0,0,0,406.141581002388
|||;23859,23859,23859.1,23859.1,0,0,0,0,411.141581002388
|||;23859,23859,23859.1,23859.1,0,0,0,0,416.141581002388
|||;23859,23859,23859.1,23859.1,0,0,0,0,421.141581002388
|||;23859,23859,23859.1,23859.1,0,0,0,0,426.141581002388
|||;23859,23859,23859.1,23859.1,0,0,0,0,431.141581002388
|||;23859,23859,23859.1,23859.1,0,0,0,0,436.141581002388
|||;23859,23859,23859.1,23859.1,0,0,0,0,441.141581002388
|||;23859,23859,23859.1,23859.1,0,0,0,0,446.141581002388
|||;23859,23859,23859.1,23859.1,0,0,0,0,451.141581002388
|||;23859,23859,23859.1,23859.1,0,0,0,0,456.141581002388
|||;23859,23859,23859.1,23859.1,0,0,0,0,461.141581002388
|||;23859,23859,23859.1,23859.1,0,0,0,0,466.141581002388
|||;23859,23859,23859.1,23859.1,0,0,0,0,471.141581002388
|||;23859,23859,23859.1,23859.1,0,0,0,0,476.141581002388
|||;23859,23859,23859.1,23859.1,0,0,0,0,481.141581002388
|||;23859,23859,23859.1,23859.1,0,0,0,0,486.141581002388
|||;23859,23859,23859.1,23859.1,0,0,0,0,491.141581002388
|||;23859,23859,23859.1,23859.1,0,0,0,0,496.141581002388
|||;23859,23859,23859.1,23859.1,0,0,0,0,501.141581002388
|||;23859,23859,23859.1,23859.1,0,0,0,0,506.141581002388
|||;23859,23859,23859.1,23859.1,0,0,0,0,511.141581002388
|||;23859,23859,23859.1,23859.1,0,0,0,0,516.141581002388
|||;23859,23859,23859.1,23859.1,0,0,0,0,521.141581002388
|||;23859,23859,23859.1,23859.1,0,0,0,0,526.141581002388
|||;23859,23859,23859.1,23859.1,0,0,0,0,531.141581002388
|||;23859,23859,23859.1,23859.1,0,0,0,0,536.141581002388
|||;23859,23859,23859.1,23859.1,0,0,0,0,541.141581002388
|||;23859,23859,23859.1,23859.1,0,0,0,0,546.141581002388
|||;23859,23859,23859.1,23859.1,0,0,0,0,551.141581002388
|||;23859,23859,23859.1,23859.1,0,0,0,0,556.141581002388
|||;23859,23859,23859.1,23859.1,0,0,0,0,561.141581002388
|||;23859,23859,23859.1,23859.1,0,0,0,0,566.141581002388
|||;23859,23859,23859.1,23859.1,0,0,0,0,571.141581002388
|||;23859,23859,23859.1,23859.1,0,0,0,0,576.141581002388
|||;23859,23859,23859.1,23859.1,0,0,0,0,581.141581002388
|||;23859,23859,23859.1,23859.1,0,0,0,0,586.141581002388
|||;23859,23859,23859.1,23859.1,0,0,0,0,591.141581002388
|||;23859,23859,23859.1,23859.1,0,0,0,0,596.141581002388
|||;23859,23859,23859.1,23859.1,0,0,0,0,601.141581002388
|||;23859,23859,23859.1,23859.1,0,0,0,0,606.141581002388
|||;23859,23859,23859.1,23859.1,0,0,0,0,611.141581002388
|||;23859,23859,23859.1,23859.1,0,0,0,0,616.141581002388
|||;23859,23859,23859.1,23859.1,0,0,0,0,621.141581002388
|||;23859,23859,23859.1,23859.1,0,0,0,0,626.141581002388
|||;23859,23859,23859.1,23859.1,0,0,0,0,631.141581002388
|||;23859,23859,23859.1,23859.1,0,0,0,0,636.141581002388
|||;23859,23859,23859.1,23859.1,0,0,0,0,641.141581002388
|||;23859,23859,23859.1,23859.1,0,0,0,0,646.141581002388
|||;23859,23859,23859.1,23859.1,0,0,0,0,651.141581002388
|||;23859,23859,23859.1,23859.1,0,0,0,0,656.141581002388
|||;23859,23859,23859.1,23859.1,0,0,0,0,661.141581002388
|||;23859,23859,23859.1,23859.1,0,0,0,0,666.141581002388
|||;23859,23859,23859.1,23859.1,0,0,0,0,671.141581002388
|||;23859,23859,23859.1,23859.1,0,0,0,0,676.141581002388
|||;23859,23859,23859.1,23859.1,0,0,0,0,681.141581002388
|||;23859,23859,23859.1,23859.1,0,0,0,0,686.141581002388
|||;23859,23859,23859.1,23859.1,0,0,0,0,691.141581002388
|||;23859,23859,23859.1,23859.1,0,0,0,0,696.141581002388
|||;23859,23859,23859.1,23859.1,0,0,0,0,701.141581002388
|||;23859,23859,23859.1,23859.1,0,0,0,0,706.141581002388
|||;23859,23859,23859.1,23859.1,0,0,0,0,711.141581002388
|||;23859,23859,23859.1,23859.1,0,0,0,0,716.141581002388
|||;23859,23859,23859.1,23859.1,0,0,0,0,721.141581002388
|||;23859,23859,23859.1,23859.1,0,0,0,0,726.141581002388
|||;23859,23859,23859.1,23859.1,0,0,0,0,731.141581002388
|||;23859,23859,23859.1,23859.1,0,0,0,0,736.141581002388
|||;23859,23859,23859.1,23859.1,0,0,0,0,741.141581002388
|||;23859,23859,23859.1,23859.1,0,0,0,0,746.141581002388
|||;23859,23859,23859.1,23859.1,0,0,0,0,751.141581002388
|||;23859,23859,23859.1,23859.1,0,0,0,0,756.141581002388
|||;23859,23859,23859.1,23859.1,0,0,0,0,761.141581002388
|||;23859,23859,23859.1,23859.1,0,0,0,0,766.141581002388
|||;23859,23859,23859.1,23859.1,0,0,0,0,771.141581002388
|||;23859,23859,23859.1,23859.1,0,0,0,0,776.141581002388
|||;23859,23859,23859.1,23859.1,0,0,0,0,781.141581002388
|||;23859,23859,23859.1,23859.1,0,0,0,0,786.141581002388
|||;23859,23859,23859.1,23859.1,0,0,0,0,791.141581002388
|||;23859,23859,23859.1,23859.1,0,0,0,0,796.141581002388
|||;23859,23859,23859.1,23859.1,0,0,0,0,801.141581002388
|||;23859,23859,23859.1,23859.1,0,0,0,0,806.141581002388
|||;23859,23859,23859.1,23859.1,0,0,0,0,811.141581002388
|||;23859,23859,23859.1,23859.1,0,0,0,0,816.141581002388
|||;23859,23859,23859.1,23859.1,0,0,0,0,821.141581002388
|||;23859,23859,23859.1,23859.1,0,0,0,0,826.141581002388
|||;23859,23859,23859.1,23859.1,0,0,0,0,831.141581002388
|||;23859,23859,23859.1,23859.1,0,0,0,0,836.141581002388
|||;23859,23859,23859.1,23859.1,0,0,0,0,841.141581002388
|||;23859,23859,23859.1,23859.1,0,0,0,0,846.141581002388
|||;23859,23859,23859.1,23859.1,0,0,0,0,851.141581002388
|||;23859,23859,23859.1,23859.1,0,0,0,0,856.141581002388
|||;23859,23859,23859.1,23859.1,0,0,0,0,861.141581002388
|||;23859,23859,23859.1,23859.1,0,0,0,0,866.141581002388
|||;23859,23859,23859.1,23859.1,0,0,0,0,871.141581002388
|||;23859,23859,23859.1,23859.1,0,0,0,0,876.141581002388
|||;23859,23859,23859.1,23859.1,0,0,0,0,881.141581002388
|||;23859,23859,23859.1,23859.1,0,0,0,0,886.141581002388
|||;23859,23859,23859.1,23859.1,0,0,0,0,891.141581002388
|||;23859,23859,23859.1,23859.1,0,0,0,0,896.141581002388
|||;23859,23859,23859.1,23859.1,0,0,0,0,901.141581002388
|||;23859,23859,23859.1,23859.1,0,0,0,0,906.141581002388
|||;23859,23859,23859.1,23859.1,0,0,0,0,911.141581002388
|||;23859,23859,23859.1,23859.1,0,0,0,0,916.141581002388
|||;23859,23859,23859.1,23859.1,0,0,0,0,921.141581002388
|||;23859,23859,23859.1,23859.1,0,0,0,0,926.141581002388
|||;23859,23859,23859.1,23859.1,0,0,0,0,931.141581002388
|||;23859,23859,23859.1,23859.1,0,0,0,0,936.141581002388
|||;23859,23859,23859.1,23859.1,0,0,0,0,941.141581002388
|||;23859,23859,23859.1,23859.1,0,0,0,0,946.141581002388
|||;23859,23859,23859.1,23859.1,0,0,0,0,951.141581002388
|||;23859,23859,23859.1,23859.1,0,0,0,0,956.141581002388
|||;23859,23859,23859.1,23859.1,0,0,0,0,961.141581002388
|||;23859,23859,23859.1,23859.1,0,0,0,0,966.141581002388
|||;23859,23859,23859.1,23859.1,0,0,0,0,971.141581002388
|||;23859,23859,23859.1,23859.1,0,0,0,0,976.141581002388
|||;23859,23859,23859.1,23859.1,0,0,0,0,981.141581002388
|||;23859,23859,23859.1,23859.1,0,0,0,0,986.141581002388
|||;23859,23859,23859.1,23859.1,0,0,0,0,991.141581002388
|||;23859,23859,23859.1,23859.1,0,0,0,0,996.141581002388
|||;23859,23859,23859.1,23859.1,0,0,0,0,1001.141581002388
|||;23859,23859,23859.1,23859.1,0,0,0,0,1006.141581002388
|||;23859,23859,23859.1,23859.1,0,0,0,0,1011.141581002388
|||;23859,23859,23859.1,23859.1,0,0,0,0,1016.141581002388
|||;23859,23859,23859.1,23859.1,0,0,0,0,1021.141581002388
|||;23859,23859,23859.1,23859.1,0,0,0,0,1026.141581002388
|||;23859,23859,23859.1,23859.1,0,0,0,0,1031.141581002388
|||;23859,23859,23859.1,23859.1,0,0,0,0,1036.141581002388
|||;23859,23859,23859.1,23859.1,0,0,0,0,1041.141581002388
|||;23859,23859,23859.1,23859.1,0,0,0,0,1046.141581002388
|||;23859,23859,23859.1,23859.1,0,0,0,0,1051.141581002388
|||;23859,23859,23859.1,23859.1,0,0,0,0,1056.141581002388
|||;23859,23859,23859.1,23859.1,0,0,0,0,1061.141581002388
|||;23859,23859,23859.1,23859.1,0,0,0,0,1066.141581002388
|||;23859,23859,23859.1,23859.1,0,0,0,0,1071.141581002388
|||;23859,23859,23859.1,23859.1,0,0,0,0,1076.141581002388
|||;23859,23859,23859.1,23859.1,0,0,0,0,1081.141581002388
|||;23859,23859,23859.1,23859.1,0,0,0,0,1086.141581002388
|||;23859,23859,23859.1,23859.1,0,0,0,0,1091.141581002388
|||;23859,23859,23859.1,23859.1,0,0,0,0,1096.141581002388
|||;23859,23859,23859.1,23859.1,0,0,0,0,1101.141581002388
|||;23859,23859,23859.1,23859.1,0,0,0,0,1106.141581002388
|||;23859,23859,23859.1,23859.1,0,0,0,0,1111.141581002388
|||;23859,23859,23859.1,23859.1,0,0,0,0,1116.141581002388
|||;23859,23859,23859.1,23859.1,0,0,0,0,1121.141581002388
|||;23859,23859,23859.1,23859.1,0,0,0,0,1126.141581002388
|||;23859,23859,23859.1,23859.1,0,0,0,0,1131.141581002388
|||;23859,23859,23859.1,23859.1,0,0,0,0,1136.141581002388
|||;23859,23859,23859.1,23859.1,0,0,0,0,1141.141581002388
|||;23859,23859,23859.1,23859.1,0,0,0,0,1146.141581002388
|||;23859,23859,23859.1,23859.1,0,0,0,0,1151.141581002388
|||;23859,23859,23859.1,23859.1,0,0,0,0,1156.141581002388
|||;23859,23859,23859.1,23859.1,0,0,0,0,1161.141581002388
|||;23859,23859,23859.1,23859.1,0,0,0,0,1166.141581002388
|||;23859,23859,23859.1,23859.1,0,0,0,0,1171.141581002388
|||;23859,23859,23859.1,23859.1,0,0,0,0,1176.141581002388
|||;23859,23859,23859.1,23859.1,0,0,0,0,1181.141581002388
|||;23859,23859,23859.1,23859.1,0,0,0,0,1186.141581002388
|||;23859,23859,23859.1,23859.1,0,0,0,0,1191.141581002388
|||;23859,23859,23859.1,23859.1,0,0,0,0,1196.141581002388
|||;23859,23859,23859.1,23859.1,0,0,0,0,1201.141581002388
|||;23859,23859,23859.1,23859.1,0,0,0,0,1206.141581002388
|||;23859,23859,23859.1,23859.1,0,0,0,0,1211.141581002388
|||;23859,23859,23859.1,23859.1,0,0,0,0,1216.141581002388
|||;23859,23859,23859.1,23859.1,0,0,0,0,1221.141581002388
|||;23859,23859,23859.1,23859.1,0,0,0,0,1226.141581002388
|||;23859,23859,23859.1,23859.1,0,0,0,0,1231.141581002388
|||;23859,23859,23859.1,23859.1,0,0,0,0,1236.141581002388
|||;23859,23859,23859.1,23859.1,0,0,0,0,1241.141581002388
|||;23859,23859,23859.1,23859.1,0,0,0,0,1246.141581002388
|||;23859,23859,23859.1,23859.1,0,0,0,0,1251.141581002388
|||;23859,23859,23859.1,23859.1,0,0,0,0,1256.141581002388
|||;23859,23859,23859.1,23859.1,0,0,0,0,1261.141581002388
|||;23859,23859,23859.1,23859.1,0,0,0,0,1266.141581002388
|||;23859,23859,23859.1,23859.1,0,0,0,0,1271.141581002388
|||;23859,23859,23859.1,23859.1,0,0,0,0,1276.141581002388
|||;23859,23859,23859.1,23859.1,0,0,0,0,1281.141581002388
|||;23859,23859,23859.1,23859.1,0,0,0,0,1286.141581002388
|||;23859,23859,23859.1,23859.1,0,0,0,0,1291.141581002388
|||;23859,23859,23859.1,23859.1,0,0,0,0,1296.141581002388
|||;23859,23859,23859.1,23859.1,0,0,0,0,1301.141581002388
|||;23859,23859,23859.1,23859.1,0,0,0,0,1306.141581002388
|||;23859,23859,23859.1,23859.1,0,0,0,0,1311.141581002388
|||;23859,23859,23859.1,23859.1,0,0,0,0,1316.141581002388
|||;23859,23859,23859.1,23859.1,0,0,0,0,1321.141581002388
|||;23859,23859,23859.1,23859.1,0,0,0,0,1326.141581002388
|||;23859,23859,23859.1,23859.1,0,0,0,0,1331.141581002388
|||;23859,23859,23859.1,23859.1,0,0,0,0,1336.141581002388
|||;23859,23859,23859.1,23859.1,0,0,0,0,1341.141581002388
|||;23859,23859,23859.1,23859.1,0,0,0,0,1346.141581002388
|||;23859,23859,23859.1,23859.1,0,0,0,0,1351.141581002388
|||;23859,23859,23859.1,23859.1,0,0,0,0,1356.141581002388
|||;23859,23859,23859.1,23859.1,0,0,0,0,1361.141581002388
|||;23859,23859,23859.1,23859.1,0,0,0,0,1366.141581002388
|||;23859,23859,23859.1,23859.1,0,0,0,0,1371.141581002388
|||;23859,23859,23859.1,23859.1,0,0,0,0,1376.141581002388
|||;23859,23859,23859.1,23859.1,0,0,0,0,1381.141581002388
|||;23859,23859,23859.1,23859.1,0,0,0,0,1386.141581002388
|||;23859,23859,23859.1,23859.1,0,0,0,0,1391.141581002388
|||;23859,23859,23859.1,23859.1,0,0,0,0,1396.141581002388
|||;23859,23859,23859.1,23859.1,0,0,0,0,1401.141581002388
|||;23859,23859,23859.1,23859.1,0,0,0,0,1406.141581002388
|||;23859,23859,23859.1,23859.1,0,0,0,0,1411.141581002388
|||;23859,23859,23859.1,23859.1,0,0,0,0,1416.141581002388
|||;23859,23859,23859.1,23859.1,0,0,0,0,1421.141581002388
|||;23859,23859,23859.1,23859.1,0,0,0,0,1426.141581002388
|||;23859,23859,23859.1,23859.1,0,0,0,0,1431.141581002388
|||;23859,23859,23859.1,23859.1,0,0,0,0,1436.141581002388
|||;23859,23859,23859.1,23859.1,0,0,0,0,1441.141581002388
|||;23859,23859,23859.1,23859.1,0,0,0,0,1446.141581002388
|||;23859,23859,23859.1,23859.1,0,0,0,0,1451.141581002388
|||;23859,23859,23859.1,23859.1,0,0,0,0,1456.141581002388
|||;23859,23859,23859.1,23859.1,0,0,0,0,1461.141581002388
|||;23859,23859,23859.1,23859.1,0,0,0,0,1466.141581002388
|||;23859,23859,23859.1,23859.1,0,0,0,0,1471.141581002388
|||;23859,23859,23859.1,23859.1,0,0,0,0,1476.141581002388
|||;23859,23859,23859.1,23859.1,0,0,0,0,1481.141581002388
|||;23859,23859,23859.1,23859.1,0,0,0,0,1486.141581002388
|||;23859,23859,23859.1,23859.1,0,0,0,0,1491.141581002388
|||;23859,23859,23859.1,23859.1,0,0,0,0,1496.141581002388
|||;23859,23859,23859.1,23859.1,0,0,0,0,1501.141581002388
|||;23859,23859,23859.1,23859.1,0,0,0,0,1506.141581002388
|||;23859,23859,23859.1,23859.1,0,0,0,0,1511.141581002388
|||;23859,23859,23859.1,23859.1,0,0,0,0,1516.141581002388
|||;23859,23859,23859.1,23859.1,0,0,0,0,1521.141581002388
|||;23859,23859,23859.1,23859.1,0,0,0,0,1526.141581002388
|||;23859,23859,23859.1,23859.1,0,0,0,0,1531.141581002388
|||;23859,23859,23859.1,23859.1,0,0,0,0,1536.141581002388
|||;23859,23859,23859.1,23859.1,0,0,0,0,1541.141581002388
|||;23859,23859,23859.1,23859.1,0,0,0,0,1546.141581002388
|||;23859,23859,23859.1,23859.1,0,0,0,0,1551.141581002388
|||;23859,23859,23859.1,23859.1,0,0,0,0,1556.141581002388
|||;23859,23859,23859.1,23859.1,0,0,0,0,1561.141581002388
|||;23859,23859,23859.1,23859.1,0,0,0,0,1566.141581002388
|||;23859,23859,23859.1,23859.1,0,0,0,0,1571.141581002388
|||;23859,23859,23859.1,23859.1,0,0,0,0,1576.141581002388
|||;23859,23859,23859.1,23859.1,0,0,0,0,1581.141581002388
|||;23859,23859,23859.1,23859.1,0,0,0,0,1586.141581002388
|||;23859,23859,23859.1,23859.1,0,0,0,0,1591.141581002388
|||;23859,23859,23859.1,23859.1,0,0,0,0,1596.141581002388
|||;23859,23859,23859.1,23859.1,0,0,0,0,1601.141581002388
|||;23859,23859,23859.1,23859.1,0,0,0,0,1606.141581002388
|||;23859,23859,23859.1,23859.1,0,0,0,0,1611.141581002388
|||;23859,23859,23859.1,23859.1,0,0,0,0,1616.141581002388
|||;23859,23859,23859.1,23859.1,0,0,0,0,1621.141581002388
|||;23859,23859,23859.1,23859.1,0,0,0,0,1626.141581002388
|||;23859,23859,23859.1,23859.1,0,0,0,0,1631.141581002388
|||;23859,23859,23859.1,23859.1,0,0,0,0,1636.141581002388
|||;23859,23859,23859.1,23859.1,0,0,0,0,1641.141581002388
|||;23859,23859,23859.1,23859.1,0,0,0,0,1646.141581002388
|||;23859,23859,23859.1,23859.1,0,0,0,0,1651.141581002388
|||;23859,23859,23859.1,23859.1,0,0,0,0,1656.141581002388
|||;23859,23859,23859.1,23859.1,0,0,0,0,1661.141581002388
|||;23859,23859,23859.1,23859.1,0,0,0,0,1666.141581002388
|||;23859,23859,23859.1,23859.1,0,0,0,0,1671.141581002388
|||;23859,23859,23859.1,23859.1,0,0,0,0,1676.141581002388
|||;23859,23859,23859.1,23859.1,0,0,0,0,1681.141581002388
|||;23859,23859,23859.1,23859.1,0,0,0,0,1686.141581002388
|||;23859,23859,23859.1,23859.1,0,0,0,0,1691.141581002388
|||;23859,23859,23859.1,23859.1,0,0,0,0,1696.141581002388
|||;23859,23859,23859.1,23859.1,0,0,0,0,1701.141581002388
|||;23859,23859,23859.1,23859.1,0,0,0,0,1706.141581002388
|||;23859,23859,23859.1,23859.1,0,0,0,0,1711.141581002388
|||;23859,23859,23859.1,23859.1,0,0,0,0,1716.141581002388
|||;23859,23859,23859.1,23859.1,0,0,0,0,1721.141581002388
|||;23859,23859,23859.1,23859.1,0,0,0,0,1726.141581002388
|||;23859,23859,23859.1,23859.1,0,0,0,0,1731.141581002388
|||;23859,23859,23859.1,23859.1,0,0,0,0,1736.141581002388
|||;23859,23859,23859.1,23859.1,0,0,0,0,1741.141581002388
|||;23859,23859,23859.1,23859.1,0,0,0,0,1746.141581002388
|||;23859,23859,23859.1,23859.1,0,0,0,0,1751.141581002388
|||;23859,23859,23859.1,23859.1,0,0,0,0,1756.141581002388
|||;23859,23859,23859.1,23859.1,0,0,0,0,1761.141581002388
|||;23859,23859,23859.1,23859.1,0,0,0,0,1766.141581002388
|||;23859,23859,23859.1,23859.1,0,0,0,0,1771.141581002388
|||;23859,23859,23859.1,23859.1,0,0,0,0,1776.141581002388
|||;23859,23859,23859.1,23859.1,0,0,0,0,1781.141581002388
|||;23859,23859,23859.1,23859.1,0,0,0,0,1786.141581002388
|||;23859,23859,23859.1,23859.1,0,0,0,0,1791.141581002388
|||;23859,23859,23859.1,23859.1,0,0,0,0,1796.141581002388
|||;23859,23859,23859.1,23859.1,0,0,0,0,1801.141581002388
|||;23859,23859,23859.1,23859.1,0,0,0,0,1806.141581002388
|||;23859,23859,23859.1,23859.1,0,0,0,0,1811.141581002388
|||;23859,23859,23859.1,23859.1,0,0,0,0,1816.141581002388
|||;23859,23859,23859.1,23859.1,0,0,0,0,1821.141581002388
|||;23859,23859,23859.1,23859.1,0,0,0,0,1826.141581002388
|||;23859,23859,23859.1,23859.1,0,0,0,0,1831.141581002388
|||;23859,23859,23859.1,23859.1,0,0,0,0,1836.141581002388
|||;23859,23859,23859.1,23859.1,0,0,0,0,1841.141581002388
|||;23859,23859,23859.1,23859.1,0,0,0,0,1846.141581002388
|||;23859,23859,23859.1,23859.1,0,0,0,0,1851.141581002388
|||;23859,23859,23859.1,23859.1,0,0,0,0,1856.141581002388
|||;23859,23859,23859.1,23859.1,0,0,0,0,1861.141581002388
|||;23859,23859,23859.1,23859.1,0,0,0,0,1866.141581002388
|||;23859,23859,23859.1,23859.1,0,0,0,0,1871.141581002388
|||;23859,23859,23859.1,23859.1,0,0,0,0,1876.141581002388
|||;23859,23859,23859.1,23859.1,0,0,0,0,1881.141581002388
|||;23859,23859,23859.1,23859.1,0,0,0,0,1886.141581002388
|||;23859,23859,23859.1,23859.1,0,0,0,0,1891.141581002388
|||;23859,23859,23859.1,23859.1,0,0,0,0,1896.141581002388
|||;23859,23859,23859.1,23859.1,0,0,0,0,1901.141581002388
|||;23859,23859,23859.1,23859.1,0,0,0,0,1906.141581002388
|||;23859,23859,23859.1,23859.1,0,0,0,0,1911.141581002388
|||;23859,23859,23859.1,23859.1,0,0,0,0,1916.141581002388
|||;23859,23859,23859.1,23859.1,0,0,0,0,1921.141581002388
|||;23859,23859,23859.1,23859.1,0,0,0,0,1926.141581002388
|||;23859,23859,23859.1,23859.1,0,0,0,0,1931.141581002388
|||;23859,23859,23859.1,23859.1,0,0,0,0,1936.141581002388
|||;23859,23859,23859.1,23859.1,0,0,0,0,1941.141581002388
|||;23859,23859,23859.1,23859.1,0,0,0,0,1946.141581002388
|||;23859,23859,23859.1,23859.1,0,0,0,0,1951.141581002388
|||;23859,23859,23859.1,23859.1,0,0,0,0,1956.141581002388
|||;23859,23859,23859.1,23859.1,0,0,0,0,1961.141581002388
|||;23859,23859,23859.1,23859.1,0,0,0,0,1966.141581002388
|||;23859,23859,23859.1,23859.1,0,0,0,0,1971.141581002388
|||;23859,23859,23859.1,23859.1,0,0,0,0,1976.141581002388
|||;23859,23859,23859.1,23859.1,0,0,0,0,1981.141581002388
|||;23859,23859,23859.1,23859.1,0,0,0,0,1986.141581002388
|||;23859,23859,23859.1,23859.1,0,0,0,0,1991.141581002388
|||;23859,23859,23859.1,23859.1,0,0,0,0,1996.141581002388
|||;25497,25497,25497,25497,0,0,0,0,1.141581002388
|||;26931,26931,26931,26931,0,0,0,0,1.141581002388
|||;26931,26931,26931,26931,0,0,0,0,6.141581002388
|||;19148,19148,19148,19148,0,0,0,0,1.141581002388
|||;19148,19148,19148,19148,0,0,0,0,6.141581002388
227wadyf(2),|||;9215.2,19148,19148,19148,72.362637453579,0,0,0,11.141581002388
227wadyf(2),|||;9215.2,19148,19148,19148,67.362637453579,0,0,0,16.141581002388
227wadyf(2),|||;9215.2,19148,19148,19148,62.362637453579,0,0,0,21.141581002388
227wadyf(2),|||;9215.2,19148,19148,19148,57.362637453579,0,0,0,26.141581002388
227wadyf(2),|||;9215.2,19148,19148,19148,52.362637453579,0,0,0,31.141581002388
227wadyf(2),|||;9215.2,19148,19148,19148,47.362637453579,0,0,0,36.141581002388
227wadyf(2),|||;9215.2,19148,19148,19148,42.362637453579,0,0,0,41.141581002388
227wadyf(2),|||;9215.2,19148,19148,19148,37.362637453579,0,0,0,46.141581002388
227wadyf(2),|||;9215.2,19148,19148,19148,32.362637453579,0,0,0,51.141581002388
227wadyf(2),|||;9215.2,19148,19148,19148,27.362637453579,0,0,0,56.141581002388
|||;19558,19558,19558,19558,0,0,0,0,1.141581002388
|||;19558,19558,19558,19558,0,0,0,0,6.141581002388
|||;19968,19968,19968,19968,0,0,0,0,1.141581002388
|||;31846,31846,31846,31846,0,0,0,0,1.141581002388
|||;27750,27750,27750,27750,0,0,0,0,1.141581002388
|||;25292,25292,25292,25292,0,0,0,0,1.141581002388
|||;26112,26112,26112,26112,0,0,0,0,1.141581002388
|||;26112,26112,26112,26112,0,0,0,0,6.141581002388
|||;20172,20172,20172,20172,0,0,0,0,1.141581002388
|||;37990,37990,37990,37990,0,0,0,0,1.141581002388
|||;18124,18124,18124,18124,0,0,0,0,1.141581002388
|||;18124,18124,18124,18124,0,0,0,0,6.141581002388
|||;24064,24064,24064,24064,0,0,0,0,1.141581002388
|||;24064,24064,24064,24064,0,0,0,0,6.141581002388
|||;24883,24883,24883,24883,0,0,0,0,1.141581002388
