|||;25088,25088,25088,25088,0,0,0,0,1.147798313471
887wvkox(2),941gkuwt(0),|887wvkox(2),731elqok(1),941gkuwt(0),|887wvkox(2),941gkuwt(0),|887wvkox(2),731elqok(1),941gkuwt(0),;20848.6,21708.8,20848.6,21708.8,28.565980095109,26.170636172902,28.565980095109,26.170636172902,6.147798313471
887wvkox(2),941gkuwt(1),|731elqok(2),941gkuwt(1),|887wvkox(2),941gkuwt(1),|731elqok(2),941gkuwt(1),;20848.6,22784,20848.6,22784,23.565980095109,21.170636172902,23.565980095109,21.170636172902,11.147798313471
941gkuwt(2),|941gkuwt(2),|941gkuwt(2),|941gkuwt(2),;22461.4,23337,22461.4,23337,18.565980095109,16.170636172902,18.565980095109,16.170636172902,16.147798313471
941gkuwt(2),|941gkuwt(2),|941gkuwt(2),|941gkuwt(2),;22461.4,23337,22461.4,23337,13.565980095109,11.170636172902,13.565980095109,11.170636172902,21.147798313471
941gkuwt(2),|941gkuwt(3),|941gkuwt(2),|941gkuwt(3),;22461.4,23337,22461.4,23337,8.565980095109,6.170636172902,8.565980095109,6.170636172902,26.147798313471
941gkuwt(3),|941gkuwt(3),|941gkuwt(3),|941gkuwt(3),;22461.4,23337,22461.4,23337,3.565980095109,1.170636172902,3.565980095109,1.170636172902,31.147798313471
941gkuwt(3),|941gkuwt(3),|941gkuwt(3),|941gkuwt(3),;22461.4,23337,22461.4,23337,0,0,0,0,36.147798313471
941gkuwt(3),|941gkuwt(3),|941gkuwt(3),|941gkuwt(3),;22461.4,23337,22461.4,23337,0,0,0,0,41.147798313471
941gkuwt(3),|941gkuwt(3),|941gkuwt(3),|941gkuwt(3),;22461.4,23337,22461.4,23337,0,0,0,0,46.147798313471
|||;25088,25088,25088,25088,0,0,0,0,51.147798313471
|||;25088,25088,25088,25088,0,0,0,0,56.147798313471
|||;25088,25088,25088,25088,0,0,0,0,61.147798313471
|||;25088,25088,25088,25088,0,0,0,0,66.147798313471
54lxgiy(2),|54lxgiy(2),|54lxgiy(2),|54lxgiy(2),;23244.8,23244.8,23859.2,23859.2,8.519296111892,8.519296111892,4.763202977564,4.763202977564,71.147798313471
54lxgiy(2),|54lxgiy(2),||;23244.8,23244.8,25088,25088,3.519296111892,3.519296111892,0,0,76.147798313471
|||;25088,25088,25088,25088,0,0,0,0,81.147798313471
313cwxlk(2),|313cwxlk(2),|313cwxlk(2),|313cwxlk(2),;23260.2,23260.2,23869.4,23869.4,10.611499157805,10.611499157805,6.886706799596,6.886706799596,86.147798313471
313cwxlk(2),|313cwxlk(2),|313cwxlk(2),|313cwxlk(2),;23260.2,23260.2,23869.4,23869.4,5.611499157805,5.611499157805,1.886706799596,1.886706799596,91.147798313471
313cwxlk(2),|313cwxlk(2),||;23260.2,23260.2,25088,25088,0.611499157805,0.611499157805,0,0,96.147798313471
|||;25088,25088,25088,25088,0,0,0,0,101.147798313471
|||;25088,25088,25088,25088,0,0,0,0,106.147798313471
|||;25088,25088,25088,25088,0,0,0,0,111.147798313471
67etmhd(2),299nowhy(1),|512tmrgo(2),|512tmrgo(2),|512tmrgo(2),;12472.3,22179.8,22906.9,22906.9,79.347682106547,17.63468672239,13.189976513435,13.189976513435,116.147798313471
67etmhd(2),299nowhy(1),|512tmrgo(2),148gikdo(1),|512tmrgo(2),148gikdo(1),|512tmrgo(2),148gikdo(1),;12472.3,19891.2,20618.3,19855.4,74.347682106547,29.879478343913,25.434768134958,30.098583776749,121.147798313471
67etmhd(2),299nowhy(1),|512tmrgo(2),148gikdo(1),|512tmrgo(2),148gikdo(1),|512tmrgo(2),148gikdo(1),;12472.3,19891.2,20618.3,19855.4,69.347682106547,24.879478343913,20.434768134958,25.098583776749,126.147798313471
67etmhd(2),299nowhy(1),|512tmrgo(2),148gikdo(1),|148gikdo(2),|148gikdo(2),;12472.3,19891.2,22799.4,22036.5,64.347682106547,19.879478343913,15.434768134958,20.098583776749,131.147798313471
67etmhd(2),299nowhy(1),|148gikdo(2),|148gikdo(2),|148gikdo(2),;12472.3,22799.4,22799.4,22036.5,59.347682106547,14.879478343913,10.434768134958,15.098583776749,136.147798313471
67etmhd(2),299nowhy(1),|148gikdo(2),|148gikdo(2),|148gikdo(2),;12472.3,22799.4,22799.4,22036.5,54.347682106547,9.879478343913,5.434768134958,10.098583776749,141.147798313471
299nowhy(2),|148gikdo(2),||148gikdo(2),;17510.4,22799.4,25088,22036.5,49.347682106547,4.879478343913,0.434768134958,5.098583776749,146.147798313471
299nowhy(2),|||;17510.4,25088,25088,25088,44.347682106547,0,0,0.098583776749,151.147798313471
299nowhy(2),|||;17510.4,25088,25088,25088,39.347682106547,0,0,0,156.147798313471
299nowhy(2),|||;17510.4,25088,25088,25088,34.347682106547,0,0,0,161.147798313471
299nowhy(2),132ilmgb(1),458cdtur(0),|132ilmgb(2),458cdtur(0),|132ilmgb(2),|132ilmgb(2),;11765.8,17889.3,22906.9,22906.9,73.262806985986,46.676255983879,10.123354288887,10.123354288887,166.147798313471
299nowhy(2),132ilmgb(1),458cdtur(1),|132ilmgb(2),458cdtur(1),|132ilmgb(2),|132ilmgb(2),;11765.8,17889.3,22906.9,22906.9,68.262806985986,41.676255983879,5.123354288887,5.123354288887,171.147798313471
299nowhy(2),132ilmgb(1),458cdtur(1),|132ilmgb(2),458cdtur(1),|132ilmgb(2),|132ilmgb(2),;11765.8,17889.3,22906.9,22906.9,63.262806985986,36.676255983879,0.123354288887,0.123354288887,176.147798313471
299nowhy(2),132ilmgb(1),458cdtur(1),|458cdtur(2),||;11765.8,20070.4,25088,25088,58.262806985986,31.676255983879,0,0,181.147798313471
299nowhy(2),132ilmgb(1),458cdtur(1),|458cdtur(2),||;11765.8,20070.4,25088,25088,53.262806985986,26.676255983879,0,0,186.147798313471
132ilmgb(2),458cdtur(1),|458cdtur(2),||;19343.4,20070.4,25088,25088,48.262806985986,21.676255983879,0,0,191.147798313471
132ilmgb(3),458cdtur(2),|458cdtur(2),|185ridqs(0),|185ridqs(0),;19343.4,20070.4,22297.6,22297.6,43.262806985986,16.676255983879,17.321931871993,17.321931871993,196.147798313471
132ilmgb(3),458cdtur(2),|458cdtur(2),|185ridqs(2),|185ridqs(2),;19343.4,20070.4,22297.6,22297.6,38.262806985986,11.676255983879,12.321931871993,12.321931871993,201.147798313471
458cdtur(2),|458cdtur(2),|185ridqs(2),|185ridqs(2),;20070.4,20070.4,22297.6,22297.6,33.262806985986,6.676255983879,7.321931871993,7.321931871993,206.147798313471
458cdtur(2),||185ridqs(2),|185ridqs(2),;20070.4,25088,22297.6,22297.6,28.262806985986,1.676255983879,2.321931871993,2.321931871993,211.147798313471
458cdtur(2),|||;20070.4,25088,25088,25088,23.262806985986,0,0,0,216.147798313471
458cdtur(2),|||;20070.4,25088,25088,25088,18.262806985986,0,0,0,221.147798313471
|||;25088,25088,25088,25088,13.262806985986,0,0,0,226.147798313471
|||;25088,25088,25088,25088,8.262806985986,0,0,0,231.147798313471
|||;25088,25088,25088,25088,3.262806985986,0,0,0,236.147798313471
|||;25088,25088,25088,25088,0,0,0,0,241.147798313471
|||;25088,25088,25088,25088,0,0,0,0,246.147798313471
|779afxdl(2),||;25088,20377.6,25088,25088,0,26.99873157537,0,0,251.147798313471
|779afxdl(2),||;25088,20377.6,25088,25088,0,21.99873157537,0,0,256.147798313471
|779afxdl(2),||;25088,20377.6,25088,25088,0,16.99873157537,0,0,261.147798313471
|779afxdl(2),||;25088,20377.6,25088,25088,0,11.99873157537,0,0,266.147798313471
|779afxdl(2),||;25088,20377.6,25088,25088,0,6.99873157537,0,0,271.147798313471
|779afxdl(2),||;25088,20377.6,25088,25088,0,1.99873157537,0,0,276.147798313471
|||;25088,25088,25088,25088,0,0,0,0,281.147798313471
865tkasx(2),303qtwem(1),304vbxdc(0),746yzjvo(0),|378gzrdu(0),|378gzrdu(0),|378gzrdu(0),;10782.7,22031.4,22031.4,22031.4,96.818138556857,25.840686550441,25.840686550441,25.840686550441,286.147798313471
865tkasx(2),303qtwem(1),304vbxdc(1),746yzjvo(1),|378gzrdu(0),|378gzrdu(0),|378gzrdu(0),;10782.7,22031.4,22031.4,22031.4,91.818138556857,20.840686550441,20.840686550441,20.840686550441,291.147798313471
865tkasx(2),303qtwem(1),304vbxdc(1),746yzjvo(1),|378gzrdu(2),|378gzrdu(2),|378gzrdu(2),;10782.7,22031.4,22031.4,22031.4,86.818138556857,15.840686550441,15.840686550441,15.840686550441,296.147798313471
865tkasx(2),303qtwem(1),304vbxdc(1),746yzjvo(1),|378gzrdu(2),|378gzrdu(2),|378gzrdu(2),;10782.7,22031.4,22031.4,22031.4,81.818138556857,10.840686550441,10.840686550441,10.840686550441,301.147798313471
865tkasx(2),303qtwem(1),304vbxdc(1),746yzjvo(1),|378gzrdu(2),|378gzrdu(2),|378gzrdu(2),;10782.7,22031.4,22031.4,22031.4,76.818138556857,5.840686550441,5.840686550441,5.840686550441,306.147798313471
865tkasx(2),303qtwem(1),304vbxdc(1),746yzjvo(1),|378gzrdu(2),|378gzrdu(2),|378gzrdu(2),;10782.7,22031.4,22031.4,22031.4,71.818138556857,0.840686550441,0.840686550441,0.840686550441,311.147798313471
865tkasx(3),303qtwem(2),304vbxdc(1),746yzjvo(1),|378gzrdu(3),|378gzrdu(3),|378gzrdu(3),;10782.7,22031.4,22031.4,22031.4,66.818138556857,0,0,0,316.147798313471
865tkasx(3),303qtwem(2),304vbxdc(1),746yzjvo(1),|378gzrdu(3),|378gzrdu(3),|378gzrdu(3),;10782.7,22031.4,22031.4,22031.4,61.818138556857,0,0,0,321.147798313471
865tkasx(3),303qtwem(3),304vbxdc(2),746yzjvo(1),|378gzrdu(3),|378gzrdu(3),|378gzrdu(3),;10782.7,22031.4,22031.4,22031.4,56.818138556857,0,0,0,326.147798313471
304vbxdc(2),746yzjvo(1),|||;17387.5,25088,25088,25088,51.818138556857,0,0,0,331.147798313471
304vbxdc(2),746yzjvo(1),|992aukvy(2),|992aukvy(2),|992aukvy(2),;17387.5,22077.4,22077.4,23582.7,46.818138556857,17.576847079003,17.576847079003,8.178418899898,336.147798313471
304vbxdc(2),746yzjvo(1),181inqem(0),|992aukvy(2),|992aukvy(2),|992aukvy(2),;15677.4,22077.4,22077.4,23582.7,58.756708302553,12.576847079003,12.576847079003,3.178418899898,341.147798313471
304vbxdc(2),746yzjvo(1),181inqem(0),|992aukvy(2),|992aukvy(2),|992aukvy(3),;15677.4,22077.4,22077.4,23582.7,53.756708302553,7.576847079003,7.576847079003,0,346.147798313471
304vbxdc(3),746yzjvo(1),181inqem(1),|992aukvy(2),|992aukvy(2),|992aukvy(3),;15677.4,22077.4,22077.4,23582.7,48.756708302553,2.576847079003,2.576847079003,0,351.147798313471
746yzjvo(2),181inqem(1),|992aukvy(3),|992aukvy(3),|992aukvy(3),;19855.3,22077.4,22077.4,23582.7,43.756708302553,0,0,0,356.147798313471
746yzjvo(2),181inqem(1),|992aukvy(3),|992aukvy(3),|992aukvy(3),;19855.3,22077.4,22077.4,23582.7,38.756708302553,0,0,0,361.147798313471
746yzjvo(2),181inqem(1),|992aukvy(3),|992aukvy(3),|992aukvy(3),;19855.3,22077.4,22077.4,23582.7,33.756708302553,0,0,0,366.147798313471
746yzjvo(2),181inqem(1),|992aukvy(3),|992aukvy(3),|;19855.3,22077.4,22077.4,25088,28.756708302553,0,0,0,371.147798313471
181inqem(2),|992aukvy(3),|992aukvy(3),|;23377.9,22077.4,22077.4,25088,23.756708302553,0,0,0,376.147798313471
181inqem(2),|992aukvy(3),|992aukvy(3),|;23377.9,22077.4,22077.4,25088,18.756708302553,0,0,0,381.147798313471
181inqem(3),|||;23377.9,25088,25088,25088,13.756708302553,0,0,0,386.147798313471
181inqem(3),|||;23377.9,25088,25088,25088,8.756708302553,0,0,0,391.147798313471
|||;25088,25088,25088,25088,3.756708302553,0,0,0,396.147798313471
|||;25088,25088,25088,25088,0,0,0,0,401.147798313471
|||;25088,25088,25088,25088,0,0,0,0,406.147798313471
|||;25088,25088,25088,25088,0,0,0,0,411.147798313471
|||;25088,25088,25088,25088,0,0,0,0,416.147798313471
|||;25088,25088,25088,25088,0,0,0,0,421.147798313471
|||;25088,25088,25088,25088,0,0,0,0,426.147798313471
|||;25088,25088,25088,25088,0,0,0,0,431.147798313471
|||;25088,25088,25088,25088,0,0,0,0,436.147798313471
|||;25088,25088,25088,25088,0,0,0,0,441.147798313471
|||;25088,25088,25088,25088,0,0,0,0,446.147798313471
|||;25088,25088,25088,25088,0,0,0,0,451.147798313471
|||;25088,25088,25088,25088,0,0,0,0,456.147798313471
|||;25088,25088,25088,25088,0,0,0,0,461.147798313471
|||;25088,25088,25088,25088,0,0,0,0,466.147798313471
|||;25088,25088,25088,25088,0,0,0,0,471.147798313471
|||;25088,25088,25088,25088,0,0,0,0,476.147798313471
|||;25088,25088,25088,25088,0,0,0,0,481.147798313471
|||;25088,25088,25088,25088,0,0,0,0,486.147798313471
|||;25088,25088,25088,25088,0,0,0,0,491.147798313471
|||;25088,25088,25088,25088,0,0,0,0,496.147798313471
|||;25088,25088,25088,25088,0,0,0,0,501.147798313471
|||;25088,25088,25088,25088,0,0,0,0,506.147798313471
|||;25088,25088,25088,25088,0,0,0,0,511.147798313471
|||;25088,25088,25088,25088,0,0,0,0,516.147798313471
|||;25088,25088,25088,25088,0,0,0,0,521.147798313471
|||;25088,25088,25088,25088,0,0,0,0,526.147798313471
|||;25088,25088,25088,25088,0,0,0,0,531.147798313471
|||;25088,25088,25088,25088,0,0,0,0,536.147798313471
|||;25088,25088,25088,25088,0,0,0,0,541.147798313471
|||;25088,25088,25088,25088,0,0,0,0,546.147798313471
|||;25088,25088,25088,25088,0,0,0,0,551.147798313471
|||;25088,25088,25088,25088,0,0,0,0,556.147798313471
|||;25088,25088,25088,25088,0,0,0,0,561.147798313471
|||;25088,25088,25088,25088,0,0,0,0,566.147798313471
|||;25088,25088,25088,25088,0,0,0,0,571.147798313471
|||;25088,25088,25088,25088,0,0,0,0,576.147798313471
|||;25088,25088,25088,25088,0,0,0,0,581.147798313471
|||;25088,25088,25088,25088,0,0,0,0,586.147798313471
|||;25088,25088,25088,25088,0,0,0,0,591.147798313471
|||;25088,25088,25088,25088,0,0,0,0,596.147798313471
|||;25088,25088,25088,25088,0,0,0,0,601.147798313471
|||;25088,25088,25088,25088,0,0,0,0,606.147798313471
|||;25088,25088,25088,25088,0,0,0,0,611.147798313471
|||;25088,25088,25088,25088,0,0,0,0,616.147798313471
|||;25088,25088,25088,25088,0,0,0,0,621.147798313471
|||;25088,25088,25088,25088,0,0,0,0,626.147798313471
|||;25088,25088,25088,25088,0,0,0,0,631.147798313471
|||;25088,25088,25088,25088,0,0,0,0,636.147798313471
|||;25088,25088,25088,25088,0,0,0,0,641.147798313471
|||;25088,25088,25088,25088,0,0,0,0,646.147798313471
|||;25088,25088,25088,25088,0,0,0,0,651.147798313471
|||;25088,25088,25088,25088,0,0,0,0,656.147798313471
|||;25088,25088,25088,25088,0,0,0,0,661.147798313471
|||;25088,25088,25088,25088,0,0,0,0,666.147798313471
|||;25088,25088,25088,25088,0,0,0,0,671.147798313471
|||;25088,25088,25088,25088,0,0,0,0,676.147798313471
|||;25088,25088,25088,25088,0,0,0,0,681.147798313471
|||;25088,25088,25088,25088,0,0,0,0,686.147798313471
|||;25088,25088,25088,25088,0,0,0,0,691.147798313471
|||;25088,25088,25088,25088,0,0,0,0,696.147798313471
|||;25088,25088,25088,25088,0,0,0,0,701.147798313471
|||;25088,25088,25088,25088,0,0,0,0,706.147798313471
|||;25088,25088,25088,25088,0,0,0,0,711.147798313471
|||;25088,25088,25088,25088,0,0,0,0,716.147798313471
|||;25088,25088,25088,25088,0,0,0,0,721.147798313471
|||;25088,25088,25088,25088,0,0,0,0,726.147798313471
|||;25088,25088,25088,25088,0,0,0,0,731.147798313471
|||;25088,25088,25088,25088,0,0,0,0,736.147798313471
|||;25088,25088,25088,25088,0,0,0,0,741.147798313471
|||;25088,25088,25088,25088,0,0,0,0,746.147798313471
|||;25088,25088,25088,25088,0,0,0,0,751.147798313471
|||;25088,25088,25088,25088,0,0,0,0,756.147798313471
|||;25088,25088,25088,25088,0,0,0,0,761.147798313471
|||;25088,25088,25088,25088,0,0,0,0,766.147798313471
|||;25088,25088,25088,25088,0,0,0,0,771.147798313471
|||;25088,25088,25088,25088,0,0,0,0,776.147798313471
|||;25088,25088,25088,25088,0,0,0,0,781.147798313471
|||;25088,25088,25088,25088,0,0,0,0,786.147798313471
|||;25088,25088,25088,25088,0,0,0,0,791.147798313471
|||;25088,25088,25088,25088,0,0,0,0,796.147798313471
|||;25088,25088,25088,25088,0,0,0,0,801.147798313471
|||;25088,25088,25088,25088,0,0,0,0,806.147798313471
|||;25088,25088,25088,25088,0,0,0,0,811.147798313471
|||;25088,25088,25088,25088,0,0,0,0,816.147798313471
|||;25088,25088,25088,25088,0,0,0,0,821.147798313471
|||;25088,25088,25088,25088,0,0,0,0,826.147798313471
|||;25088,25088,25088,25088,0,0,0,0,831.147798313471
|||;25088,25088,25088,25088,0,0,0,0,836.147798313471
|||;25088,25088,25088,25088,0,0,0,0,841.147798313471
|||;25088,25088,25088,25088,0,0,0,0,846.147798313471
|||;25088,25088,25088,25088,0,0,0,0,851.147798313471
|||;25088,25088,25088,25088,0,0,0,0,856.147798313471
|||;25088,25088,25088,25088,0,0,0,0,861.147798313471
|||;25088,25088,25088,25088,0,0,0,0,866.147798313471
|||;25088,25088,25088,25088,0,0,0,0,871.147798313471
|||;25088,25088,25088,25088,0,0,0,0,876.147798313471
|||;25088,25088,25088,25088,0,0,0,0,881.147798313471
|||;25088,25088,25088,25088,0,0,0,0,886.147798313471
|||;25088,25088,25088,25088,0,0,0,0,891.147798313471
|||;25088,25088,25088,25088,0,0,0,0,896.147798313471
|||;25088,25088,25088,25088,0,0,0,0,901.147798313471
|||;25088,25088,25088,25088,0,0,0,0,906.147798313471
|||;25088,25088,25088,25088,0,0,0,0,911.147798313471
|||;25088,25088,25088,25088,0,0,0,0,916.147798313471
|||;25088,25088,25088,25088,0,0,0,0,921.147798313471
|||;25088,25088,25088,25088,0,0,0,0,926.147798313471
|||;25088,25088,25088,25088,0,0,0,0,931.147798313471
|||;25088,25088,25088,25088,0,0,0,0,936.147798313471
|||;25088,25088,25088,25088,0,0,0,0,941.147798313471
|||;25088,25088,25088,25088,0,0,0,0,946.147798313471
|||;25088,25088,25088,25088,0,0,0,0,951.147798313471
|||;25088,25088,25088,25088,0,0,0,0,956.147798313471
|||;25088,25088,25088,25088,0,0,0,0,961.147798313471
|||;25088,25088,25088,25088,0,0,0,0,966.147798313471
|||;25088,25088,25088,25088,0,0,0,0,971.147798313471
|||;25088,25088,25088,25088,0,0,0,0,976.147798313471
|||;25088,25088,25088,25088,0,0,0,0,981.147798313471
|||;25088,25088,25088,25088,0,0,0,0,986.147798313471
|||;25088,25088,25088,25088,0,0,0,0,991.147798313471
|||;25088,25088,25088,25088,0,0,0,0,996.147798313471
|||;25088,25088,25088,25088,0,0,0,0,1001.147798313471
|||;25088,25088,25088,25088,0,0,0,0,1006.147798313471
|||;25088,25088,25088,25088,0,0,0,0,1011.147798313471
|||;25088,25088,25088,25088,0,0,0,0,1016.147798313471
|||;25088,25088,25088,25088,0,0,0,0,1021.147798313471
|||;25088,25088,25088,25088,0,0,0,0,1026.147798313471
|||;25088,25088,25088,25088,0,0,0,0,1031.147798313471
|||;25088,25088,25088,25088,0,0,0,0,1036.147798313471
|||;25088,25088,25088,25088,0,0,0,0,1041.147798313471
|||;25088,25088,25088,25088,0,0,0,0,1046.147798313471
|||;25088,25088,25088,25088,0,0,0,0,1051.147798313471
|||;25088,25088,25088,25088,0,0,0,0,1056.147798313471
|||;25088,25088,25088,25088,0,0,0,0,1061.147798313471
|||;25088,25088,25088,25088,0,0,0,0,1066.147798313471
|||;25088,25088,25088,25088,0,0,0,0,1071.147798313471
|||;25088,25088,25088,25088,0,0,0,0,1076.147798313471
|||;25088,25088,25088,25088,0,0,0,0,1081.147798313471
|||;25088,25088,25088,25088,0,0,0,0,1086.147798313471
|||;25088,25088,25088,25088,0,0,0,0,1091.147798313471
|||;25088,25088,25088,25088,0,0,0,0,1096.147798313471
|||;25088,25088,25088,25088,0,0,0,0,1101.147798313471
|||;25088,25088,25088,25088,0,0,0,0,1106.147798313471
|||;25088,25088,25088,25088,0,0,0,0,1111.147798313471
|||;25088,25088,25088,25088,0,0,0,0,1116.147798313471
|||;25088,25088,25088,25088,0,0,0,0,1121.147798313471
|||;25088,25088,25088,25088,0,0,0,0,1126.147798313471
|||;25088,25088,25088,25088,0,0,0,0,1131.147798313471
|||;25088,25088,25088,25088,0,0,0,0,1136.147798313471
|||;25088,25088,25088,25088,0,0,0,0,1141.147798313471
|||;25088,25088,25088,25088,0,0,0,0,1146.147798313471
|||;25088,25088,25088,25088,0,0,0,0,1151.147798313471
|||;25088,25088,25088,25088,0,0,0,0,1156.147798313471
|||;25088,25088,25088,25088,0,0,0,0,1161.147798313471
|||;25088,25088,25088,25088,0,0,0,0,1166.147798313471
|||;25088,25088,25088,25088,0,0,0,0,1171.147798313471
|||;25088,25088,25088,25088,0,0,0,0,1176.147798313471
|||;25088,25088,25088,25088,0,0,0,0,1181.147798313471
|||;25088,25088,25088,25088,0,0,0,0,1186.147798313471
|||;25088,25088,25088,25088,0,0,0,0,1191.147798313471
|||;25088,25088,25088,25088,0,0,0,0,1196.147798313471
|||;25088,25088,25088,25088,0,0,0,0,1201.147798313471
|||;25088,25088,25088,25088,0,0,0,0,1206.147798313471
|||;25088,25088,25088,25088,0,0,0,0,1211.147798313471
|||;25088,25088,25088,25088,0,0,0,0,1216.147798313471
|||;25088,25088,25088,25088,0,0,0,0,1221.147798313471
|||;25088,25088,25088,25088,0,0,0,0,1226.147798313471
|||;25088,25088,25088,25088,0,0,0,0,1231.147798313471
|||;25088,25088,25088,25088,0,0,0,0,1236.147798313471
|||;25088,25088,25088,25088,0,0,0,0,1241.147798313471
|||;25088,25088,25088,25088,0,0,0,0,1246.147798313471
|||;25088,25088,25088,25088,0,0,0,0,1251.147798313471
|||;25088,25088,25088,25088,0,0,0,0,1256.147798313471
|||;25088,25088,25088,25088,0,0,0,0,1261.147798313471
|||;25088,25088,25088,25088,0,0,0,0,1266.147798313471
|||;25088,25088,25088,25088,0,0,0,0,1271.147798313471
|||;25088,25088,25088,25088,0,0,0,0,1276.147798313471
|||;25088,25088,25088,25088,0,0,0,0,1281.147798313471
|||;25088,25088,25088,25088,0,0,0,0,1286.147798313471
|||;25088,25088,25088,25088,0,0,0,0,1291.147798313471
|||;25088,25088,25088,25088,0,0,0,0,1296.147798313471
|||;25088,25088,25088,25088,0,0,0,0,1301.147798313471
|||;25088,25088,25088,25088,0,0,0,0,1306.147798313471
|||;25088,25088,25088,25088,0,0,0,0,1311.147798313471
|||;25088,25088,25088,25088,0,0,0,0,1316.147798313471
|||;25088,25088,25088,25088,0,0,0,0,1321.147798313471
|||;25088,25088,25088,25088,0,0,0,0,1326.147798313471
|||;25088,25088,25088,25088,0,0,0,0,1331.147798313471
|||;25088,25088,25088,25088,0,0,0,0,1336.147798313471
|||;25088,25088,25088,25088,0,0,0,0,1341.147798313471
|||;25088,25088,25088,25088,0,0,0,0,1346.147798313471
|||;25088,25088,25088,25088,0,0,0,0,1351.147798313471
|||;25088,25088,25088,25088,0,0,0,0,1356.147798313471
|||;25088,25088,25088,25088,0,0,0,0,1361.147798313471
|||;25088,25088,25088,25088,0,0,0,0,1366.147798313471
|||;25088,25088,25088,25088,0,0,0,0,1371.147798313471
|||;25088,25088,25088,25088,0,0,0,0,1376.147798313471
|||;25088,25088,25088,25088,0,0,0,0,1381.147798313471
|||;25088,25088,25088,25088,0,0,0,0,1386.147798313471
|||;25088,25088,25088,25088,0,0,0,0,1391.147798313471
|||;25088,25088,25088,25088,0,0,0,0,1396.147798313471
|||;25088,25088,25088,25088,0,0,0,0,1401.147798313471
|||;25088,25088,25088,25088,0,0,0,0,1406.147798313471
|||;25088,25088,25088,25088,0,0,0,0,1411.147798313471
|||;25088,25088,25088,25088,0,0,0,0,1416.147798313471
|||;25088,25088,25088,25088,0,0,0,0,1421.147798313471
|||;25088,25088,25088,25088,0,0,0,0,1426.147798313471
|||;25088,25088,25088,25088,0,0,0,0,1431.147798313471
|||;25088,25088,25088,25088,0,0,0,0,1436.147798313471
|||;25088,25088,25088,25088,0,0,0,0,1441.147798313471
|||;25088,25088,25088,25088,0,0,0,0,1446.147798313471
|||;25088,25088,25088,25088,0,0,0,0,1451.147798313471
|||;25088,25088,25088,25088,0,0,0,0,1456.147798313471
|||;25088,25088,25088,25088,0,0,0,0,1461.147798313471
|||;25088,25088,25088,25088,0,0,0,0,1466.147798313471
|||;25088,25088,25088,25088,0,0,0,0,1471.147798313471
|||;25088,25088,25088,25088,0,0,0,0,1476.147798313471
|||;25088,25088,25088,25088,0,0,0,0,1481.147798313471
|||;25088,25088,25088,25088,0,0,0,0,1486.147798313471
|||;25088,25088,25088,25088,0,0,0,0,1491.147798313471
|||;25088,25088,25088,25088,0,0,0,0,1496.147798313471
|||;25088,25088,25088,25088,0,0,0,0,1501.147798313471
|||;25088,25088,25088,25088,0,0,0,0,1506.147798313471
|||;25088,25088,25088,25088,0,0,0,0,1511.147798313471
|||;25088,25088,25088,25088,0,0,0,0,1516.147798313471
|||;25088,25088,25088,25088,0,0,0,0,1521.147798313471
|||;25088,25088,25088,25088,0,0,0,0,1526.147798313471
|||;25088,25088,25088,25088,0,0,0,0,1531.147798313471
|||;25088,25088,25088,25088,0,0,0,0,1536.147798313471
|||;25088,25088,25088,25088,0,0,0,0,1541.147798313471
|||;25088,25088,25088,25088,0,0,0,0,1546.147798313471
|||;25088,25088,25088,25088,0,0,0,0,1551.147798313471
|||;25088,25088,25088,25088,0,0,0,0,1556.147798313471
|||;25088,25088,25088,25088,0,0,0,0,1561.147798313471
|||;25088,25088,25088,25088,0,0,0,0,1566.147798313471
|||;25088,25088,25088,25088,0,0,0,0,1571.147798313471
|||;25088,25088,25088,25088,0,0,0,0,1576.147798313471
|||;25088,25088,25088,25088,0,0,0,0,1581.147798313471
|||;25088,25088,25088,25088,0,0,0,0,1586.147798313471
|||;25088,25088,25088,25088,0,0,0,0,1591.147798313471
|||;25088,25088,25088,25088,0,0,0,0,1596.147798313471
|||;25088,25088,25088,25088,0,0,0,0,1601.147798313471
|||;25088,25088,25088,25088,0,0,0,0,1606.147798313471
|||;25088,25088,25088,25088,0,0,0,0,1611.147798313471
|||;25088,25088,25088,25088,0,0,0,0,1616.147798313471
|||;25088,25088,25088,25088,0,0,0,0,1621.147798313471
|||;25088,25088,25088,25088,0,0,0,0,1626.147798313471
|||;25088,25088,25088,25088,0,0,0,0,1631.147798313471
|||;25088,25088,25088,25088,0,0,0,0,1636.147798313471
|||;25088,25088,25088,25088,0,0,0,0,1641.147798313471
|||;25088,25088,25088,25088,0,0,0,0,1646.147798313471
|||;25088,25088,25088,25088,0,0,0,0,1651.147798313471
|||;25088,25088,25088,25088,0,0,0,0,1656.147798313471
|||;25088,25088,25088,25088,0,0,0,0,1661.147798313471
|||;25088,25088,25088,25088,0,0,0,0,1666.147798313471
|||;25088,25088,25088,25088,0,0,0,0,1671.147798313471
|||;25088,25088,25088,25088,0,0,0,0,1676.147798313471
|||;25088,25088,25088,25088,0,0,0,0,1681.147798313471
|||;25088,25088,25088,25088,0,0,0,0,1686.147798313471
|||;25088,25088,25088,25088,0,0,0,0,1691.147798313471
|||;25088,25088,25088,25088,0,0,0,0,1696.147798313471
|||;25088,25088,25088,25088,0,0,0,0,1701.147798313471
|||;25088,25088,25088,25088,0,0,0,0,1706.147798313471
|||;25088,25088,25088,25088,0,0,0,0,1711.147798313471
|||;25088,25088,25088,25088,0,0,0,0,1716.147798313471
|||;25088,25088,25088,25088,0,0,0,0,1721.147798313471
|||;25088,25088,25088,25088,0,0,0,0,1726.147798313471
|||;25088,25088,25088,25088,0,0,0,0,1731.147798313471
|||;25088,25088,25088,25088,0,0,0,0,1736.147798313471
|||;25088,25088,25088,25088,0,0,0,0,1741.147798313471
|||;25088,25088,25088,25088,0,0,0,0,1746.147798313471
|||;25088,25088,25088,25088,0,0,0,0,1751.147798313471
|||;25088,25088,25088,25088,0,0,0,0,1756.147798313471
|||;25088,25088,25088,25088,0,0,0,0,1761.147798313471
|||;25088,25088,25088,25088,0,0,0,0,1766.147798313471
|||;25088,25088,25088,25088,0,0,0,0,1771.147798313471
|||;25088,25088,25088,25088,0,0,0,0,1776.147798313471
|||;25088,25088,25088,25088,0,0,0,0,1781.147798313471
|||;25088,25088,25088,25088,0,0,0,0,1786.147798313471
|||;25088,25088,25088,25088,0,0,0,0,1791.147798313471
|||;25088,25088,25088,25088,0,0,0,0,1796.147798313471
|||;25088,25088,25088,25088,0,0,0,0,1801.147798313471
|||;25088,25088,25088,25088,0,0,0,0,1806.147798313471
|||;25088,25088,25088,25088,0,0,0,0,1811.147798313471
|||;25088,25088,25088,25088,0,0,0,0,1816.147798313471
|||;25088,25088,25088,25088,0,0,0,0,1821.147798313471
|||;25088,25088,25088,25088,0,0,0,0,1826.147798313471
|||;25088,25088,25088,25088,0,0,0,0,1831.147798313471
|||;25088,25088,25088,25088,0,0,0,0,1836.147798313471
|||;25088,25088,25088,25088,0,0,0,0,1841.147798313471
|||;25088,25088,25088,25088,0,0,0,0,1846.147798313471
|||;25088,25088,25088,25088,0,0,0,0,1851.147798313471
|||;25088,25088,25088,25088,0,0,0,0,1856.147798313471
|||;25088,25088,25088,25088,0,0,0,0,1861.147798313471
|||;25088,25088,25088,25088,0,0,0,0,1866.147798313471
|||;25088,25088,25088,25088,0,0,0,0,1871.147798313471
|||;25088,25088,25088,25088,0,0,0,0,1876.147798313471
|||;25088,25088,25088,25088,0,0,0,0,1881.147798313471
|||;25088,25088,25088,25088,0,0,0,0,1886.147798313471
|||;25088,25088,25088,25088,0,0,0,0,1891.147798313471
|||;25088,25088,25088,25088,0,0,0,0,1896.147798313471
|||;25088,25088,25088,25088,0,0,0,0,1901.147798313471
|||;25088,25088,25088,25088,0,0,0,0,1906.147798313471
|||;25088,25088,25088,25088,0,0,0,0,1911.147798313471
|||;25088,25088,25088,25088,0,0,0,0,1916.147798313471
|||;25088,25088,25088,25088,0,0,0,0,1921.147798313471
|||;25088,25088,25088,25088,0,0,0,0,1926.147798313471
|||;25088,25088,25088,25088,0,0,0,0,1931.147798313471
|||;25088,25088,25088,25088,0,0,0,0,1936.147798313471
|||;25088,25088,25088,25088,0,0,0,0,1941.147798313471
|||;25088,25088,25088,25088,0,0,0,0,1946.147798313471
|||;25088,25088,25088,25088,0,0,0,0,1951.147798313471
|||;25088,25088,25088,25088,0,0,0,0,1956.147798313471
|||;25088,25088,25088,25088,0,0,0,0,1961.147798313471
|||;25088,25088,25088,25088,0,0,0,0,1966.147798313471
|||;25088,25088,25088,25088,0,0,0,0,1971.147798313471
|||;25088,25088,25088,25088,0,0,0,0,1976.147798313471
|||;25088,25088,25088,25088,0,0,0,0,1981.147798313471
|||;25088,25088,25088,25088,0,0,0,0,1986.147798313471
|||;25088,25088,25088,25088,0,0,0,0,1991.147798313471
|||;25088,25088,25088,25088,0,0,0,0,1996.147798313471
|||;35123,35123,35123,35123,0,0,0,0,1.147798313471
|||;29184,29184,29184,29184,0,0,0,0,1.147798313471
|||;29184,29184,29184,29184,0,0,0,0,6.147798313471
|||;37171,37171,37171,37171,0,0,0,0,1.147798313471
410rcjab(0),|369ghxlf(2),|148ncqvf(0),|;27494.2,29798.2,30924.6,37171,47.058048975194,34.596348353069,30.218929126474,0,6.147798313471
410rcjab(2),|369ghxlf(2),|148ncqvf(2),|;27494.2,29798.2,30924.6,37171,42.058048975194,29.596348353069,25.218929126474,0,11.147798313471
410rcjab(2),|369ghxlf(2),|148ncqvf(2),|;27494.2,29798.2,30924.6,37171,37.058048975194,24.596348353069,20.218929126474,0,16.147798313471
410rcjab(2),|369ghxlf(2),|148ncqvf(2),|;27494.2,29798.2,30924.6,37171,32.058048975194,19.596348353069,15.218929126474,0,21.147798313471
410rcjab(2),856kgdfc(1),|369ghxlf(2),|148ncqvf(2),|;19455.8,29798.2,30924.6,37171,68.077131242058,14.596348353069,10.218929126474,0,26.147798313471
410rcjab(2),856kgdfc(1),|369ghxlf(2),|148ncqvf(2),|;19455.8,29798.2,30924.6,37171,63.077131242058,9.596348353069,5.218929126474,0,31.147798313471
410rcjab(2),856kgdfc(1),|369ghxlf(2),|148ncqvf(3),|;19455.8,29798.2,30924.6,37171,58.077131242058,4.596348353069,0.218929126474,0,36.147798313471
410rcjab(2),856kgdfc(1),|369ghxlf(3),|148ncqvf(3),|;19455.8,29798.2,30924.6,37171,53.077131242058,0,0,0,41.147798313471
410rcjab(2),856kgdfc(1),|369ghxlf(3),|148ncqvf(3),|;19455.8,29798.2,30924.6,37171,48.077131242058,0,0,0,46.147798313471
410rcjab(2),856kgdfc(1),|369ghxlf(3),|148ncqvf(3),|;19455.8,29798.2,30924.6,37171,43.077131242058,0,0,0,51.147798313471
410rcjab(3),856kgdfc(2),|369ghxlf(3),|148ncqvf(3),|;19455.8,29798.2,30924.6,37171,38.077131242058,0,0,0,56.147798313471
|||;38195,38195,38195,38195,0,0,0,0,1.147798313471
|||;38195,38195,38195,38195,0,0,0,0,6.147798313471
|||;27340,27340,27340,27340,0,0,0,0,1.147798313471
|||;33894,33894,33894,33894,0,0,0,0,1.147798313471
|||;25702,25702,25702,25702,0,0,0,0,1.147798313471
|||;35532,35532,35532,35532,0,0,0,0,1.147798313471
|||;37171,37171,37171,37171,0,0,0,0,1.147798313471
|||;37171,37171,37171,37171,0,0,0,0,6.147798313471
|||;32256,32256,32256,32256,0,0,0,0,1.147798313471
|||;36147,36147,36147,36147,0,0,0,0,1.147798313471
|||;36761,36761,36761,36761,0,0,0,0,1.147798313471
|||;36761,36761,36761,36761,0,0,0,0,6.147798313471
|||;26521,26521,26521,26521,0,0,0,0,1.147798313471
|||;26521,26521,26521,26521,0,0,0,0,6.147798313471
|||;35328,35328,35328,35328,0,0,0,0,1.147798313471
