|||;33280,33280,33280,33280,0,0,0,0,1.191655891554
91vjeut(2),748thqkg(1),|91vjeut(2),748thqkg(1),|91vjeut(2),748thqkg(1),|91vjeut(2),748thqkg(1),;31605.8,31098.9,31605.8,31098.9,14.481294751841,18.126916269082,14.481294751841,18.126916269082,6.191655891554
91vjeut(2),748thqkg(1),|91vjeut(3),748thqkg(2),|91vjeut(2),748thqkg(1),|91vjeut(3),748thqkg(2),;31605.8,31098.9,31605.8,31098.9,9.481294751841,13.126916269082,9.481294751841,13.126916269082,11.191655891554
91vjeut(3),748thqkg(2),|91vjeut(3),748thqkg(2),|91vjeut(3),748thqkg(2),|91vjeut(3),748thqkg(2),;31605.8,31098.9,31605.8,31098.9,4.481294751841,8.126916269082,4.481294751841,8.126916269082,16.191655891554
748thqkg(3),|748thqkg(2),|748thqkg(3),|748thqkg(2),;32742.4,31667.2,32742.4,31667.2,0,3.126916269082,0,3.126916269082,21.191655891554
748thqkg(3),|748thqkg(3),|748thqkg(3),|748thqkg(3),;32742.4,31667.2,32742.4,31667.2,0,0,0,0,26.191655891554
748thqkg(3),|748thqkg(3),|748thqkg(3),|748thqkg(3),;32742.4,31667.2,32742.4,31667.2,0,0,0,0,31.191655891554
748thqkg(3),|748thqkg(3),|748thqkg(3),|748thqkg(3),;32742.4,31667.2,32742.4,31667.2,0,0,0,0,36.191655891554
748thqkg(3),|748thqkg(3),|748thqkg(3),|748thqkg(3),;32742.4,31667.2,32742.4,31667.2,0,0,0,0,41.191655891554
748thqkg(3),|748thqkg(3),|748thqkg(3),|748thqkg(3),;32742.4,31667.2,32742.4,31667.2,0,0,0,0,46.191655891554
748thqkg(3),|748thqkg(3),|748thqkg(3),|748thqkg(3),;32742.4,31667.2,32742.4,31667.2,0,0,0,0,51.191655891554
|||;33280,33280,33280,33280,0,0,0,0,56.191655891554
|||;33280,33280,33280,33280,0,0,0,0,61.191655891554
|||;33280,33280,33280,33280,0,0,0,0,66.191655891554
|||;33280,33280,33280,33280,0,0,0,0,71.191655891554
|||;33280,33280,33280,33280,0,0,0,0,76.191655891554
|||;33280,33280,33280,33280,0,0,0,0,81.191655891554
|||;33280,33280,33280,33280,0,0,0,0,86.191655891554
|||;33280,33280,33280,33280,0,0,0,0,91.191655891554
|||;33280,33280,33280,33280,0,0,0,0,96.191655891554
|||;33280,33280,33280,33280,0,0,0,0,101.191655891554
639dzokn(2),|||;27719.7,33280,33280,33280,39.312352873451,0,0,0,106.191655891554
639dzokn(2),|||;27719.7,33280,33280,33280,34.312352873451,0,0,0,111.191655891554
639dzokn(2),|||;27719.7,33280,33280,33280,29.312352873451,0,0,0,116.191655891554
639dzokn(2),|||;27719.7,33280,33280,33280,24.312352873451,0,0,0,121.191655891554
639dzokn(2),|||;27719.7,33280,33280,33280,19.312352873451,0,0,0,126.191655891554
639dzokn(2),|||;27719.7,33280,33280,33280,14.312352873451,0,0,0,131.191655891554
639dzokn(2),|||;27719.7,33280,33280,33280,9.312352873451,0,0,0,136.191655891554
639dzokn(2),|||;27719.7,33280,33280,33280,4.312352873451,0,0,0,141.191655891554
|||;33280,33280,33280,33280,0,0,0,0,146.191655891554
|||;33280,33280,33280,33280,0,0,0,0,151.191655891554
|||;33280,33280,33280,33280,0,0,0,0,156.191655891554
|||;33280,33280,33280,33280,0,0,0,0,161.191655891554
|||;33280,33280,33280,33280,0,0,0,0,166.191655891554
|||;33280,33280,33280,33280,0,0,0,0,171.191655891554
|||;33280,33280,33280,33280,0,0,0,0,176.191655891554
|||;33280,33280,33280,33280,0,0,0,0,181.191655891554
|||;33280,33280,33280,33280,0,0,0,0,186.191655891554
|||;33280,33280,33280,33280,0,0,0,0,191.191655891554
|||;33280,33280,33280,33280,0,0,0,0,196.191655891554
|||;33280,33280,33280,33280,0,0,0,0,201.191655891554
|||;33280,33280,33280,33280,0,0,0,0,206.191655891554
|||;33280,33280,33280,33280,0,0,0,0,211.191655891554
|||;33280,33280,33280,33280,0,0,0,0,216.191655891554
|||;33280,33280,33280,33280,0,0,0,0,221.191655891554
|||;33280,33280,33280,33280,0,0,0,0,226.191655891554
|||;33280,33280,33280,33280,0,0,0,0,231.191655891554
|||;33280,33280,33280,33280,0,0,0,0,236.191655891554
|||;33280,33280,33280,33280,0,0,0,0,241.191655891554
|||;33280,33280,33280,33280,0,0,0,0,246.191655891554
|||;33280,33280,33280,33280,0,0,0,0,251.191655891554
|||;33280,33280,33280,33280,0,0,0,0,256.191655891554
|||;33280,33280,33280,33280,0,0,0,0,261.191655891554
|||;33280,33280,33280,33280,0,0,0,0,266.191655891554
|||;33280,33280,33280,33280,0,0,0,0,271.191655891554
|||;33280,33280,33280,33280,0,0,0,0,276.191655891554
|||;33280,33280,33280,33280,0,0,0,0,281.191655891554
|||;33280,33280,33280,33280,0,0,0,0,286.191655891554
|||;33280,33280,33280,33280,0,0,0,0,291.191655891554
|||;33280,33280,33280,33280,0,0,0,0,296.191655891554
|||;33280,33280,33280,33280,0,0,0,0,301.191655891554
|||;33280,33280,33280,33280,0,0,0,0,306.191655891554
|||;33280,33280,33280,33280,0,0,0,0,311.191655891554
|||;33280,33280,33280,33280,0,0,0,0,316.191655891554
|||;33280,33280,33280,33280,0,0,0,0,321.191655891554
|||;33280,33280,33280,33280,0,0,0,0,326.191655891554
|||;33280,33280,33280,33280,0,0,0,0,331.191655891554
|||;33280,33280,33280,33280,0,0,0,0,336.191655891554
|||;33280,33280,33280,33280,0,0,0,0,341.191655891554
|||;33280,33280,33280,33280,0,0,0,0,346.191655891554
|||;33280,33280,33280,33280,0,0,0,0,351.191655891554
|||;33280,33280,33280,33280,0,0,0,0,356.191655891554
|||;33280,33280,33280,33280,0,0,0,0,361.191655891554
|||;33280,33280,33280,33280,0,0,0,0,366.191655891554
|||;33280,33280,33280,33280,0,0,0,0,371.191655891554
|||;33280,33280,33280,33280,0,0,0,0,376.191655891554
|||;33280,33280,33280,33280,0,0,0,0,381.191655891554
|||;33280,33280,33280,33280,0,0,0,0,386.191655891554
|||;33280,33280,33280,33280,0,0,0,0,391.191655891554
|||;33280,33280,33280,33280,0,0,0,0,396.191655891554
|||;33280,33280,33280,33280,0,0,0,0,401.191655891554
|||;33280,33280,33280,33280,0,0,0,0,406.191655891554
|||;33280,33280,33280,33280,0,0,0,0,411.191655891554
|||;33280,33280,33280,33280,0,0,0,0,416.191655891554
|||;33280,33280,33280,33280,0,0,0,0,421.191655891554
|||;33280,33280,33280,33280,0,0,0,0,426.191655891554
|||;33280,33280,33280,33280,0,0,0,0,431.191655891554
|||;33280,33280,33280,33280,0,0,0,0,436.191655891554
|||;33280,33280,33280,33280,0,0,0,0,441.191655891554
|||;33280,33280,33280,33280,0,0,0,0,446.191655891554
|||;33280,33280,33280,33280,0,0,0,0,451.191655891554
|||;33280,33280,33280,33280,0,0,0,0,456.191655891554
|||;33280,33280,33280,33280,0,0,0,0,461.191655891554
|||;33280,33280,33280,33280,0,0,0,0,466.191655891554
|||;33280,33280,33280,33280,0,0,0,0,471.191655891554
|||;33280,33280,33280,33280,0,0,0,0,476.191655891554
|||;33280,33280,33280,33280,0,0,0,0,481.191655891554
|||;33280,33280,33280,33280,0,0,0,0,486.191655891554
|||;33280,33280,33280,33280,0,0,0,0,491.191655891554
|||;33280,33280,33280,33280,0,0,0,0,496.191655891554
|||;33280,33280,33280,33280,0,0,0,0,501.191655891554
|||;33280,33280,33280,33280,0,0,0,0,506.191655891554
|||;33280,33280,33280,33280,0,0,0,0,511.191655891554
|||;33280,33280,33280,33280,0,0,0,0,516.191655891554
|||;33280,33280,33280,33280,0,0,0,0,521.191655891554
|||;33280,33280,33280,33280,0,0,0,0,526.191655891554
|||;33280,33280,33280,33280,0,0,0,0,531.191655891554
|||;33280,33280,33280,33280,0,0,0,0,536.191655891554
|||;33280,33280,33280,33280,0,0,0,0,541.191655891554
|||;33280,33280,33280,33280,0,0,0,0,546.191655891554
|||;33280,33280,33280,33280,0,0,0,0,551.191655891554
|||;33280,33280,33280,33280,0,0,0,0,556.191655891554
|||;33280,33280,33280,33280,0,0,0,0,561.191655891554
|||;33280,33280,33280,33280,0,0,0,0,566.191655891554
|||;33280,33280,33280,33280,0,0,0,0,571.191655891554
|||;33280,33280,33280,33280,0,0,0,0,576.191655891554
|||;33280,33280,33280,33280,0,0,0,0,581.191655891554
|||;33280,33280,33280,33280,0,0,0,0,586.191655891554
|||;33280,33280,33280,33280,0,0,0,0,591.191655891554
|||;33280,33280,33280,33280,0,0,0,0,596.191655891554
|||;33280,33280,33280,33280,0,0,0,0,601.191655891554
|||;33280,33280,33280,33280,0,0,0,0,606.191655891554
|||;33280,33280,33280,33280,0,0,0,0,611.191655891554
|||;33280,33280,33280,33280,0,0,0,0,616.191655891554
|||;33280,33280,33280,33280,0,0,0,0,621.191655891554
|||;33280,33280,33280,33280,0,0,0,0,626.191655891554
|||;33280,33280,33280,33280,0,0,0,0,631.191655891554
|||;33280,33280,33280,33280,0,0,0,0,636.191655891554
|||;33280,33280,33280,33280,0,0,0,0,641.191655891554
|||;33280,33280,33280,33280,0,0,0,0,646.191655891554
|||;33280,33280,33280,33280,0,0,0,0,651.191655891554
|||;33280,33280,33280,33280,0,0,0,0,656.191655891554
|||;33280,33280,33280,33280,0,0,0,0,661.191655891554
|||;33280,33280,33280,33280,0,0,0,0,666.191655891554
|||;33280,33280,33280,33280,0,0,0,0,671.191655891554
|||;33280,33280,33280,33280,0,0,0,0,676.191655891554
|||;33280,33280,33280,33280,0,0,0,0,681.191655891554
|||;33280,33280,33280,33280,0,0,0,0,686.191655891554
|||;33280,33280,33280,33280,0,0,0,0,691.191655891554
|||;33280,33280,33280,33280,0,0,0,0,696.191655891554
|||;33280,33280,33280,33280,0,0,0,0,701.191655891554
|||;33280,33280,33280,33280,0,0,0,0,706.191655891554
|||;33280,33280,33280,33280,0,0,0,0,711.191655891554
|||;33280,33280,33280,33280,0,0,0,0,716.191655891554
|||;33280,33280,33280,33280,0,0,0,0,721.191655891554
|||;33280,33280,33280,33280,0,0,0,0,726.191655891554
|||;33280,33280,33280,33280,0,0,0,0,731.191655891554
|||;33280,33280,33280,33280,0,0,0,0,736.191655891554
|||;33280,33280,33280,33280,0,0,0,0,741.191655891554
|||;33280,33280,33280,33280,0,0,0,0,746.191655891554
|||;33280,33280,33280,33280,0,0,0,0,751.191655891554
|||;33280,33280,33280,33280,0,0,0,0,756.191655891554
|||;33280,33280,33280,33280,0,0,0,0,761.191655891554
|||;33280,33280,33280,33280,0,0,0,0,766.191655891554
|||;33280,33280,33280,33280,0,0,0,0,771.191655891554
|||;33280,33280,33280,33280,0,0,0,0,776.191655891554
|||;33280,33280,33280,33280,0,0,0,0,781.191655891554
|||;33280,33280,33280,33280,0,0,0,0,786.191655891554
|||;33280,33280,33280,33280,0,0,0,0,791.191655891554
|||;33280,33280,33280,33280,0,0,0,0,796.191655891554
|||;33280,33280,33280,33280,0,0,0,0,801.191655891554
|||;33280,33280,33280,33280,0,0,0,0,806.191655891554
|||;33280,33280,33280,33280,0,0,0,0,811.191655891554
|||;33280,33280,33280,33280,0,0,0,0,816.191655891554
|||;33280,33280,33280,33280,0,0,0,0,821.191655891554
|||;33280,33280,33280,33280,0,0,0,0,826.191655891554
|||;33280,33280,33280,33280,0,0,0,0,831.191655891554
|||;33280,33280,33280,33280,0,0,0,0,836.191655891554
|||;33280,33280,33280,33280,0,0,0,0,841.191655891554
|||;33280,33280,33280,33280,0,0,0,0,846.191655891554
|||;33280,33280,33280,33280,0,0,0,0,851.191655891554
|||;33280,33280,33280,33280,0,0,0,0,856.191655891554
|||;33280,33280,33280,33280,0,0,0,0,861.191655891554
|||;33280,33280,33280,33280,0,0,0,0,866.191655891554
|||;33280,33280,33280,33280,0,0,0,0,871.191655891554
|||;33280,33280,33280,33280,0,0,0,0,876.191655891554
|||;33280,33280,33280,33280,0,0,0,0,881.191655891554
|||;33280,33280,33280,33280,0,0,0,0,886.191655891554
|||;33280,33280,33280,33280,0,0,0,0,891.191655891554
|||;33280,33280,33280,33280,0,0,0,0,896.191655891554
|||;33280,33280,33280,33280,0,0,0,0,901.191655891554
|||;33280,33280,33280,33280,0,0,0,0,906.191655891554
|||;33280,33280,33280,33280,0,0,0,0,911.191655891554
|||;33280,33280,33280,33280,0,0,0,0,916.191655891554
|||;33280,33280,33280,33280,0,0,0,0,921.191655891554
|||;33280,33280,33280,33280,0,0,0,0,926.191655891554
|||;33280,33280,33280,33280,0,0,0,0,931.191655891554
|||;33280,33280,33280,33280,0,0,0,0,936.191655891554
|||;33280,33280,33280,33280,0,0,0,0,941.191655891554
|||;33280,33280,33280,33280,0,0,0,0,946.191655891554
|||;33280,33280,33280,33280,0,0,0,0,951.191655891554
|||;33280,33280,33280,33280,0,0,0,0,956.191655891554
|||;33280,33280,33280,33280,0,0,0,0,961.191655891554
|||;33280,33280,33280,33280,0,0,0,0,966.191655891554
|||;33280,33280,33280,33280,0,0,0,0,971.191655891554
|||;33280,33280,33280,33280,0,0,0,0,976.191655891554
|||;33280,33280,33280,33280,0,0,0,0,981.191655891554
|||;33280,33280,33280,33280,0,0,0,0,986.191655891554
|||;33280,33280,33280,33280,0,0,0,0,991.191655891554
|||;33280,33280,33280,33280,0,0,0,0,996.191655891554
|||;33280,33280,33280,33280,0,0,0,0,1001.191655891554
|||;33280,33280,33280,33280,0,0,0,0,1006.191655891554
|||;33280,33280,33280,33280,0,0,0,0,1011.191655891554
|||;33280,33280,33280,33280,0,0,0,0,1016.191655891554
|||;33280,33280,33280,33280,0,0,0,0,1021.191655891554
|||;33280,33280,33280,33280,0,0,0,0,1026.191655891554
|||;33280,33280,33280,33280,0,0,0,0,1031.191655891554
|||;33280,33280,33280,33280,0,0,0,0,1036.191655891554
|||;33280,33280,33280,33280,0,0,0,0,1041.191655891554
|||;33280,33280,33280,33280,0,0,0,0,1046.191655891554
|||;33280,33280,33280,33280,0,0,0,0,1051.191655891554
|||;33280,33280,33280,33280,0,0,0,0,1056.191655891554
|||;33280,33280,33280,33280,0,0,0,0,1061.191655891554
|||;33280,33280,33280,33280,0,0,0,0,1066.191655891554
|||;33280,33280,33280,33280,0,0,0,0,1071.191655891554
|||;33280,33280,33280,33280,0,0,0,0,1076.191655891554
|||;33280,33280,33280,33280,0,0,0,0,1081.191655891554
|||;33280,33280,33280,33280,0,0,0,0,1086.191655891554
|||;33280,33280,33280,33280,0,0,0,0,1091.191655891554
|||;33280,33280,33280,33280,0,0,0,0,1096.191655891554
|||;33280,33280,33280,33280,0,0,0,0,1101.191655891554
|||;33280,33280,33280,33280,0,0,0,0,1106.191655891554
|||;33280,33280,33280,33280,0,0,0,0,1111.191655891554
|||;33280,33280,33280,33280,0,0,0,0,1116.191655891554
|||;33280,33280,33280,33280,0,0,0,0,1121.191655891554
|||;33280,33280,33280,33280,0,0,0,0,1126.191655891554
|||;33280,33280,33280,33280,0,0,0,0,1131.191655891554
|||;33280,33280,33280,33280,0,0,0,0,1136.191655891554
|||;33280,33280,33280,33280,0,0,0,0,1141.191655891554
|||;33280,33280,33280,33280,0,0,0,0,1146.191655891554
|||;33280,33280,33280,33280,0,0,0,0,1151.191655891554
|||;33280,33280,33280,33280,0,0,0,0,1156.191655891554
|||;33280,33280,33280,33280,0,0,0,0,1161.191655891554
|||;33280,33280,33280,33280,0,0,0,0,1166.191655891554
|||;33280,33280,33280,33280,0,0,0,0,1171.191655891554
|||;33280,33280,33280,33280,0,0,0,0,1176.191655891554
|||;33280,33280,33280,33280,0,0,0,0,1181.191655891554
|||;33280,33280,33280,33280,0,0,0,0,1186.191655891554
|||;33280,33280,33280,33280,0,0,0,0,1191.191655891554
|||;33280,33280,33280,33280,0,0,0,0,1196.191655891554
|||;33280,33280,33280,33280,0,0,0,0,1201.191655891554
|||;33280,33280,33280,33280,0,0,0,0,1206.191655891554
|||;33280,33280,33280,33280,0,0,0,0,1211.191655891554
|||;33280,33280,33280,33280,0,0,0,0,1216.191655891554
|||;33280,33280,33280,33280,0,0,0,0,1221.191655891554
|||;33280,33280,33280,33280,0,0,0,0,1226.191655891554
|||;33280,33280,33280,33280,0,0,0,0,1231.191655891554
|||;33280,33280,33280,33280,0,0,0,0,1236.191655891554
|||;33280,33280,33280,33280,0,0,0,0,1241.191655891554
|||;33280,33280,33280,33280,0,0,0,0,1246.191655891554
|||;33280,33280,33280,33280,0,0,0,0,1251.191655891554
|||;33280,33280,33280,33280,0,0,0,0,1256.191655891554
|||;33280,33280,33280,33280,0,0,0,0,1261.191655891554
|||;33280,33280,33280,33280,0,0,0,0,1266.191655891554
|||;33280,33280,33280,33280,0,0,0,0,1271.191655891554
|||;33280,33280,33280,33280,0,0,0,0,1276.191655891554
|||;33280,33280,33280,33280,0,0,0,0,1281.191655891554
|||;33280,33280,33280,33280,0,0,0,0,1286.191655891554
|||;33280,33280,33280,33280,0,0,0,0,1291.191655891554
|||;33280,33280,33280,33280,0,0,0,0,1296.191655891554
|||;33280,33280,33280,33280,0,0,0,0,1301.191655891554
|||;33280,33280,33280,33280,0,0,0,0,1306.191655891554
|||;33280,33280,33280,33280,0,0,0,0,1311.191655891554
|||;33280,33280,33280,33280,0,0,0,0,1316.191655891554
|||;33280,33280,33280,33280,0,0,0,0,1321.191655891554
|||;33280,33280,33280,33280,0,0,0,0,1326.191655891554
|||;33280,33280,33280,33280,0,0,0,0,1331.191655891554
|||;33280,33280,33280,33280,0,0,0,0,1336.191655891554
|||;33280,33280,33280,33280,0,0,0,0,1341.191655891554
|||;33280,33280,33280,33280,0,0,0,0,1346.191655891554
|||;33280,33280,33280,33280,0,0,0,0,1351.191655891554
|||;33280,33280,33280,33280,0,0,0,0,1356.191655891554
|||;33280,33280,33280,33280,0,0,0,0,1361.191655891554
|||;33280,33280,33280,33280,0,0,0,0,1366.191655891554
|||;33280,33280,33280,33280,0,0,0,0,1371.191655891554
|||;33280,33280,33280,33280,0,0,0,0,1376.191655891554
|||;33280,33280,33280,33280,0,0,0,0,1381.191655891554
|||;33280,33280,33280,33280,0,0,0,0,1386.191655891554
|||;33280,33280,33280,33280,0,0,0,0,1391.191655891554
|||;33280,33280,33280,33280,0,0,0,0,1396.191655891554
|||;33280,33280,33280,33280,0,0,0,0,1401.191655891554
|||;33280,33280,33280,33280,0,0,0,0,1406.191655891554
|||;33280,33280,33280,33280,0,0,0,0,1411.191655891554
|||;33280,33280,33280,33280,0,0,0,0,1416.191655891554
|||;33280,33280,33280,33280,0,0,0,0,1421.191655891554
|||;33280,33280,33280,33280,0,0,0,0,1426.191655891554
|||;33280,33280,33280,33280,0,0,0,0,1431.191655891554
|||;33280,33280,33280,33280,0,0,0,0,1436.191655891554
|||;33280,33280,33280,33280,0,0,0,0,1441.191655891554
|||;33280,33280,33280,33280,0,0,0,0,1446.191655891554
|||;33280,33280,33280,33280,0,0,0,0,1451.191655891554
|||;33280,33280,33280,33280,0,0,0,0,1456.191655891554
|||;33280,33280,33280,33280,0,0,0,0,1461.191655891554
|||;33280,33280,33280,33280,0,0,0,0,1466.191655891554
|||;33280,33280,33280,33280,0,0,0,0,1471.191655891554
|||;33280,33280,33280,33280,0,0,0,0,1476.191655891554
|||;33280,33280,33280,33280,0,0,0,0,1481.191655891554
|||;33280,33280,33280,33280,0,0,0,0,1486.191655891554
|||;33280,33280,33280,33280,0,0,0,0,1491.191655891554
|||;33280,33280,33280,33280,0,0,0,0,1496.191655891554
|||;33280,33280,33280,33280,0,0,0,0,1501.191655891554
|||;33280,33280,33280,33280,0,0,0,0,1506.191655891554
|||;33280,33280,33280,33280,0,0,0,0,1511.191655891554
|||;33280,33280,33280,33280,0,0,0,0,1516.191655891554
|||;33280,33280,33280,33280,0,0,0,0,1521.191655891554
|||;33280,33280,33280,33280,0,0,0,0,1526.191655891554
|||;33280,33280,33280,33280,0,0,0,0,1531.191655891554
|||;33280,33280,33280,33280,0,0,0,0,1536.191655891554
|||;33280,33280,33280,33280,0,0,0,0,1541.191655891554
|||;33280,33280,33280,33280,0,0,0,0,1546.191655891554
|||;33280,33280,33280,33280,0,0,0,0,1551.191655891554
|||;33280,33280,33280,33280,0,0,0,0,1556.191655891554
|||;33280,33280,33280,33280,0,0,0,0,1561.191655891554
|||;33280,33280,33280,33280,0,0,0,0,1566.191655891554
|||;33280,33280,33280,33280,0,0,0,0,1571.191655891554
|||;33280,33280,33280,33280,0,0,0,0,1576.191655891554
|||;33280,33280,33280,33280,0,0,0,0,1581.191655891554
|||;33280,33280,33280,33280,0,0,0,0,1586.191655891554
|||;33280,33280,33280,33280,0,0,0,0,1591.191655891554
|||;33280,33280,33280,33280,0,0,0,0,1596.191655891554
|||;33280,33280,33280,33280,0,0,0,0,1601.191655891554
|||;33280,33280,33280,33280,0,0,0,0,1606.191655891554
|||;33280,33280,33280,33280,0,0,0,0,1611.191655891554
|||;33280,33280,33280,33280,0,0,0,0,1616.191655891554
|||;33280,33280,33280,33280,0,0,0,0,1621.191655891554
|||;33280,33280,33280,33280,0,0,0,0,1626.191655891554
|||;33280,33280,33280,33280,0,0,0,0,1631.191655891554
|||;33280,33280,33280,33280,0,0,0,0,1636.191655891554
|||;33280,33280,33280,33280,0,0,0,0,1641.191655891554
|||;33280,33280,33280,33280,0,0,0,0,1646.191655891554
|||;33280,33280,33280,33280,0,0,0,0,1651.191655891554
|||;33280,33280,33280,33280,0,0,0,0,1656.191655891554
|||;33280,33280,33280,33280,0,0,0,0,1661.191655891554
|||;33280,33280,33280,33280,0,0,0,0,1666.191655891554
|||;33280,33280,33280,33280,0,0,0,0,1671.191655891554
|||;33280,33280,33280,33280,0,0,0,0,1676.191655891554
|||;33280,33280,33280,33280,0,0,0,0,1681.191655891554
|||;33280,33280,33280,33280,0,0,0,0,1686.191655891554
|||;33280,33280,33280,33280,0,0,0,0,1691.191655891554
|||;33280,33280,33280,33280,0,0,0,0,1696.191655891554
|||;33280,33280,33280,33280,0,0,0,0,1701.191655891554
|||;33280,33280,33280,33280,0,0,0,0,1706.191655891554
|||;33280,33280,33280,33280,0,0,0,0,1711.191655891554
|||;33280,33280,33280,33280,0,0,0,0,1716.191655891554
|||;33280,33280,33280,33280,0,0,0,0,1721.191655891554
|||;33280,33280,33280,33280,0,0,0,0,1726.191655891554
|||;33280,33280,33280,33280,0,0,0,0,1731.191655891554
|||;33280,33280,33280,33280,0,0,0,0,1736.191655891554
|||;33280,33280,33280,33280,0,0,0,0,1741.191655891554
|||;33280,33280,33280,33280,0,0,0,0,1746.191655891554
|||;33280,33280,33280,33280,0,0,0,0,1751.191655891554
|||;33280,33280,33280,33280,0,0,0,0,1756.191655891554
|||;33280,33280,33280,33280,0,0,0,0,1761.191655891554
|||;33280,33280,33280,33280,0,0,0,0,1766.191655891554
|||;33280,33280,33280,33280,0,0,0,0,1771.191655891554
|||;33280,33280,33280,33280,0,0,0,0,1776.191655891554
|||;33280,33280,33280,33280,0,0,0,0,1781.191655891554
|||;33280,33280,33280,33280,0,0,0,0,1786.191655891554
|||;33280,33280,33280,33280,0,0,0,0,1791.191655891554
|||;33280,33280,33280,33280,0,0,0,0,1796.191655891554
|||;33280,33280,33280,33280,0,0,0,0,1801.191655891554
|||;33280,33280,33280,33280,0,0,0,0,1806.191655891554
|||;33280,33280,33280,33280,0,0,0,0,1811.191655891554
|||;33280,33280,33280,33280,0,0,0,0,1816.191655891554
|||;33280,33280,33280,33280,0,0,0,0,1821.191655891554
|||;33280,33280,33280,33280,0,0,0,0,1826.191655891554
|||;33280,33280,33280,33280,0,0,0,0,1831.191655891554
|||;33280,33280,33280,33280,0,0,0,0,1836.191655891554
|||;33280,33280,33280,33280,0,0,0,0,1841.191655891554
|||;33280,33280,33280,33280,0,0,0,0,1846.191655891554
|||;33280,33280,33280,33280,0,0,0,0,1851.191655891554
|||;33280,33280,33280,33280,0,0,0,0,1856.191655891554
|||;33280,33280,33280,33280,0,0,0,0,1861.191655891554
|||;33280,33280,33280,33280,0,0,0,0,1866.191655891554
|||;33280,33280,33280,33280,0,0,0,0,1871.191655891554
|||;33280,33280,33280,33280,0,0,0,0,1876.191655891554
|||;33280,33280,33280,33280,0,0,0,0,1881.191655891554
|||;33280,33280,33280,33280,0,0,0,0,1886.191655891554
|||;33280,33280,33280,33280,0,0,0,0,1891.191655891554
|||;33280,33280,33280,33280,0,0,0,0,1896.191655891554
|||;33280,33280,33280,33280,0,0,0,0,1901.191655891554
|||;33280,33280,33280,33280,0,0,0,0,1906.191655891554
|||;33280,33280,33280,33280,0,0,0,0,1911.191655891554
|||;33280,33280,33280,33280,0,0,0,0,1916.191655891554
|||;33280,33280,33280,33280,0,0,0,0,1921.191655891554
|||;33280,33280,33280,33280,0,0,0,0,1926.191655891554
|||;33280,33280,33280,33280,0,0,0,0,1931.191655891554
|||;33280,33280,33280,33280,0,0,0,0,1936.191655891554
|||;33280,33280,33280,33280,0,0,0,0,1941.191655891554
|||;33280,33280,33280,33280,0,0,0,0,1946.191655891554
|||;33280,33280,33280,33280,0,0,0,0,1951.191655891554
|||;33280,33280,33280,33280,0,0,0,0,1956.191655891554
|||;33280,33280,33280,33280,0,0,0,0,1961.191655891554
|||;33280,33280,33280,33280,0,0,0,0,1966.191655891554
|||;33280,33280,33280,33280,0,0,0,0,1971.191655891554
|||;33280,33280,33280,33280,0,0,0,0,1976.191655891554
|||;33280,33280,33280,33280,0,0,0,0,1981.191655891554
|||;33280,33280,33280,33280,0,0,0,0,1986.191655891554
|||;33280,33280,33280,33280,0,0,0,0,1991.191655891554
|||;33280,33280,33280,33280,0,0,0,0,1996.191655891554
