|||;35328,35328,35328,35328,0,0,0,0,1.135432972291
772lcubq(2),|772lcubq(2),|772lcubq(2),|772lcubq(2),;33525.8,33525.8,33525.8,33525.8,11.990644552643,11.990644552643,11.990644552643,11.990644552643,6.135432972291
772lcubq(2),|772lcubq(2),|772lcubq(2),|772lcubq(2),;33525.8,33525.8,33525.8,33525.8,6.990644552643,6.990644552643,6.990644552643,6.990644552643,11.135432972291
772lcubq(2),|772lcubq(2),|772lcubq(2),|772lcubq(2),;33525.8,33525.8,33525.8,33525.8,1.990644552643,1.990644552643,1.990644552643,1.990644552643,16.135432972291
772lcubq(3),|772lcubq(3),|772lcubq(3),|772lcubq(3),;33525.8,33525.8,33525.8,33525.8,0,0,0,0,21.135432972291
772lcubq(3),|772lcubq(3),|772lcubq(3),|772lcubq(3),;33525.8,33525.8,33525.8,33525.8,0,0,0,0,26.135432972291
772lcubq(3),|772lcubq(3),|772lcubq(3),|772lcubq(3),;33525.8,33525.8,33525.8,33525.8,0,0,0,0,31.135432972291
|||;35328,35328,35328,35328,0,0,0,0,36.135432972291
|||;35328,35328,35328,35328,0,0,0,0,41.135432972291
|||;35328,35328,35328,35328,0,0,0,0,46.135432972291
501wqvap(2),658zwabl(1),|658zwabl(2),|658zwabl(2),|658zwabl(2),;31769.6,32701.4,32701.4,32701.4,28.451479377476,18.998309512297,18.998309512297,18.998309512297,51.135432972291
501wqvap(2),658zwabl(1),975iezbk(0),|658zwabl(2),975iezbk(0),|658zwabl(2),975iezbk(0),|658zwabl(2),975iezbk(0),;29783,29721.6,29721.6,30714.8,44.361979115738,42.435369638438,42.435369638438,34.908809250559,56.135432972291
501wqvap(2),658zwabl(1),975iezbk(1),|658zwabl(2),975iezbk(1),|658zwabl(2),975iezbk(1),|658zwabl(2),975iezbk(1),;29783,29721.6,29721.6,30714.8,39.361979115738,37.435369638438,37.435369638438,29.908809250559,61.135432972291
501wqvap(2),658zwabl(1),975iezbk(1),324mepfz(0),|658zwabl(2),975iezbk(1),324mepfz(0),|658zwabl(2),975iezbk(1),324mepfz(0),|658zwabl(2),975iezbk(1),663acbhv(0),324mepfz(0),;27816.9,26772.5,26772.5,27822,55.399205252799,60.921562757317,60.921562757317,58.214490900131,66.135432972291
658zwabl(2),975iezbk(1),324mepfz(1),|975iezbk(2),324mepfz(1),|975iezbk(2),324mepfz(1),|975iezbk(2),663acbhv(1),324mepfz(1),;30499.8,29399.1,29399.1,30448.6,50.399205252799,55.921562757317,55.921562757317,53.214490900131,71.135432972291
658zwabl(2),975iezbk(1),324mepfz(1),452zcbyn(0),|975iezbk(2),324mepfz(1),|975iezbk(2),324mepfz(1),|975iezbk(2),663acbhv(1),324mepfz(1),;29757.4,29399.1,29399.1,30448.6,56.205036623927,50.921562757317,50.921562757317,48.214490900131,76.135432972291
975iezbk(2),324mepfz(1),452zcbyn(1),|975iezbk(2),324mepfz(1),|975iezbk(2),324mepfz(1),|975iezbk(2),663acbhv(1),324mepfz(1),;30632.9,29399.1,29399.1,30448.6,51.205036623927,45.921562757317,45.921562757317,43.214490900131,81.135432972291
975iezbk(2),324mepfz(1),452zcbyn(1),|975iezbk(2),324mepfz(1),|975iezbk(2),324mepfz(1),|975iezbk(3),663acbhv(1),324mepfz(1),;30632.9,29399.1,29399.1,30448.6,46.205036623927,40.921562757317,40.921562757317,38.214490900131,86.135432972291
975iezbk(2),324mepfz(1),452zcbyn(1),|975iezbk(2),324mepfz(1),|975iezbk(2),324mepfz(1),|663acbhv(2),324mepfz(1),;30632.9,29399.1,29399.1,32435.2,41.205036623927,35.921562757317,35.921562757317,33.214490900131,91.135432972291
324mepfz(2),452zcbyn(1),|324mepfz(2),|324mepfz(2),|324mepfz(2),;32619.5,32378.9,32378.9,33361.9,36.205036623927,30.921562757317,30.921562757317,28.214490900131,96.135432972291
324mepfz(2),452zcbyn(1),|324mepfz(2),|324mepfz(2),|324mepfz(2),;32619.5,32378.9,32378.9,33361.9,31.205036623927,25.921562757317,25.921562757317,23.214490900131,101.135432972291
324mepfz(2),452zcbyn(1),232klwio(0),|324mepfz(2),232klwio(0),|324mepfz(2),232klwio(0),|324mepfz(2),232klwio(0),;31616,30371.9,30371.9,31354.9,41.038217873115,43.489564467111,43.489564467111,40.782492609925,106.135432972291
324mepfz(3),452zcbyn(2),232klwio(0),|324mepfz(2),232klwio(0),|324mepfz(2),232klwio(0),|324mepfz(3),232klwio(0),;31616,30371.9,30371.9,31354.9,36.038217873115,38.489564467111,38.489564467111,35.782492609925,111.135432972291
232klwio(2),|232klwio(2),|232klwio(2),|232klwio(2),;34324.5,33321,33321,33321,31.038217873115,33.489564467111,33.489564467111,30.782492609925,116.135432972291
232klwio(2),|232klwio(2),|232klwio(2),|232klwio(2),;34324.5,33321,33321,33321,26.038217873115,28.489564467111,28.489564467111,25.782492609925,121.135432972291
232klwio(3),|232klwio(2),|232klwio(2),|232klwio(2),;34324.5,33321,33321,33321,21.038217873115,23.489564467111,23.489564467111,20.782492609925,126.135432972291
232klwio(3),|232klwio(3),|232klwio(3),|232klwio(3),;34324.5,33321,33321,33321,16.038217873115,18.489564467111,18.489564467111,15.782492609925,131.135432972291
232klwio(3),|232klwio(3),|232klwio(3),|232klwio(3),;34324.5,33321,33321,33321,11.038217873115,13.489564467111,13.489564467111,10.782492609925,136.135432972291
232klwio(3),|232klwio(3),|232klwio(3),|232klwio(3),;34324.5,33321,33321,33321,6.038217873115,8.489564467111,8.489564467111,5.782492609925,141.135432972291
232klwio(3),|232klwio(3),|232klwio(3),|232klwio(3),;34324.5,33321,33321,33321,1.038217873115,3.489564467111,3.489564467111,0.782492609925,146.135432972291
|||;35328,35328,35328,35328,0,0,0,0,151.135432972291
|||;35328,35328,35328,35328,0,0,0,0,156.135432972291
|||;35328,35328,35328,35328,0,0,0,0,161.135432972291
|||;35328,35328,35328,35328,0,0,0,0,166.135432972291
|||;35328,35328,35328,35328,0,0,0,0,171.135432972291
|||;35328,35328,35328,35328,0,0,0,0,176.135432972291
|||;35328,35328,35328,35328,0,0,0,0,181.135432972291
|||;35328,35328,35328,35328,0,0,0,0,186.135432972291
|||;35328,35328,35328,35328,0,0,0,0,191.135432972291
|||;35328,35328,35328,35328,0,0,0,0,196.135432972291
|||;35328,35328,35328,35328,0,0,0,0,201.135432972291
|||;35328,35328,35328,35328,0,0,0,0,206.135432972291
|||;35328,35328,35328,35328,0,0,0,0,211.135432972291
|||;35328,35328,35328,35328,0,0,0,0,216.135432972291
|||;35328,35328,35328,35328,0,0,0,0,221.135432972291
|||;35328,35328,35328,35328,0,0,0,0,226.135432972291
|||;35328,35328,35328,35328,0,0,0,0,231.135432972291
|||;35328,35328,35328,35328,0,0,0,0,236.135432972291
|||;35328,35328,35328,35328,0,0,0,0,241.135432972291
|||;35328,35328,35328,35328,0,0,0,0,246.135432972291
|||;35328,35328,35328,35328,0,0,0,0,251.135432972291
|||;35328,35328,35328,35328,0,0,0,0,256.135432972291
|||;35328,35328,35328,35328,0,0,0,0,261.135432972291
|||;35328,35328,35328,35328,0,0,0,0,266.135432972291
|||;35328,35328,35328,35328,0,0,0,0,271.135432972291
318xaudb(2),|||;34119.7,35328,35328,35328,4.667926380274,0,0,0,276.135432972291
|||;35328,35328,35328,35328,0,0,0,0,281.135432972291
|||;35328,35328,35328,35328,0,0,0,0,286.135432972291
|||;35328,35328,35328,35328,0,0,0,0,291.135432972291
|||;35328,35328,35328,35328,0,0,0,0,296.135432972291
|||;35328,35328,35328,35328,0,0,0,0,301.135432972291
|||;35328,35328,35328,35328,0,0,0,0,306.135432972291
|||;35328,35328,35328,35328,0,0,0,0,311.135432972291
|||;35328,35328,35328,35328,0,0,0,0,316.135432972291
|||;35328,35328,35328,35328,0,0,0,0,321.135432972291
827ovwjs(2),|||;27586.6,35328,35328,35328,56.292199347642,0,0,0,326.135432972291
827ovwjs(2),|||;27586.6,35328,35328,35328,51.292199347642,0,0,0,331.135432972291
827ovwjs(2),|||;27586.6,35328,35328,35328,46.292199347642,0,0,0,336.135432972291
827ovwjs(2),|||;27586.6,35328,35328,35328,41.292199347642,0,0,0,341.135432972291
827ovwjs(2),|||;27586.6,35328,35328,35328,36.292199347642,0,0,0,346.135432972291
827ovwjs(2),|||;27586.6,35328,35328,35328,31.292199347642,0,0,0,351.135432972291
827ovwjs(2),|||;27586.6,35328,35328,35328,26.292199347642,0,0,0,356.135432972291
827ovwjs(2),|||;27586.6,35328,35328,35328,21.292199347642,0,0,0,361.135432972291
827ovwjs(2),63sfjpx(1),|||;22999.1,35328,35328,35328,55.051933741028,0,0,0,366.135432972291
827ovwjs(2),63sfjpx(1),66pltir(0),|||;16035.9,35328,35328,35328,109.086578546347,0,0,0,371.135432972291
827ovwjs(2),63sfjpx(1),66pltir(0),|||;16035.9,35328,35328,35328,104.086578546347,0,0,0,376.135432972291
827ovwjs(2),63sfjpx(1),66pltir(1),|||;16035.9,35328,35328,35328,99.086578546347,0,0,0,381.135432972291
827ovwjs(3),63sfjpx(2),66pltir(1),|||;16035.9,35328,35328,35328,94.086578546347,0,0,0,386.135432972291
827ovwjs(3),63sfjpx(2),66pltir(1),|||;16035.9,35328,35328,35328,89.086578546347,0,0,0,391.135432972291
827ovwjs(3),63sfjpx(2),66pltir(1),|169vsicq(0),|169vsicq(0),|;16035.9,31360,31360,35328,84.086578546347,30.850957537235,30.850957537235,0,396.135432972291
827ovwjs(3),63sfjpx(2),66pltir(1),|169vsicq(2),|169vsicq(2),|;16035.9,31360,31360,35328,79.086578546347,25.850957537235,25.850957537235,0,401.135432972291
827ovwjs(3),63sfjpx(2),66pltir(1),|169vsicq(2),|169vsicq(2),|;16035.9,31360,31360,35328,74.086578546347,20.850957537235,20.850957537235,0,406.135432972291
827ovwjs(3),63sfjpx(2),66pltir(1),|169vsicq(2),|169vsicq(2),|;16035.9,31360,31360,35328,69.086578546347,15.850957537235,15.850957537235,0,411.135432972291
827ovwjs(3),63sfjpx(2),66pltir(1),|169vsicq(2),|169vsicq(2),|;16035.9,31360,31360,35328,64.086578546347,10.850957537235,10.850957537235,0,416.135432972291
827ovwjs(3),66pltir(2),|169vsicq(2),|169vsicq(2),|;20623.4,31360,31360,35328,59.086578546347,5.850957537235,5.850957537235,0,421.135432972291
66pltir(2),|169vsicq(2),|169vsicq(2),|;28364.8,31360,31360,35328,54.086578546347,0.850957537235,0.850957537235,0,426.135432972291
66pltir(2),|||;28364.8,35328,35328,35328,49.086578546347,0,0,0,431.135432972291
66pltir(2),|||;28364.8,35328,35328,35328,44.086578546347,0,0,0,436.135432972291
66pltir(2),|||;28364.8,35328,35328,35328,39.086578546347,0,0,0,441.135432972291
66pltir(2),|||;28364.8,35328,35328,35328,34.086578546347,0,0,0,446.135432972291
66pltir(2),|662jufnp(2),|662jufnp(2),|662jufnp(2),;28364.8,32378.9,34345,34345,29.086578546347,19.866506335121,5.224572371485,5.224572371485,451.135432972291
66pltir(2),|662jufnp(2),|662jufnp(2),|662jufnp(2),;28364.8,32378.9,34345,34345,24.086578546347,14.866506335121,0.224572371485,0.224572371485,456.135432972291
66pltir(2),|662jufnp(2),||;28364.8,32378.9,35328,35328,19.086578546347,9.866506335121,0,0,461.135432972291
66pltir(2),|662jufnp(2),||;28364.8,32378.9,35328,35328,14.086578546347,4.866506335121,0,0,466.135432972291
66pltir(3),|||;28364.8,35328,35328,35328,9.086578546347,0,0,0,471.135432972291
66pltir(3),|||;28364.8,35328,35328,35328,4.086578546347,0,0,0,476.135432972291
66pltir(3),|||;28364.8,35328,35328,35328,0,0,0,0,481.135432972291
66pltir(3),|||;28364.8,35328,35328,35328,0,0,0,0,486.135432972291
66pltir(3),|||;28364.8,35328,35328,35328,0,0,0,0,491.135432972291
66pltir(3),|||;28364.8,35328,35328,35328,0,0,0,0,496.135432972291
66pltir(3),|||;28364.8,35328,35328,35328,0,0,0,0,501.135432972291
66pltir(3),|||;28364.8,35328,35328,35328,0,0,0,0,506.135432972291
66pltir(3),|||;28364.8,35328,35328,35328,0,0,0,0,511.135432972291
66pltir(3),|||;28364.8,35328,35328,35328,0,0,0,0,516.135432972291
66pltir(3),|||;28364.8,35328,35328,35328,0,0,0,0,521.135432972291
66pltir(3),|||;28364.8,35328,35328,35328,0,0,0,0,526.135432972291
66pltir(3),|||;28364.8,35328,35328,35328,0,0,0,0,531.135432972291
66pltir(3),|||;28364.8,35328,35328,35328,0,0,0,0,536.135432972291
66pltir(3),|||;28364.8,35328,35328,35328,0,0,0,0,541.135432972291
66pltir(3),|||;28364.8,35328,35328,35328,0,0,0,0,546.135432972291
66pltir(3),|||;28364.8,35328,35328,35328,0,0,0,0,551.135432972291
66pltir(3),|||;28364.8,35328,35328,35328,0,0,0,0,556.135432972291
66pltir(3),|||;28364.8,35328,35328,35328,0,0,0,0,561.135432972291
66pltir(3),|||;28364.8,35328,35328,35328,0,0,0,0,566.135432972291
66pltir(3),|||;28364.8,35328,35328,35328,0,0,0,0,571.135432972291
66pltir(3),|||;28364.8,35328,35328,35328,0,0,0,0,576.135432972291
66pltir(3),|||;28364.8,35328,35328,35328,0,0,0,0,581.135432972291
66pltir(3),|||;28364.8,35328,35328,35328,0,0,0,0,586.135432972291
66pltir(3),|||;28364.8,35328,35328,35328,0,0,0,0,591.135432972291
66pltir(3),|||;28364.8,35328,35328,35328,0,0,0,0,596.135432972291
66pltir(3),|||;28364.8,35328,35328,35328,0,0,0,0,601.135432972291
66pltir(3),|||;28364.8,35328,35328,35328,0,0,0,0,606.135432972291
66pltir(3),|||;28364.8,35328,35328,35328,0,0,0,0,611.135432972291
66pltir(3),|||;28364.8,35328,35328,35328,0,0,0,0,616.135432972291
66pltir(3),|||;28364.8,35328,35328,35328,0,0,0,0,621.135432972291
66pltir(3),|||;28364.8,35328,35328,35328,0,0,0,0,626.135432972291
66pltir(3),|||;28364.8,35328,35328,35328,0,0,0,0,631.135432972291
66pltir(3),|||;28364.8,35328,35328,35328,0,0,0,0,636.135432972291
66pltir(3),|||;28364.8,35328,35328,35328,0,0,0,0,641.135432972291
66pltir(3),|||;28364.8,35328,35328,35328,0,0,0,0,646.135432972291
66pltir(3),|||;28364.8,35328,35328,35328,0,0,0,0,651.135432972291
66pltir(3),|||;28364.8,35328,35328,35328,0,0,0,0,656.135432972291
66pltir(3),|||;28364.8,35328,35328,35328,0,0,0,0,661.135432972291
66pltir(3),|||;28364.8,35328,35328,35328,0,0,0,0,666.135432972291
66pltir(3),|||;28364.8,35328,35328,35328,0,0,0,0,671.135432972291
66pltir(3),|||;28364.8,35328,35328,35328,0,0,0,0,676.135432972291
66pltir(3),|||;28364.8,35328,35328,35328,0,0,0,0,681.135432972291
66pltir(3),|||;28364.8,35328,35328,35328,0,0,0,0,686.135432972291
66pltir(3),|||;28364.8,35328,35328,35328,0,0,0,0,691.135432972291
66pltir(3),|||;28364.8,35328,35328,35328,0,0,0,0,696.135432972291
66pltir(3),|||;28364.8,35328,35328,35328,0,0,0,0,701.135432972291
66pltir(3),|||;28364.8,35328,35328,35328,0,0,0,0,706.135432972291
66pltir(3),|||;28364.8,35328,35328,35328,0,0,0,0,711.135432972291
66pltir(3),|||;28364.8,35328,35328,35328,0,0,0,0,716.135432972291
66pltir(3),|||;28364.8,35328,35328,35328,0,0,0,0,721.135432972291
66pltir(3),|||;28364.8,35328,35328,35328,0,0,0,0,726.135432972291
66pltir(3),|||;28364.8,35328,35328,35328,0,0,0,0,731.135432972291
66pltir(3),|||;28364.8,35328,35328,35328,0,0,0,0,736.135432972291
66pltir(3),|||;28364.8,35328,35328,35328,0,0,0,0,741.135432972291
66pltir(3),|||;28364.8,35328,35328,35328,0,0,0,0,746.135432972291
66pltir(3),|||;28364.8,35328,35328,35328,0,0,0,0,751.135432972291
66pltir(3),|||;28364.8,35328,35328,35328,0,0,0,0,756.135432972291
66pltir(3),|||;28364.8,35328,35328,35328,0,0,0,0,761.135432972291
66pltir(3),|||;28364.8,35328,35328,35328,0,0,0,0,766.135432972291
66pltir(3),|||;28364.8,35328,35328,35328,0,0,0,0,771.135432972291
66pltir(3),|||;28364.8,35328,35328,35328,0,0,0,0,776.135432972291
66pltir(3),|||;28364.8,35328,35328,35328,0,0,0,0,781.135432972291
66pltir(3),|||;28364.8,35328,35328,35328,0,0,0,0,786.135432972291
66pltir(3),|||;28364.8,35328,35328,35328,0,0,0,0,791.135432972291
66pltir(3),|||;28364.8,35328,35328,35328,0,0,0,0,796.135432972291
66pltir(3),|||;28364.8,35328,35328,35328,0,0,0,0,801.135432972291
66pltir(3),|||;28364.8,35328,35328,35328,0,0,0,0,806.135432972291
66pltir(3),|||;28364.8,35328,35328,35328,0,0,0,0,811.135432972291
66pltir(3),|||;28364.8,35328,35328,35328,0,0,0,0,816.135432972291
66pltir(3),|||;28364.8,35328,35328,35328,0,0,0,0,821.135432972291
66pltir(3),|||;28364.8,35328,35328,35328,0,0,0,0,826.135432972291
66pltir(3),|||;28364.8,35328,35328,35328,0,0,0,0,831.135432972291
66pltir(3),|||;28364.8,35328,35328,35328,0,0,0,0,836.135432972291
66pltir(3),|||;28364.8,35328,35328,35328,0,0,0,0,841.135432972291
66pltir(3),|||;28364.8,35328,35328,35328,0,0,0,0,846.135432972291
66pltir(3),|||;28364.8,35328,35328,35328,0,0,0,0,851.135432972291
66pltir(3),|||;28364.8,35328,35328,35328,0,0,0,0,856.135432972291
66pltir(3),|||;28364.8,35328,35328,35328,0,0,0,0,861.135432972291
66pltir(3),|||;28364.8,35328,35328,35328,0,0,0,0,866.135432972291
66pltir(3),|||;28364.8,35328,35328,35328,0,0,0,0,871.135432972291
66pltir(3),|||;28364.8,35328,35328,35328,0,0,0,0,876.135432972291
66pltir(3),|||;28364.8,35328,35328,35328,0,0,0,0,881.135432972291
66pltir(3),|||;28364.8,35328,35328,35328,0,0,0,0,886.135432972291
66pltir(3),|||;28364.8,35328,35328,35328,0,0,0,0,891.135432972291
66pltir(3),|||;28364.8,35328,35328,35328,0,0,0,0,896.135432972291
66pltir(3),|||;28364.8,35328,35328,35328,0,0,0,0,901.135432972291
66pltir(3),|||;28364.8,35328,35328,35328,0,0,0,0,906.135432972291
66pltir(3),|||;28364.8,35328,35328,35328,0,0,0,0,911.135432972291
66pltir(3),|||;28364.8,35328,35328,35328,0,0,0,0,916.135432972291
66pltir(3),|||;28364.8,35328,35328,35328,0,0,0,0,921.135432972291
66pltir(3),|||;28364.8,35328,35328,35328,0,0,0,0,926.135432972291
66pltir(3),|||;28364.8,35328,35328,35328,0,0,0,0,931.135432972291
66pltir(3),|||;28364.8,35328,35328,35328,0,0,0,0,936.135432972291
66pltir(3),|||;28364.8,35328,35328,35328,0,0,0,0,941.135432972291
66pltir(3),|||;28364.8,35328,35328,35328,0,0,0,0,946.135432972291
66pltir(3),|||;28364.8,35328,35328,35328,0,0,0,0,951.135432972291
66pltir(3),|||;28364.8,35328,35328,35328,0,0,0,0,956.135432972291
66pltir(3),|||;28364.8,35328,35328,35328,0,0,0,0,961.135432972291
66pltir(3),|||;28364.8,35328,35328,35328,0,0,0,0,966.135432972291
66pltir(3),|||;28364.8,35328,35328,35328,0,0,0,0,971.135432972291
66pltir(3),|||;28364.8,35328,35328,35328,0,0,0,0,976.135432972291
66pltir(3),|||;28364.8,35328,35328,35328,0,0,0,0,981.135432972291
66pltir(3),|||;28364.8,35328,35328,35328,0,0,0,0,986.135432972291
66pltir(3),|||;28364.8,35328,35328,35328,0,0,0,0,991.135432972291
66pltir(3),|||;28364.8,35328,35328,35328,0,0,0,0,996.135432972291
66pltir(3),|||;28364.8,35328,35328,35328,0,0,0,0,1001.135432972291
66pltir(3),|||;28364.8,35328,35328,35328,0,0,0,0,1006.135432972291
66pltir(3),|||;28364.8,35328,35328,35328,0,0,0,0,1011.135432972291
66pltir(3),|||;28364.8,35328,35328,35328,0,0,0,0,1016.135432972291
66pltir(3),|||;28364.8,35328,35328,35328,0,0,0,0,1021.135432972291
66pltir(3),|||;28364.8,35328,35328,35328,0,0,0,0,1026.135432972291
66pltir(3),|||;28364.8,35328,35328,35328,0,0,0,0,1031.135432972291
66pltir(3),|||;28364.8,35328,35328,35328,0,0,0,0,1036.135432972291
66pltir(3),|||;28364.8,35328,35328,35328,0,0,0,0,1041.135432972291
66pltir(3),|||;28364.8,35328,35328,35328,0,0,0,0,1046.135432972291
66pltir(3),|||;28364.8,35328,35328,35328,0,0,0,0,1051.135432972291
66pltir(3),|||;28364.8,35328,35328,35328,0,0,0,0,1056.135432972291
66pltir(3),|||;28364.8,35328,35328,35328,0,0,0,0,1061.135432972291
66pltir(3),|||;28364.8,35328,35328,35328,0,0,0,0,1066.135432972291
66pltir(3),|||;28364.8,35328,35328,35328,0,0,0,0,1071.135432972291
66pltir(3),|||;28364.8,35328,35328,35328,0,0,0,0,1076.135432972291
66pltir(3),|||;28364.8,35328,35328,35328,0,0,0,0,1081.135432972291
66pltir(3),|||;28364.8,35328,35328,35328,0,0,0,0,1086.135432972291
66pltir(3),|||;28364.8,35328,35328,35328,0,0,0,0,1091.135432972291
66pltir(3),|||;28364.8,35328,35328,35328,0,0,0,0,1096.135432972291
66pltir(3),|||;28364.8,35328,35328,35328,0,0,0,0,1101.135432972291
66pltir(3),|||;28364.8,35328,35328,35328,0,0,0,0,1106.135432972291
66pltir(3),|||;28364.8,35328,35328,35328,0,0,0,0,1111.135432972291
66pltir(3),|||;28364.8,35328,35328,35328,0,0,0,0,1116.135432972291
66pltir(3),|||;28364.8,35328,35328,35328,0,0,0,0,1121.135432972291
66pltir(3),|||;28364.8,35328,35328,35328,0,0,0,0,1126.135432972291
66pltir(3),|||;28364.8,35328,35328,35328,0,0,0,0,1131.135432972291
66pltir(3),|||;28364.8,35328,35328,35328,0,0,0,0,1136.135432972291
66pltir(3),|||;28364.8,35328,35328,35328,0,0,0,0,1141.135432972291
66pltir(3),|||;28364.8,35328,35328,35328,0,0,0,0,1146.135432972291
66pltir(3),|||;28364.8,35328,35328,35328,0,0,0,0,1151.135432972291
66pltir(3),|||;28364.8,35328,35328,35328,0,0,0,0,1156.135432972291
66pltir(3),|||;28364.8,35328,35328,35328,0,0,0,0,1161.135432972291
66pltir(3),|||;28364.8,35328,35328,35328,0,0,0,0,1166.135432972291
66pltir(3),|||;28364.8,35328,35328,35328,0,0,0,0,1171.135432972291
66pltir(3),|||;28364.8,35328,35328,35328,0,0,0,0,1176.135432972291
66pltir(3),|||;28364.8,35328,35328,35328,0,0,0,0,1181.135432972291
66pltir(3),|||;28364.8,35328,35328,35328,0,0,0,0,1186.135432972291
66pltir(3),|||;28364.8,35328,35328,35328,0,0,0,0,1191.135432972291
66pltir(3),|||;28364.8,35328,35328,35328,0,0,0,0,1196.135432972291
66pltir(3),|||;28364.8,35328,35328,35328,0,0,0,0,1201.135432972291
66pltir(3),|||;28364.8,35328,35328,35328,0,0,0,0,1206.135432972291
66pltir(3),|||;28364.8,35328,35328,35328,0,0,0,0,1211.135432972291
66pltir(3),|||;28364.8,35328,35328,35328,0,0,0,0,1216.135432972291
66pltir(3),|||;28364.8,35328,35328,35328,0,0,0,0,1221.135432972291
66pltir(3),|||;28364.8,35328,35328,35328,0,0,0,0,1226.135432972291
66pltir(3),|||;28364.8,35328,35328,35328,0,0,0,0,1231.135432972291
66pltir(3),|||;28364.8,35328,35328,35328,0,0,0,0,1236.135432972291
66pltir(3),|||;28364.8,35328,35328,35328,0,0,0,0,1241.135432972291
66pltir(3),|||;28364.8,35328,35328,35328,0,0,0,0,1246.135432972291
66pltir(3),|||;28364.8,35328,35328,35328,0,0,0,0,1251.135432972291
66pltir(3),|||;28364.8,35328,35328,35328,0,0,0,0,1256.135432972291
66pltir(3),|||;28364.8,35328,35328,35328,0,0,0,0,1261.135432972291
66pltir(3),|||;28364.8,35328,35328,35328,0,0,0,0,1266.135432972291
66pltir(3),|||;28364.8,35328,35328,35328,0,0,0,0,1271.135432972291
66pltir(3),|||;28364.8,35328,35328,35328,0,0,0,0,1276.135432972291
66pltir(3),|||;28364.8,35328,35328,35328,0,0,0,0,1281.135432972291
66pltir(3),|||;28364.8,35328,35328,35328,0,0,0,0,1286.135432972291
66pltir(3),|||;28364.8,35328,35328,35328,0,0,0,0,1291.135432972291
66pltir(3),|||;28364.8,35328,35328,35328,0,0,0,0,1296.135432972291
66pltir(3),|||;28364.8,35328,35328,35328,0,0,0,0,1301.135432972291
66pltir(3),|||;28364.8,35328,35328,35328,0,0,0,0,1306.135432972291
66pltir(3),|||;28364.8,35328,35328,35328,0,0,0,0,1311.135432972291
66pltir(3),|||;28364.8,35328,35328,35328,0,0,0,0,1316.135432972291
66pltir(3),|||;28364.8,35328,35328,35328,0,0,0,0,1321.135432972291
66pltir(3),|||;28364.8,35328,35328,35328,0,0,0,0,1326.135432972291
66pltir(3),|||;28364.8,35328,35328,35328,0,0,0,0,1331.135432972291
66pltir(3),|||;28364.8,35328,35328,35328,0,0,0,0,1336.135432972291
66pltir(3),|||;28364.8,35328,35328,35328,0,0,0,0,1341.135432972291
66pltir(3),|||;28364.8,35328,35328,35328,0,0,0,0,1346.135432972291
66pltir(3),|||;28364.8,35328,35328,35328,0,0,0,0,1351.135432972291
66pltir(3),|||;28364.8,35328,35328,35328,0,0,0,0,1356.135432972291
66pltir(3),|||;28364.8,35328,35328,35328,0,0,0,0,1361.135432972291
66pltir(3),|||;28364.8,35328,35328,35328,0,0,0,0,1366.135432972291
66pltir(3),|||;28364.8,35328,35328,35328,0,0,0,0,1371.135432972291
66pltir(3),|||;28364.8,35328,35328,35328,0,0,0,0,1376.135432972291
66pltir(3),|||;28364.8,35328,35328,35328,0,0,0,0,1381.135432972291
66pltir(3),|||;28364.8,35328,35328,35328,0,0,0,0,1386.135432972291
66pltir(3),|||;28364.8,35328,35328,35328,0,0,0,0,1391.135432972291
66pltir(3),|||;28364.8,35328,35328,35328,0,0,0,0,1396.135432972291
66pltir(3),|||;28364.8,35328,35328,35328,0,0,0,0,1401.135432972291
66pltir(3),|||;28364.8,35328,35328,35328,0,0,0,0,1406.135432972291
66pltir(3),|||;28364.8,35328,35328,35328,0,0,0,0,1411.135432972291
66pltir(3),|||;28364.8,35328,35328,35328,0,0,0,0,1416.135432972291
66pltir(3),|||;28364.8,35328,35328,35328,0,0,0,0,1421.135432972291
66pltir(3),|||;28364.8,35328,35328,35328,0,0,0,0,1426.135432972291
66pltir(3),|||;28364.8,35328,35328,35328,0,0,0,0,1431.135432972291
66pltir(3),|||;28364.8,35328,35328,35328,0,0,0,0,1436.135432972291
66pltir(3),|||;28364.8,35328,35328,35328,0,0,0,0,1441.135432972291
66pltir(3),|||;28364.8,35328,35328,35328,0,0,0,0,1446.135432972291
66pltir(3),|||;28364.8,35328,35328,35328,0,0,0,0,1451.135432972291
66pltir(3),|||;28364.8,35328,35328,35328,0,0,0,0,1456.135432972291
66pltir(3),|||;28364.8,35328,35328,35328,0,0,0,0,1461.135432972291
66pltir(3),|||;28364.8,35328,35328,35328,0,0,0,0,1466.135432972291
66pltir(3),|||;28364.8,35328,35328,35328,0,0,0,0,1471.135432972291
66pltir(3),|||;28364.8,35328,35328,35328,0,0,0,0,1476.135432972291
66pltir(3),|||;28364.8,35328,35328,35328,0,0,0,0,1481.135432972291
66pltir(3),|||;28364.8,35328,35328,35328,0,0,0,0,1486.135432972291
66pltir(3),|||;28364.8,35328,35328,35328,0,0,0,0,1491.135432972291
66pltir(3),|||;28364.8,35328,35328,35328,0,0,0,0,1496.135432972291
66pltir(3),|||;28364.8,35328,35328,35328,0,0,0,0,1501.135432972291
66pltir(3),|||;28364.8,35328,35328,35328,0,0,0,0,1506.135432972291
66pltir(3),|||;28364.8,35328,35328,35328,0,0,0,0,1511.135432972291
66pltir(3),|||;28364.8,35328,35328,35328,0,0,0,0,1516.135432972291
66pltir(3),|||;28364.8,35328,35328,35328,0,0,0,0,1521.135432972291
66pltir(3),|||;28364.8,35328,35328,35328,0,0,0,0,1526.135432972291
66pltir(3),|||;28364.8,35328,35328,35328,0,0,0,0,1531.135432972291
66pltir(3),|||;28364.8,35328,35328,35328,0,0,0,0,1536.135432972291
66pltir(3),|||;28364.8,35328,35328,35328,0,0,0,0,1541.135432972291
66pltir(3),|||;28364.8,35328,35328,35328,0,0,0,0,1546.135432972291
66pltir(3),|||;28364.8,35328,35328,35328,0,0,0,0,1551.135432972291
66pltir(3),|||;28364.8,35328,35328,35328,0,0,0,0,1556.135432972291
66pltir(3),|||;28364.8,35328,35328,35328,0,0,0,0,1561.135432972291
66pltir(3),|||;28364.8,35328,35328,35328,0,0,0,0,1566.135432972291
66pltir(3),|||;28364.8,35328,35328,35328,0,0,0,0,1571.135432972291
66pltir(3),|||;28364.8,35328,35328,35328,0,0,0,0,1576.135432972291
66pltir(3),|||;28364.8,35328,35328,35328,0,0,0,0,1581.135432972291
66pltir(3),|||;28364.8,35328,35328,35328,0,0,0,0,1586.135432972291
66pltir(3),|||;28364.8,35328,35328,35328,0,0,0,0,1591.135432972291
66pltir(3),|||;28364.8,35328,35328,35328,0,0,0,0,1596.135432972291
66pltir(3),|||;28364.8,35328,35328,35328,0,0,0,0,1601.135432972291
66pltir(3),|||;28364.8,35328,35328,35328,0,0,0,0,1606.135432972291
66pltir(3),|||;28364.8,35328,35328,35328,0,0,0,0,1611.135432972291
66pltir(3),|||;28364.8,35328,35328,35328,0,0,0,0,1616.135432972291
66pltir(3),|||;28364.8,35328,35328,35328,0,0,0,0,1621.135432972291
66pltir(3),|||;28364.8,35328,35328,35328,0,0,0,0,1626.135432972291
66pltir(3),|||;28364.8,35328,35328,35328,0,0,0,0,1631.135432972291
66pltir(3),|||;28364.8,35328,35328,35328,0,0,0,0,1636.135432972291
66pltir(3),|||;28364.8,35328,35328,35328,0,0,0,0,1641.135432972291
66pltir(3),|||;28364.8,35328,35328,35328,0,0,0,0,1646.135432972291
66pltir(3),|||;28364.8,35328,35328,35328,0,0,0,0,1651.135432972291
66pltir(3),|||;28364.8,35328,35328,35328,0,0,0,0,1656.135432972291
66pltir(3),|||;28364.8,35328,35328,35328,0,0,0,0,1661.135432972291
66pltir(3),|||;28364.8,35328,35328,35328,0,0,0,0,1666.135432972291
66pltir(3),|||;28364.8,35328,35328,35328,0,0,0,0,1671.135432972291
66pltir(3),|||;28364.8,35328,35328,35328,0,0,0,0,1676.135432972291
66pltir(3),|||;28364.8,35328,35328,35328,0,0,0,0,1681.135432972291
66pltir(3),|||;28364.8,35328,35328,35328,0,0,0,0,1686.135432972291
66pltir(3),|||;28364.8,35328,35328,35328,0,0,0,0,1691.135432972291
66pltir(3),|||;28364.8,35328,35328,35328,0,0,0,0,1696.135432972291
66pltir(3),|||;28364.8,35328,35328,35328,0,0,0,0,1701.135432972291
66pltir(3),|||;28364.8,35328,35328,35328,0,0,0,0,1706.135432972291
66pltir(3),|||;28364.8,35328,35328,35328,0,0,0,0,1711.135432972291
66pltir(3),|||;28364.8,35328,35328,35328,0,0,0,0,1716.135432972291
66pltir(3),|||;28364.8,35328,35328,35328,0,0,0,0,1721.135432972291
66pltir(3),|||;28364.8,35328,35328,35328,0,0,0,0,1726.135432972291
66pltir(3),|||;28364.8,35328,35328,35328,0,0,0,0,1731.135432972291
66pltir(3),|||;28364.8,35328,35328,35328,0,0,0,0,1736.135432972291
66pltir(3),|||;28364.8,35328,35328,35328,0,0,0,0,1741.135432972291
66pltir(3),|||;28364.8,35328,35328,35328,0,0,0,0,1746.135432972291
66pltir(3),|||;28364.8,35328,35328,35328,0,0,0,0,1751.135432972291
66pltir(3),|||;28364.8,35328,35328,35328,0,0,0,0,1756.135432972291
66pltir(3),|||;28364.8,35328,35328,35328,0,0,0,0,1761.135432972291
66pltir(3),|||;28364.8,35328,35328,35328,0,0,0,0,1766.135432972291
66pltir(3),|||;28364.8,35328,35328,35328,0,0,0,0,1771.135432972291
66pltir(3),|||;28364.8,35328,35328,35328,0,0,0,0,1776.135432972291
66pltir(3),|||;28364.8,35328,35328,35328,0,0,0,0,1781.135432972291
66pltir(3),|||;28364.8,35328,35328,35328,0,0,0,0,1786.135432972291
66pltir(3),|||;28364.8,35328,35328,35328,0,0,0,0,1791.135432972291
66pltir(3),|||;28364.8,35328,35328,35328,0,0,0,0,1796.135432972291
66pltir(3),|||;28364.8,35328,35328,35328,0,0,0,0,1801.135432972291
66pltir(3),|||;28364.8,35328,35328,35328,0,0,0,0,1806.135432972291
66pltir(3),|||;28364.8,35328,35328,35328,0,0,0,0,1811.135432972291
66pltir(3),|||;28364.8,35328,35328,35328,0,0,0,0,1816.135432972291
66pltir(3),|||;28364.8,35328,35328,35328,0,0,0,0,1821.135432972291
66pltir(3),|||;28364.8,35328,35328,35328,0,0,0,0,1826.135432972291
66pltir(3),|||;28364.8,35328,35328,35328,0,0,0,0,1831.135432972291
66pltir(3),|||;28364.8,35328,35328,35328,0,0,0,0,1836.135432972291
66pltir(3),|||;28364.8,35328,35328,35328,0,0,0,0,1841.135432972291
66pltir(3),|||;28364.8,35328,35328,35328,0,0,0,0,1846.135432972291
66pltir(3),|||;28364.8,35328,35328,35328,0,0,0,0,1851.135432972291
66pltir(3),|||;28364.8,35328,35328,35328,0,0,0,0,1856.135432972291
66pltir(3),|||;28364.8,35328,35328,35328,0,0,0,0,1861.135432972291
66pltir(3),|||;28364.8,35328,35328,35328,0,0,0,0,1866.135432972291
66pltir(3),|||;28364.8,35328,35328,35328,0,0,0,0,1871.135432972291
66pltir(3),|||;28364.8,35328,35328,35328,0,0,0,0,1876.135432972291
66pltir(3),|||;28364.8,35328,35328,35328,0,0,0,0,1881.135432972291
66pltir(3),|||;28364.8,35328,35328,35328,0,0,0,0,1886.135432972291
66pltir(3),|||;28364.8,35328,35328,35328,0,0,0,0,1891.135432972291
66pltir(3),|||;28364.8,35328,35328,35328,0,0,0,0,1896.135432972291
66pltir(3),|||;28364.8,35328,35328,35328,0,0,0,0,1901.135432972291
66pltir(3),|||;28364.8,35328,35328,35328,0,0,0,0,1906.135432972291
66pltir(3),|||;28364.8,35328,35328,35328,0,0,0,0,1911.135432972291
66pltir(3),|||;28364.8,35328,35328,35328,0,0,0,0,1916.135432972291
66pltir(3),|||;28364.8,35328,35328,35328,0,0,0,0,1921.135432972291
66pltir(3),|||;28364.8,35328,35328,35328,0,0,0,0,1926.135432972291
66pltir(3),|||;28364.8,35328,35328,35328,0,0,0,0,1931.135432972291
66pltir(3),|||;28364.8,35328,35328,35328,0,0,0,0,1936.135432972291
66pltir(3),|||;28364.8,35328,35328,35328,0,0,0,0,1941.135432972291
66pltir(3),|||;28364.8,35328,35328,35328,0,0,0,0,1946.135432972291
66pltir(3),|||;28364.8,35328,35328,35328,0,0,0,0,1951.135432972291
66pltir(3),|||;28364.8,35328,35328,35328,0,0,0,0,1956.135432972291
66pltir(3),|||;28364.8,35328,35328,35328,0,0,0,0,1961.135432972291
66pltir(3),|||;28364.8,35328,35328,35328,0,0,0,0,1966.135432972291
66pltir(3),|||;28364.8,35328,35328,35328,0,0,0,0,1971.135432972291
66pltir(3),|||;28364.8,35328,35328,35328,0,0,0,0,1976.135432972291
66pltir(3),|||;28364.8,35328,35328,35328,0,0,0,0,1981.135432972291
66pltir(3),|||;28364.8,35328,35328,35328,0,0,0,0,1986.135432972291
66pltir(3),|||;28364.8,35328,35328,35328,0,0,0,0,1991.135432972291
66pltir(3),|||;28364.8,35328,35328,35328,0,0,0,0,1996.135432972291
|||;36966,36966,36966,36966,0,0,0,0,1.135432972291
|||;31436,31436,31436,31436,0,0,0,0,1.135432972291
|||;31436,31436,31436,31436,0,0,0,0,6.135432972291
|||;18534,18534,18534,18534,0,0,0,0,1.135432972291
299zwefn(0),|216fjury(2),|163ogqrb(2),|;11826.8,11007.6,13260.4,18534,31.285568100608,33.139395444276,22.274733555547,0,6.135432972291
299zwefn(2),|216fjury(2),|163ogqrb(2),|;11826.8,11007.6,13260.4,18534,26.285568100608,28.139395444276,17.274733555547,0,11.135432972291
299zwefn(2),|216fjury(2),|163ogqrb(2),|;11826.8,11007.6,13260.4,18534,21.285568100608,23.139395444276,12.274733555547,0,16.135432972291
299zwefn(2),|216fjury(2),|163ogqrb(2),|;11826.8,11007.6,13260.4,18534,16.285568100608,18.139395444276,7.274733555547,0,21.135432972291
299zwefn(2),|216fjury(2),|163ogqrb(2),|;11826.8,11007.6,13260.4,18534,11.285568100608,13.139395444276,2.274733555547,0,26.135432972291
299zwefn(2),|216fjury(2),|163ogqrb(3),|;11826.8,11007.6,13260.4,18534,6.285568100608,8.139395444276,0,0,31.135432972291
299zwefn(2),|216fjury(2),|163ogqrb(3),|;11826.8,11007.6,13260.4,18534,1.285568100608,3.139395444276,0,0,36.135432972291
299zwefn(3),|216fjury(3),|163ogqrb(3),|;11826.8,11007.6,13260.4,18534,0,0,0,0,41.135432972291
299zwefn(3),|216fjury(3),|163ogqrb(3),|;11826.8,11007.6,13260.4,18534,0,0,0,0,46.135432972291
299zwefn(3),|216fjury(3),|163ogqrb(3),|;11826.8,11007.6,13260.4,18534,0,0,0,0,51.135432972291
|216fjury(3),|163ogqrb(3),|;18534,11007.6,13260.4,18534,0,0,0,0,56.135432972291
|||;25088,25088,25088,25088,0,0,0,0,1.135432972291
|||;25088,25088,25088,25088,0,0,0,0,6.135432972291
|||;22835,22835,22835,22835,0,0,0,0,1.135432972291
|||;22016,22016,22016,22016,0,0,0,0,1.135432972291
|||;27136,27136,27136,27136,0,0,0,0,1.135432972291
|||;25702,25702,25702,25702,0,0,0,0,1.135432972291
|||;33484,33484,33484,33484,0,0,0,0,1.135432972291
|||;33484,33484,33484,33484,0,0,0,0,6.135432972291
|||;20992,20992,20992,20992,0,0,0,0,1.135432972291
|||;27340,27340,27340,27340,0,0,0,0,1.135432972291
|||;23244,23244,23244,23244,0,0,0,0,1.135432972291
|||;23244,23244,23244,23244,0,0,0,0,6.135432972291
|||;34508,34508,34508,34508,0,0,0,0,1.135432972291
|||;34508,34508,34508,34508,0,0,0,0,6.135432972291
|||;19968,19968,19968,19968,0,0,0,0,1.135432972291
