|||;24268,24268,24268,24268,0,0,0,0,1.013646708119
870vcyte(0),744sawky(0),741rjvba(1),|756mseiw(0),744sawky(0),741rjvba(1),|756mseiw(0),744sawky(0),741rjvba(1),|756mseiw(0),;17862.9,18318.6,18159.8,23285,54.940513109108,52.982212451894,54.104772542289,8.657740349515,6.013646708119
870vcyte(2),744sawky(1),741rjvba(1),|756mseiw(2),744sawky(1),741rjvba(1),|756mseiw(2),744sawky(1),741rjvba(1),|756mseiw(2),;17862.9,18318.6,18159.8,23285,49.940513109108,47.982212451894,49.104772542289,3.657740349515,11.013646708119
744sawky(2),741rjvba(1),|744sawky(2),741rjvba(1),|744sawky(2),741rjvba(1),|160cxyaz(0),;18641.1,19301.6,19142.8,20760.8,44.940513109108,42.982212451894,44.104772542289,27.708629922913,16.013646708119
744sawky(2),741rjvba(1),|744sawky(2),741rjvba(1),|744sawky(2),741rjvba(1),|160cxyaz(2),;18641.1,19301.6,19142.8,20760.8,39.940513109108,37.982212451894,39.104772542289,22.708629922913,21.013646708119
744sawky(2),741rjvba(1),|744sawky(2),741rjvba(1),|744sawky(2),741rjvba(1),|160cxyaz(2),;18641.1,19301.6,19142.8,20760.8,34.940513109108,32.982212451894,34.104772542289,17.708629922913,26.013646708119
744sawky(2),741rjvba(1),|744sawky(2),741rjvba(1),|744sawky(3),741rjvba(2),|160cxyaz(2),;18641.1,19301.6,19142.8,20760.8,29.940513109108,27.982212451894,29.104772542289,12.708629922913,31.013646708119
744sawky(2),741rjvba(1),|744sawky(2),741rjvba(1),|744sawky(3),741rjvba(2),|160cxyaz(2),;18641.1,19301.6,19142.8,20760.8,24.940513109108,22.982212451894,24.104772542289,7.708629922913,36.013646708119
744sawky(3),741rjvba(2),|744sawky(3),741rjvba(2),|744sawky(3),741rjvba(2),|160cxyaz(3),;18641.1,19301.6,19142.8,20760.8,19.940513109108,17.982212451894,19.104772542289,2.708629922913,41.013646708119
741rjvba(2),|741rjvba(2),|741rjvba(2),|160cxyaz(3),;22286.5,22947,20965.5,20760.8,14.940513109108,12.982212451894,14.104772542289,0,46.013646708119
741rjvba(2),|||160cxyaz(3),;22286.5,24268,24267.9,20760.8,9.940513109108,7.982212451894,9.104772542289,0,51.013646708119
|||160cxyaz(3),;24268,24268,24267.9,20760.8,4.940513109108,2.982212451894,4.104772542289,0,56.013646708119
977cvdyo(0),|977cvdyo(0),|977cvdyo(0),|160cxyaz(3),977cvdyo(0),;21708,21708,23627.9,20120.8,22.65883772138,21.823975904153,8.24461997195,8.24461997195,61.013646708119
977cvdyo(2),973hznos(1),|977cvdyo(2),973hznos(1),|977cvdyo(2),973hznos(1),|160cxyaz(3),977cvdyo(2),973hznos(1),;21083.4,21083.4,21129.3,17622.2,24.371890889649,23.537029072422,22.96712453005,22.96712453005,66.013646708119
977cvdyo(2),973hznos(1),|977cvdyo(2),973hznos(1),|973hznos(2),177ebhkv(0),|973hznos(2),177ebhkv(0),;21083.4,21083.4,21170.3,21170.4,19.371890889649,18.537029072422,26.013121902988,26.013121902988,71.013646708119
977cvdyo(2),973hznos(1),|977cvdyo(2),973hznos(1),|973hznos(2),177ebhkv(1),|973hznos(2),177ebhkv(1),;21083.4,21083.4,21170.3,21170.4,14.371890889649,13.537029072422,21.013121902988,21.013121902988,76.013646708119
977cvdyo(2),973hznos(1),|977cvdyo(2),973hznos(1),|973hznos(2),177ebhkv(1),|973hznos(2),177ebhkv(1),;21083.4,21083.4,21170.3,21170.4,9.371890889649,8.537029072422,16.013121902988,16.013121902988,81.013646708119
973hznos(2),|973hznos(2),|973hznos(2),177ebhkv(1),|973hznos(2),177ebhkv(1),;23643.4,23643.4,21170.3,21170.4,4.371890889649,3.537029072422,11.013121902988,11.013121902988,86.013646708119
||177ebhkv(2),|177ebhkv(2),;24268,24268,23668.9,23669,0,0,6.013121902988,6.013121902988,91.013646708119
||177ebhkv(3),|177ebhkv(3),;24268,24268,23668.9,23669,0,0,1.013121902988,1.013121902988,96.013646708119
||177ebhkv(3),|177ebhkv(3),;24268,24268,23668.9,23669,0,0,0,0,101.013646708119
||177ebhkv(3),|177ebhkv(3),;24268,24268,23668.9,23669,0,0,0,0,106.013646708119
||177ebhkv(3),|177ebhkv(3),;24268,24268,23668.9,23669,0,0,0,0,111.013646708119
||177ebhkv(3),|177ebhkv(3),;24268,24268,23668.9,23669,0,0,0,0,116.013646708119
||177ebhkv(3),|177ebhkv(3),;24268,24268,23668.9,23669,0,0,0,0,121.013646708119
||177ebhkv(3),|177ebhkv(3),;24268,24268,23668.9,23669,0,0,0,0,126.013646708119
||177ebhkv(3),|177ebhkv(3),;24268,24268,23668.9,23669,0,0,0,0,131.013646708119
||177ebhkv(3),|177ebhkv(3),;24268,24268,23668.9,23669,0,0,0,0,136.013646708119
||177ebhkv(3),|177ebhkv(3),;24268,24268,23668.9,23669,0,0,0,0,141.013646708119
||177ebhkv(3),|177ebhkv(3),;24268,24268,23668.9,23669,0,0,0,0,146.013646708119
||177ebhkv(3),|177ebhkv(3),;24268,24268,23668.9,23669,0,0,0,0,151.013646708119
||177ebhkv(3),|177ebhkv(3),;24268,24268,23668.9,23669,0,0,0,0,156.013646708119
||177ebhkv(3),|177ebhkv(3),;24268,24268,23668.9,23669,0,0,0,0,161.013646708119
||177ebhkv(3),|177ebhkv(3),;24268,24268,23668.9,23669,0,0,0,0,166.013646708119
864gjyfs(0),|864gjyfs(0),|177ebhkv(3),|177ebhkv(3),;20632.8,20632.8,23668.9,23669,27.074808369436,27.074808369436,0,0,171.013646708119
864gjyfs(2),|864gjyfs(2),|177ebhkv(3),|177ebhkv(3),;20632.8,20632.8,23668.9,23669,22.074808369436,22.074808369436,0,0,176.013646708119
864gjyfs(2),|864gjyfs(2),|177ebhkv(3),|177ebhkv(3),;20632.8,20632.8,23668.9,23669,17.074808369436,17.074808369436,0,0,181.013646708119
864gjyfs(2),|864gjyfs(2),|177ebhkv(3),|177ebhkv(3),;20632.8,20632.8,23668.9,23669,12.074808369436,12.074808369436,0,0,186.013646708119
864gjyfs(2),|864gjyfs(2),|177ebhkv(3),|177ebhkv(3),;20632.8,20632.8,23668.9,23669,7.074808369436,7.074808369436,0,0,191.013646708119
864gjyfs(2),|864gjyfs(2),|177ebhkv(3),|177ebhkv(3),;20632.8,20632.8,23668.9,23669,2.074808369436,2.074808369436,0,0,196.013646708119
||177ebhkv(3),|177ebhkv(3),;24268,24268,23668.9,23669,0,0,0,0,201.013646708119
||177ebhkv(3),|177ebhkv(3),;24268,24268,23668.9,23669,0,0,0,0,206.013646708119
|||;24268,24268,24267.9,24268,0,0,0,0,211.013646708119
|||;24268,24268,24267.9,24268,0,0,0,0,216.013646708119
|||;24268,24268,24267.9,24268,0,0,0,0,221.013646708119
|||;24268,24268,24267.9,24268,0,0,0,0,226.013646708119
|||;24268,24268,24267.9,24268,0,0,0,0,231.013646708119
986ufnzb(2),822uogfv(1),|822uogfv(2),||;16582.9,18902.2,24267.9,24268,55.477326451893,35.68260895191,0,0,236.013646708119
986ufnzb(2),822uogfv(1),|822uogfv(2),||;16582.9,18902.2,24267.9,24268,50.477326451893,30.68260895191,0,0,241.013646708119
986ufnzb(2),822uogfv(1),|822uogfv(2),||;16582.9,18902.2,24267.9,24268,45.477326451893,25.68260895191,0,0,246.013646708119
986ufnzb(2),822uogfv(1),|822uogfv(2),||;16582.9,18902.2,24267.9,24268,40.477326451893,20.68260895191,0,0,251.013646708119
986ufnzb(2),822uogfv(1),|822uogfv(2),||;16582.9,18902.2,24267.9,24268,35.477326451893,15.68260895191,0,0,256.013646708119
986ufnzb(2),822uogfv(1),|822uogfv(2),||;16582.9,18902.2,24267.9,24268,30.477326451893,10.68260895191,0,0,261.013646708119
986ufnzb(2),822uogfv(1),|822uogfv(2),||;16582.9,18902.2,24267.9,24268,25.477326451893,5.68260895191,0,0,266.013646708119
986ufnzb(2),822uogfv(1),|822uogfv(3),||;16582.9,18902.2,24267.9,24268,20.477326451893,0.68260895191,0,0,271.013646708119
986ufnzb(2),822uogfv(1),|822uogfv(3),||;16582.9,18902.2,24267.9,24268,15.477326451893,0,0,0,276.013646708119
822uogfv(2),|822uogfv(3),||;22926.6,18902.2,24267.9,24268,10.477326451893,0,0,0,281.013646708119
822uogfv(2),|||;22926.6,24268,24267.9,24268,5.477326451893,0,0,0,286.013646708119
|||;24268,24268,24267.9,24268,0.477326451893,0,0,0,291.013646708119
|||;24268,24268,24267.9,24268,0,0,0,0,296.013646708119
|||;24268,24268,24267.9,24268,0,0,0,0,301.013646708119
|||;24268,24268,24267.9,24268,0,0,0,0,306.013646708119
|||;24268,24268,24267.9,24268,0,0,0,0,311.013646708119
|||;24268,24268,24267.9,24268,0,0,0,0,316.013646708119
|||;24268,24268,24267.9,24268,0,0,0,0,321.013646708119
|||;24268,24268,24267.9,24268,0,0,0,0,326.013646708119
|||;24268,24268,24267.9,24268,0,0,0,0,331.013646708119
|||;24268,24268,24267.9,24268,0,0,0,0,336.013646708119
|||;24268,24268,24267.9,24268,0,0,0,0,341.013646708119
|||;24268,24268,24267.9,24268,0,0,0,0,346.013646708119
|||;24268,24268,24267.9,24268,0,0,0,0,351.013646708119
|||;24268,24268,24267.9,24268,0,0,0,0,356.013646708119
|||;24268,24268,24267.9,24268,0,0,0,0,361.013646708119
|||;24268,24268,24267.9,24268,0,0,0,0,366.013646708119
|||;24268,24268,24267.9,24268,0,0,0,0,371.013646708119
|||;24268,24268,24267.9,24268,0,0,0,0,376.013646708119
|||;24268,24268,24267.9,24268,0,0,0,0,381.013646708119
|||;24268,24268,24267.9,24268,0,0,0,0,386.013646708119
|||;24268,24268,24267.9,24268,0,0,0,0,391.013646708119
|||;24268,24268,24267.9,24268,0,0,0,0,396.013646708119
|||;24268,24268,24267.9,24268,0,0,0,0,401.013646708119
|||;24268,24268,24267.9,24268,0,0,0,0,406.013646708119
|||;24268,24268,24267.9,24268,0,0,0,0,411.013646708119
|||;24268,24268,24267.9,24268,0,0,0,0,416.013646708119
|||;24268,24268,24267.9,24268,0,0,0,0,421.013646708119
|||;24268,24268,24267.9,24268,0,0,0,0,426.013646708119
|||;24268,24268,24267.9,24268,0,0,0,0,431.013646708119
|||;24268,24268,24267.9,24268,0,0,0,0,436.013646708119
|||;24268,24268,24267.9,24268,0,0,0,0,441.013646708119
|||;24268,24268,24267.9,24268,0,0,0,0,446.013646708119
|||;24268,24268,24267.9,24268,0,0,0,0,451.013646708119
|||;24268,24268,24267.9,24268,0,0,0,0,456.013646708119
|||;24268,24268,24267.9,24268,0,0,0,0,461.013646708119
|||;24268,24268,24267.9,24268,0,0,0,0,466.013646708119
|||;24268,24268,24267.9,24268,0,0,0,0,471.013646708119
|||;24268,24268,24267.9,24268,0,0,0,0,476.013646708119
|||;24268,24268,24267.9,24268,0,0,0,0,481.013646708119
|||;24268,24268,24267.9,24268,0,0,0,0,486.013646708119
|||;24268,24268,24267.9,24268,0,0,0,0,491.013646708119
|||;24268,24268,24267.9,24268,0,0,0,0,496.013646708119
|||;24268,24268,24267.9,24268,0,0,0,0,501.013646708119
|||;24268,24268,24267.9,24268,0,0,0,0,506.013646708119
|||;24268,24268,24267.9,24268,0,0,0,0,511.013646708119
|||;24268,24268,24267.9,24268,0,0,0,0,516.013646708119
|||;24268,24268,24267.9,24268,0,0,0,0,521.013646708119
|||;24268,24268,24267.9,24268,0,0,0,0,526.013646708119
|||;24268,24268,24267.9,24268,0,0,0,0,531.013646708119
|||;24268,24268,24267.9,24268,0,0,0,0,536.013646708119
|||;24268,24268,24267.9,24268,0,0,0,0,541.013646708119
|||;24268,24268,24267.9,24268,0,0,0,0,546.013646708119
|||;24268,24268,24267.9,24268,0,0,0,0,551.013646708119
|||;24268,24268,24267.9,24268,0,0,0,0,556.013646708119
|||;24268,24268,24267.9,24268,0,0,0,0,561.013646708119
|||;24268,24268,24267.9,24268,0,0,0,0,566.013646708119
|||;24268,24268,24267.9,24268,0,0,0,0,571.013646708119
|||;24268,24268,24267.9,24268,0,0,0,0,576.013646708119
|||;24268,24268,24267.9,24268,0,0,0,0,581.013646708119
|||;24268,24268,24267.9,24268,0,0,0,0,586.013646708119
|||;24268,24268,24267.9,24268,0,0,0,0,591.013646708119
|||;24268,24268,24267.9,24268,0,0,0,0,596.013646708119
|||;24268,24268,24267.9,24268,0,0,0,0,601.013646708119
|||;24268,24268,24267.9,24268,0,0,0,0,606.013646708119
|||;24268,24268,24267.9,24268,0,0,0,0,611.013646708119
|||;24268,24268,24267.9,24268,0,0,0,0,616.013646708119
|||;24268,24268,24267.9,24268,0,0,0,0,621.013646708119
|||;24268,24268,24267.9,24268,0,0,0,0,626.013646708119
|||;24268,24268,24267.9,24268,0,0,0,0,631.013646708119
|||;24268,24268,24267.9,24268,0,0,0,0,636.013646708119
|||;24268,24268,24267.9,24268,0,0,0,0,641.013646708119
|||;24268,24268,24267.9,24268,0,0,0,0,646.013646708119
|||;24268,24268,24267.9,24268,0,0,0,0,651.013646708119
|||;24268,24268,24267.9,24268,0,0,0,0,656.013646708119
|||;24268,24268,24267.9,24268,0,0,0,0,661.013646708119
|||;24268,24268,24267.9,24268,0,0,0,0,666.013646708119
|||;24268,24268,24267.9,24268,0,0,0,0,671.013646708119
|||;24268,24268,24267.9,24268,0,0,0,0,676.013646708119
|||;24268,24268,24267.9,24268,0,0,0,0,681.013646708119
|||;24268,24268,24267.9,24268,0,0,0,0,686.013646708119
|||;24268,24268,24267.9,24268,0,0,0,0,691.013646708119
|||;24268,24268,24267.9,24268,0,0,0,0,696.013646708119
|||;24268,24268,24267.9,24268,0,0,0,0,701.013646708119
|||;24268,24268,24267.9,24268,0,0,0,0,706.013646708119
|||;24268,24268,24267.9,24268,0,0,0,0,711.013646708119
|||;24268,24268,24267.9,24268,0,0,0,0,716.013646708119
|||;24268,24268,24267.9,24268,0,0,0,0,721.013646708119
|||;24268,24268,24267.9,24268,0,0,0,0,726.013646708119
|||;24268,24268,24267.9,24268,0,0,0,0,731.013646708119
|||;24268,24268,24267.9,24268,0,0,0,0,736.013646708119
|||;24268,24268,24267.9,24268,0,0,0,0,741.013646708119
|||;24268,24268,24267.9,24268,0,0,0,0,746.013646708119
|||;24268,24268,24267.9,24268,0,0,0,0,751.013646708119
|||;24268,24268,24267.9,24268,0,0,0,0,756.013646708119
|||;24268,24268,24267.9,24268,0,0,0,0,761.013646708119
|||;24268,24268,24267.9,24268,0,0,0,0,766.013646708119
|||;24268,24268,24267.9,24268,0,0,0,0,771.013646708119
|||;24268,24268,24267.9,24268,0,0,0,0,776.013646708119
|||;24268,24268,24267.9,24268,0,0,0,0,781.013646708119
|||;24268,24268,24267.9,24268,0,0,0,0,786.013646708119
|||;24268,24268,24267.9,24268,0,0,0,0,791.013646708119
|||;24268,24268,24267.9,24268,0,0,0,0,796.013646708119
|||;24268,24268,24267.9,24268,0,0,0,0,801.013646708119
|||;24268,24268,24267.9,24268,0,0,0,0,806.013646708119
|||;24268,24268,24267.9,24268,0,0,0,0,811.013646708119
|||;24268,24268,24267.9,24268,0,0,0,0,816.013646708119
|||;24268,24268,24267.9,24268,0,0,0,0,821.013646708119
|||;24268,24268,24267.9,24268,0,0,0,0,826.013646708119
|||;24268,24268,24267.9,24268,0,0,0,0,831.013646708119
|||;24268,24268,24267.9,24268,0,0,0,0,836.013646708119
|||;24268,24268,24267.9,24268,0,0,0,0,841.013646708119
|||;24268,24268,24267.9,24268,0,0,0,0,846.013646708119
|||;24268,24268,24267.9,24268,0,0,0,0,851.013646708119
|||;24268,24268,24267.9,24268,0,0,0,0,856.013646708119
|||;24268,24268,24267.9,24268,0,0,0,0,861.013646708119
|||;24268,24268,24267.9,24268,0,0,0,0,866.013646708119
|||;24268,24268,24267.9,24268,0,0,0,0,871.013646708119
|||;24268,24268,24267.9,24268,0,0,0,0,876.013646708119
|||;24268,24268,24267.9,24268,0,0,0,0,881.013646708119
|||;24268,24268,24267.9,24268,0,0,0,0,886.013646708119
|||;24268,24268,24267.9,24268,0,0,0,0,891.013646708119
|||;24268,24268,24267.9,24268,0,0,0,0,896.013646708119
|||;24268,24268,24267.9,24268,0,0,0,0,901.013646708119
|||;24268,24268,24267.9,24268,0,0,0,0,906.013646708119
|||;24268,24268,24267.9,24268,0,0,0,0,911.013646708119
|||;24268,24268,24267.9,24268,0,0,0,0,916.013646708119
|||;24268,24268,24267.9,24268,0,0,0,0,921.013646708119
|||;24268,24268,24267.9,24268,0,0,0,0,926.013646708119
|||;24268,24268,24267.9,24268,0,0,0,0,931.013646708119
|||;24268,24268,24267.9,24268,0,0,0,0,936.013646708119
|||;24268,24268,24267.9,24268,0,0,0,0,941.013646708119
|||;24268,24268,24267.9,24268,0,0,0,0,946.013646708119
|||;24268,24268,24267.9,24268,0,0,0,0,951.013646708119
|||;24268,24268,24267.9,24268,0,0,0,0,956.013646708119
|||;24268,24268,24267.9,24268,0,0,0,0,961.013646708119
|||;24268,24268,24267.9,24268,0,0,0,0,966.013646708119
|||;24268,24268,24267.9,24268,0,0,0,0,971.013646708119
|||;24268,24268,24267.9,24268,0,0,0,0,976.013646708119
|||;24268,24268,24267.9,24268,0,0,0,0,981.013646708119
|||;24268,24268,24267.9,24268,0,0,0,0,986.013646708119
|||;24268,24268,24267.9,24268,0,0,0,0,991.013646708119
|||;24268,24268,24267.9,24268,0,0,0,0,996.013646708119
|||;24268,24268,24267.9,24268,0,0,0,0,1001.013646708119
|||;24268,24268,24267.9,24268,0,0,0,0,1006.013646708119
|||;24268,24268,24267.9,24268,0,0,0,0,1011.013646708119
|||;24268,24268,24267.9,24268,0,0,0,0,1016.013646708119
|||;24268,24268,24267.9,24268,0,0,0,0,1021.013646708119
|||;24268,24268,24267.9,24268,0,0,0,0,1026.013646708119
|||;24268,24268,24267.9,24268,0,0,0,0,1031.013646708119
|||;24268,24268,24267.9,24268,0,0,0,0,1036.013646708119
|||;24268,24268,24267.9,24268,0,0,0,0,1041.013646708119
|||;24268,24268,24267.9,24268,0,0,0,0,1046.013646708119
|||;24268,24268,24267.9,24268,0,0,0,0,1051.013646708119
|||;24268,24268,24267.9,24268,0,0,0,0,1056.013646708119
|||;24268,24268,24267.9,24268,0,0,0,0,1061.013646708119
|||;24268,24268,24267.9,24268,0,0,0,0,1066.013646708119
|||;24268,24268,24267.9,24268,0,0,0,0,1071.013646708119
|||;24268,24268,24267.9,24268,0,0,0,0,1076.013646708119
|||;24268,24268,24267.9,24268,0,0,0,0,1081.013646708119
|||;24268,24268,24267.9,24268,0,0,0,0,1086.013646708119
|||;24268,24268,24267.9,24268,0,0,0,0,1091.013646708119
|||;24268,24268,24267.9,24268,0,0,0,0,1096.013646708119
|||;24268,24268,24267.9,24268,0,0,0,0,1101.013646708119
|||;24268,24268,24267.9,24268,0,0,0,0,1106.013646708119
|||;24268,24268,24267.9,24268,0,0,0,0,1111.013646708119
|||;24268,24268,24267.9,24268,0,0,0,0,1116.013646708119
|||;24268,24268,24267.9,24268,0,0,0,0,1121.013646708119
|||;24268,24268,24267.9,24268,0,0,0,0,1126.013646708119
|||;24268,24268,24267.9,24268,0,0,0,0,1131.013646708119
|||;24268,24268,24267.9,24268,0,0,0,0,1136.013646708119
|||;24268,24268,24267.9,24268,0,0,0,0,1141.013646708119
|||;24268,24268,24267.9,24268,0,0,0,0,1146.013646708119
|||;24268,24268,24267.9,24268,0,0,0,0,1151.013646708119
|||;24268,24268,24267.9,24268,0,0,0,0,1156.013646708119
|||;24268,24268,24267.9,24268,0,0,0,0,1161.013646708119
|||;24268,24268,24267.9,24268,0,0,0,0,1166.013646708119
|||;24268,24268,24267.9,24268,0,0,0,0,1171.013646708119
|||;24268,24268,24267.9,24268,0,0,0,0,1176.013646708119
|||;24268,24268,24267.9,24268,0,0,0,0,1181.013646708119
|||;24268,24268,24267.9,24268,0,0,0,0,1186.013646708119
|||;24268,24268,24267.9,24268,0,0,0,0,1191.013646708119
|||;24268,24268,24267.9,24268,0,0,0,0,1196.013646708119
|||;24268,24268,24267.9,24268,0,0,0,0,1201.013646708119
|||;24268,24268,24267.9,24268,0,0,0,0,1206.013646708119
|||;24268,24268,24267.9,24268,0,0,0,0,1211.013646708119
|||;24268,24268,24267.9,24268,0,0,0,0,1216.013646708119
|||;24268,24268,24267.9,24268,0,0,0,0,1221.013646708119
|||;24268,24268,24267.9,24268,0,0,0,0,1226.013646708119
|||;24268,24268,24267.9,24268,0,0,0,0,1231.013646708119
|||;24268,24268,24267.9,24268,0,0,0,0,1236.013646708119
|||;24268,24268,24267.9,24268,0,0,0,0,1241.013646708119
|||;24268,24268,24267.9,24268,0,0,0,0,1246.013646708119
|||;24268,24268,24267.9,24268,0,0,0,0,1251.013646708119
|||;24268,24268,24267.9,24268,0,0,0,0,1256.013646708119
|||;24268,24268,24267.9,24268,0,0,0,0,1261.013646708119
|||;24268,24268,24267.9,24268,0,0,0,0,1266.013646708119
|||;24268,24268,24267.9,24268,0,0,0,0,1271.013646708119
|||;24268,24268,24267.9,24268,0,0,0,0,1276.013646708119
|||;24268,24268,24267.9,24268,0,0,0,0,1281.013646708119
|||;24268,24268,24267.9,24268,0,0,0,0,1286.013646708119
|||;24268,24268,24267.9,24268,0,0,0,0,1291.013646708119
|||;24268,24268,24267.9,24268,0,0,0,0,1296.013646708119
|||;24268,24268,24267.9,24268,0,0,0,0,1301.013646708119
|||;24268,24268,24267.9,24268,0,0,0,0,1306.013646708119
|||;24268,24268,24267.9,24268,0,0,0,0,1311.013646708119
|||;24268,24268,24267.9,24268,0,0,0,0,1316.013646708119
|||;24268,24268,24267.9,24268,0,0,0,0,1321.013646708119
|||;24268,24268,24267.9,24268,0,0,0,0,1326.013646708119
|||;24268,24268,24267.9,24268,0,0,0,0,1331.013646708119
|||;24268,24268,24267.9,24268,0,0,0,0,1336.013646708119
|||;24268,24268,24267.9,24268,0,0,0,0,1341.013646708119
|||;24268,24268,24267.9,24268,0,0,0,0,1346.013646708119
|||;24268,24268,24267.9,24268,0,0,0,0,1351.013646708119
|||;24268,24268,24267.9,24268,0,0,0,0,1356.013646708119
|||;24268,24268,24267.9,24268,0,0,0,0,1361.013646708119
|||;24268,24268,24267.9,24268,0,0,0,0,1366.013646708119
|||;24268,24268,24267.9,24268,0,0,0,0,1371.013646708119
|||;24268,24268,24267.9,24268,0,0,0,0,1376.013646708119
|||;24268,24268,24267.9,24268,0,0,0,0,1381.013646708119
|||;24268,24268,24267.9,24268,0,0,0,0,1386.013646708119
|||;24268,24268,24267.9,24268,0,0,0,0,1391.013646708119
|||;24268,24268,24267.9,24268,0,0,0,0,1396.013646708119
|||;24268,24268,24267.9,24268,0,0,0,0,1401.013646708119
|||;24268,24268,24267.9,24268,0,0,0,0,1406.013646708119
|||;24268,24268,24267.9,24268,0,0,0,0,1411.013646708119
|||;24268,24268,24267.9,24268,0,0,0,0,1416.013646708119
|||;24268,24268,24267.9,24268,0,0,0,0,1421.013646708119
|||;24268,24268,24267.9,24268,0,0,0,0,1426.013646708119
|||;24268,24268,24267.9,24268,0,0,0,0,1431.013646708119
|||;24268,24268,24267.9,24268,0,0,0,0,1436.013646708119
|||;24268,24268,24267.9,24268,0,0,0,0,1441.013646708119
|||;24268,24268,24267.9,24268,0,0,0,0,1446.013646708119
|||;24268,24268,24267.9,24268,0,0,0,0,1451.013646708119
|||;24268,24268,24267.9,24268,0,0,0,0,1456.013646708119
|||;24268,24268,24267.9,24268,0,0,0,0,1461.013646708119
|||;24268,24268,24267.9,24268,0,0,0,0,1466.013646708119
|||;24268,24268,24267.9,24268,0,0,0,0,1471.013646708119
|||;24268,24268,24267.9,24268,0,0,0,0,1476.013646708119
|||;24268,24268,24267.9,24268,0,0,0,0,1481.013646708119
|||;24268,24268,24267.9,24268,0,0,0,0,1486.013646708119
|||;24268,24268,24267.9,24268,0,0,0,0,1491.013646708119
|||;24268,24268,24267.9,24268,0,0,0,0,1496.013646708119
|||;24268,24268,24267.9,24268,0,0,0,0,1501.013646708119
|||;24268,24268,24267.9,24268,0,0,0,0,1506.013646708119
|||;24268,24268,24267.9,24268,0,0,0,0,1511.013646708119
|||;24268,24268,24267.9,24268,0,0,0,0,1516.013646708119
|||;24268,24268,24267.9,24268,0,0,0,0,1521.013646708119
|||;24268,24268,24267.9,24268,0,0,0,0,1526.013646708119
|||;24268,24268,24267.9,24268,0,0,0,0,1531.013646708119
|||;24268,24268,24267.9,24268,0,0,0,0,1536.013646708119
|||;24268,24268,24267.9,24268,0,0,0,0,1541.013646708119
|||;24268,24268,24267.9,24268,0,0,0,0,1546.013646708119
|||;24268,24268,24267.9,24268,0,0,0,0,1551.013646708119
|||;24268,24268,24267.9,24268,0,0,0,0,1556.013646708119
|||;24268,24268,24267.9,24268,0,0,0,0,1561.013646708119
|||;24268,24268,24267.9,24268,0,0,0,0,1566.013646708119
|||;24268,24268,24267.9,24268,0,0,0,0,1571.013646708119
|||;24268,24268,24267.9,24268,0,0,0,0,1576.013646708119
|||;24268,24268,24267.9,24268,0,0,0,0,1581.013646708119
|||;24268,24268,24267.9,24268,0,0,0,0,1586.013646708119
|||;24268,24268,24267.9,24268,0,0,0,0,1591.013646708119
|||;24268,24268,24267.9,24268,0,0,0,0,1596.013646708119
|||;24268,24268,24267.9,24268,0,0,0,0,1601.013646708119
|||;24268,24268,24267.9,24268,0,0,0,0,1606.013646708119
|||;24268,24268,24267.9,24268,0,0,0,0,1611.013646708119
|||;24268,24268,24267.9,24268,0,0,0,0,1616.013646708119
|||;24268,24268,24267.9,24268,0,0,0,0,1621.013646708119
|||;24268,24268,24267.9,24268,0,0,0,0,1626.013646708119
|||;24268,24268,24267.9,24268,0,0,0,0,1631.013646708119
|||;24268,24268,24267.9,24268,0,0,0,0,1636.013646708119
|||;24268,24268,24267.9,24268,0,0,0,0,1641.013646708119
|||;24268,24268,24267.9,24268,0,0,0,0,1646.013646708119
|||;24268,24268,24267.9,24268,0,0,0,0,1651.013646708119
|||;24268,24268,24267.9,24268,0,0,0,0,1656.013646708119
|||;24268,24268,24267.9,24268,0,0,0,0,1661.013646708119
|||;24268,24268,24267.9,24268,0,0,0,0,1666.013646708119
|||;24268,24268,24267.9,24268,0,0,0,0,1671.013646708119
|||;24268,24268,24267.9,24268,0,0,0,0,1676.013646708119
|||;24268,24268,24267.9,24268,0,0,0,0,1681.013646708119
|||;24268,24268,24267.9,24268,0,0,0,0,1686.013646708119
|||;24268,24268,24267.9,24268,0,0,0,0,1691.013646708119
|||;24268,24268,24267.9,24268,0,0,0,0,1696.013646708119
|||;24268,24268,24267.9,24268,0,0,0,0,1701.013646708119
|||;24268,24268,24267.9,24268,0,0,0,0,1706.013646708119
|||;24268,24268,24267.9,24268,0,0,0,0,1711.013646708119
|||;24268,24268,24267.9,24268,0,0,0,0,1716.013646708119
|||;24268,24268,24267.9,24268,0,0,0,0,1721.013646708119
|||;24268,24268,24267.9,24268,0,0,0,0,1726.013646708119
|||;24268,24268,24267.9,24268,0,0,0,0,1731.013646708119
|||;24268,24268,24267.9,24268,0,0,0,0,1736.013646708119
|||;24268,24268,24267.9,24268,0,0,0,0,1741.013646708119
|||;24268,24268,24267.9,24268,0,0,0,0,1746.013646708119
|||;24268,24268,24267.9,24268,0,0,0,0,1751.013646708119
|||;24268,24268,24267.9,24268,0,0,0,0,1756.013646708119
|||;24268,24268,24267.9,24268,0,0,0,0,1761.013646708119
|||;24268,24268,24267.9,24268,0,0,0,0,1766.013646708119
|||;24268,24268,24267.9,24268,0,0,0,0,1771.013646708119
|||;24268,24268,24267.9,24268,0,0,0,0,1776.013646708119
|||;24268,24268,24267.9,24268,0,0,0,0,1781.013646708119
|||;24268,24268,24267.9,24268,0,0,0,0,1786.013646708119
|||;24268,24268,24267.9,24268,0,0,0,0,1791.013646708119
|||;24268,24268,24267.9,24268,0,0,0,0,1796.013646708119
|||;24268,24268,24267.9,24268,0,0,0,0,1801.013646708119
|||;24268,24268,24267.9,24268,0,0,0,0,1806.013646708119
|||;24268,24268,24267.9,24268,0,0,0,0,1811.013646708119
|||;24268,24268,24267.9,24268,0,0,0,0,1816.013646708119
|||;24268,24268,24267.9,24268,0,0,0,0,1821.013646708119
|||;24268,24268,24267.9,24268,0,0,0,0,1826.013646708119
|||;24268,24268,24267.9,24268,0,0,0,0,1831.013646708119
|||;24268,24268,24267.9,24268,0,0,0,0,1836.013646708119
|||;24268,24268,24267.9,24268,0,0,0,0,1841.013646708119
|||;24268,24268,24267.9,24268,0,0,0,0,1846.013646708119
|||;24268,24268,24267.9,24268,0,0,0,0,1851.013646708119
|||;24268,24268,24267.9,24268,0,0,0,0,1856.013646708119
|||;24268,24268,24267.9,24268,0,0,0,0,1861.013646708119
|||;24268,24268,24267.9,24268,0,0,0,0,1866.013646708119
|||;24268,24268,24267.9,24268,0,0,0,0,1871.013646708119
|||;24268,24268,24267.9,24268,0,0,0,0,1876.013646708119
|||;24268,24268,24267.9,24268,0,0,0,0,1881.013646708119
|||;24268,24268,24267.9,24268,0,0,0,0,1886.013646708119
|||;24268,24268,24267.9,24268,0,0,0,0,1891.013646708119
|||;24268,24268,24267.9,24268,0,0,0,0,1896.013646708119
|||;24268,24268,24267.9,24268,0,0,0,0,1901.013646708119
|||;24268,24268,24267.9,24268,0,0,0,0,1906.013646708119
|||;24268,24268,24267.9,24268,0,0,0,0,1911.013646708119
|||;24268,24268,24267.9,24268,0,0,0,0,1916.013646708119
|||;24268,24268,24267.9,24268,0,0,0,0,1921.013646708119
|||;24268,24268,24267.9,24268,0,0,0,0,1926.013646708119
|||;24268,24268,24267.9,24268,0,0,0,0,1931.013646708119
|||;24268,24268,24267.9,24268,0,0,0,0,1936.013646708119
|||;24268,24268,24267.9,24268,0,0,0,0,1941.013646708119
|||;24268,24268,24267.9,24268,0,0,0,0,1946.013646708119
|||;24268,24268,24267.9,24268,0,0,0,0,1951.013646708119
|||;24268,24268,24267.9,24268,0,0,0,0,1956.013646708119
|||;24268,24268,24267.9,24268,0,0,0,0,1961.013646708119
|||;24268,24268,24267.9,24268,0,0,0,0,1966.013646708119
|||;24268,24268,24267.9,24268,0,0,0,0,1971.013646708119
|||;24268,24268,24267.9,24268,0,0,0,0,1976.013646708119
|||;24268,24268,24267.9,24268,0,0,0,0,1981.013646708119
|||;24268,24268,24267.9,24268,0,0,0,0,1986.013646708119
|||;24268,24268,24267.9,24268,0,0,0,0,1991.013646708119
|||;24268,24268,24267.9,24268,0,0,0,0,1996.013646708119
|||;30003,30003,30003,30003,0,0,0,0,1.013646708119
|||;33689,33689,33689,33689,0,0,0,0,1.013646708119
|||;33689,33689,33689,33689,0,0,0,0,6.013646708119
|||;22220,22220,22220,22220,0,0,0,0,1.013646708119
265ovdgf(0),|282cuzem(2),||;13413.6,16690.4,22220,22220,37.871209886968,21.729786160661,0,0,6.013646708119
265ovdgf(2),|282cuzem(2),||;13413.6,16690.4,22220,22220,32.871209886968,16.729786160661,0,0,11.013646708119
265ovdgf(2),|282cuzem(2),||;13413.6,16690.4,22220,22220,27.871209886968,11.729786160661,0,0,16.013646708119
265ovdgf(2),|282cuzem(2),|393xbupr(2),|;13413.6,16690.4,14028,22220,22.871209886968,6.729786160661,33.225318109325,0,21.013646708119
265ovdgf(2),|282cuzem(2),|393xbupr(2),|;13413.6,16690.4,14028,22220,17.871209886968,1.729786160661,28.225318109325,0,26.013646708119
265ovdgf(2),||393xbupr(2),|;13413.6,22220,14028,22220,12.871209886968,0,23.225318109325,0,31.013646708119
265ovdgf(2),||393xbupr(2),|;13413.6,22220,14028,22220,7.871209886968,0,18.225318109325,0,36.013646708119
265ovdgf(2),||393xbupr(2),|;13413.6,22220,14028,22220,2.871209886968,0,13.225318109325,0,41.013646708119
||393xbupr(2),|;22220,22220,14028,22220,0,0,8.225318109325,0,46.013646708119
83ajigq(2),||393xbupr(2),|;14335.2,22220,14028,22220,31.54466083176,0,3.225318109325,0,51.013646708119
83ajigq(2),|||;14335.2,22220,22220,22220,26.54466083176,0,0,0,56.013646708119
|||;25907,25907,25907,25907,0,0,0,0,1.013646708119
|||;25907,25907,25907,25907,0,0,0,0,6.013646708119
|||;36147,36147,36147,36147,0,0,0,0,1.013646708119
|||;32051,32051,32051,32051,0,0,0,0,1.013646708119
|||;23859,23859,23859,23859,0,0,0,0,1.013646708119
|||;28160,28160,28160,28160,0,0,0,0,1.013646708119
|||;28569,28569,28569,28569,0,0,0,0,1.013646708119
|||;28569,28569,28569,28569,0,0,0,0,6.013646708119
|||;28979,28979,28979,28979,0,0,0,0,1.013646708119
|||;20172,20172,20172,20172,0,0,0,0,1.013646708119
|||;35532,35532,35532,35532,0,0,0,0,1.013646708119
|||;35532,35532,35532,35532,0,0,0,0,6.013646708119
|||;26931,26931,26931,26931,0,0,0,0,1.013646708119
|||;26931,26931,26931,26931,0,0,0,0,6.013646708119
|||;24678,24678,24678,24678,0,0,0,0,1.013646708119
