|||;35328,35328,35328,35328,0,0,0,0,1.065114745889
772lcubq(2),|||;33525.8,35328,35328,35328,11.601399818125,0,0,0,6.065114745889
772lcubq(2),|||;33525.8,35328,35328,35328,6.601399818125,0,0,0,11.065114745889
772lcubq(2),|||;33525.8,35328,35328,35328,1.601399818125,0,0,0,16.065114745889
772lcubq(3),|||;33525.8,35328,35328,35328,0,0,0,0,21.065114745889
772lcubq(3),|||;33525.8,35328,35328,35328,0,0,0,0,26.065114745889
772lcubq(3),|||;33525.8,35328,35328,35328,0,0,0,0,31.065114745889
|||;35328,35328,35328,35328,0,0,0,0,36.065114745889
|||;35328,35328,35328,35328,0,0,0,0,41.065114745889
|||;35328,35328,35328,35328,0,0,0,0,46.065114745889
|||;35328,35328,35328,35328,0,0,0,0,51.065114745889
|||;35328,35328,35328,35328,0,0,0,0,56.065114745889
|||;35328,35328,35328,35328,0,0,0,0,61.065114745889
|||;35328,35328,35328,35328,0,0,0,0,66.065114745889
|||;35328,35328,35328,35328,0,0,0,0,71.065114745889
|||;35328,35328,35328,35328,0,0,0,0,76.065114745889
|||;35328,35328,35328,35328,0,0,0,0,81.065114745889
|||;35328,35328,35328,35328,0,0,0,0,86.065114745889
|||;35328,35328,35328,35328,0,0,0,0,91.065114745889
|||;35328,35328,35328,35328,0,0,0,0,96.065114745889
|||;35328,35328,35328,35328,0,0,0,0,101.065114745889
|||;35328,35328,35328,35328,0,0,0,0,106.065114745889
|||;35328,35328,35328,35328,0,0,0,0,111.065114745889
|||;35328,35328,35328,35328,0,0,0,0,116.065114745889
|||;35328,35328,35328,35328,0,0,0,0,121.065114745889
|||;35328,35328,35328,35328,0,0,0,0,126.065114745889
|||;35328,35328,35328,35328,0,0,0,0,131.065114745889
|||;35328,35328,35328,35328,0,0,0,0,136.065114745889
|||;35328,35328,35328,35328,0,0,0,0,141.065114745889
|||;35328,35328,35328,35328,0,0,0,0,146.065114745889
|||;35328,35328,35328,35328,0,0,0,0,151.065114745889
|||;35328,35328,35328,35328,0,0,0,0,156.065114745889
|||;35328,35328,35328,35328,0,0,0,0,161.065114745889
|||;35328,35328,35328,35328,0,0,0,0,166.065114745889
|||;35328,35328,35328,35328,0,0,0,0,171.065114745889
|||;35328,35328,35328,35328,0,0,0,0,176.065114745889
|||;35328,35328,35328,35328,0,0,0,0,181.065114745889
|||;35328,35328,35328,35328,0,0,0,0,186.065114745889
|||;35328,35328,35328,35328,0,0,0,0,191.065114745889
|||;35328,35328,35328,35328,0,0,0,0,196.065114745889
|||;35328,35328,35328,35328,0,0,0,0,201.065114745889
|||;35328,35328,35328,35328,0,0,0,0,206.065114745889
|||;35328,35328,35328,35328,0,0,0,0,211.065114745889
|||;35328,35328,35328,35328,0,0,0,0,216.065114745889
|||;35328,35328,35328,35328,0,0,0,0,221.065114745889
|||;35328,35328,35328,35328,0,0,0,0,226.065114745889
|||;35328,35328,35328,35328,0,0,0,0,231.065114745889
|||;35328,35328,35328,35328,0,0,0,0,236.065114745889
|||;35328,35328,35328,35328,0,0,0,0,241.065114745889
|||;35328,35328,35328,35328,0,0,0,0,246.065114745889
|||;35328,35328,35328,35328,0,0,0,0,251.065114745889
|||;35328,35328,35328,35328,0,0,0,0,256.065114745889
|||;35328,35328,35328,35328,0,0,0,0,261.065114745889
|||;35328,35328,35328,35328,0,0,0,0,266.065114745889
|||;35328,35328,35328,35328,0,0,0,0,271.065114745889
|||;35328,35328,35328,35328,0,0,0,0,276.065114745889
|||;35328,35328,35328,35328,0,0,0,0,281.065114745889
|||;35328,35328,35328,35328,0,0,0,0,286.065114745889
|||;35328,35328,35328,35328,0,0,0,0,291.065114745889
|||;35328,35328,35328,35328,0,0,0,0,296.065114745889
|||;35328,35328,35328,35328,0,0,0,0,301.065114745889
|||;35328,35328,35328,35328,0,0,0,0,306.065114745889
|||;35328,35328,35328,35328,0,0,0,0,311.065114745889
|||;35328,35328,35328,35328,0,0,0,0,316.065114745889
|||;35328,35328,35328,35328,0,0,0,0,321.065114745889
|||;35328,35328,35328,35328,0,0,0,0,326.065114745889
|||;35328,35328,35328,35328,0,0,0,0,331.065114745889
|||;35328,35328,35328,35328,0,0,0,0,336.065114745889
|||;35328,35328,35328,35328,0,0,0,0,341.065114745889
|||;35328,35328,35328,35328,0,0,0,0,346.065114745889
|||;35328,35328,35328,35328,0,0,0,0,351.065114745889
|||;35328,35328,35328,35328,0,0,0,0,356.065114745889
|||;35328,35328,35328,35328,0,0,0,0,361.065114745889
|||;35328,35328,35328,35328,0,0,0,0,366.065114745889
|||;35328,35328,35328,35328,0,0,0,0,371.065114745889
|||;35328,35328,35328,35328,0,0,0,0,376.065114745889
|||;35328,35328,35328,35328,0,0,0,0,381.065114745889
|||;35328,35328,35328,35328,0,0,0,0,386.065114745889
|||;35328,35328,35328,35328,0,0,0,0,391.065114745889
|||;35328,35328,35328,35328,0,0,0,0,396.065114745889
|||;35328,35328,35328,35328,0,0,0,0,401.065114745889
|||;35328,35328,35328,35328,0,0,0,0,406.065114745889
|||;35328,35328,35328,35328,0,0,0,0,411.065114745889
|||;35328,35328,35328,35328,0,0,0,0,416.065114745889
|||;35328,35328,35328,35328,0,0,0,0,421.065114745889
|||;35328,35328,35328,35328,0,0,0,0,426.065114745889
|||;35328,35328,35328,35328,0,0,0,0,431.065114745889
|||;35328,35328,35328,35328,0,0,0,0,436.065114745889
|||;35328,35328,35328,35328,0,0,0,0,441.065114745889
|||;35328,35328,35328,35328,0,0,0,0,446.065114745889
|||;35328,35328,35328,35328,0,0,0,0,451.065114745889
|||;35328,35328,35328,35328,0,0,0,0,456.065114745889
|||;35328,35328,35328,35328,0,0,0,0,461.065114745889
|||;35328,35328,35328,35328,0,0,0,0,466.065114745889
|||;35328,35328,35328,35328,0,0,0,0,471.065114745889
|||;35328,35328,35328,35328,0,0,0,0,476.065114745889
|||;35328,35328,35328,35328,0,0,0,0,481.065114745889
|||;35328,35328,35328,35328,0,0,0,0,486.065114745889
|||;35328,35328,35328,35328,0,0,0,0,491.065114745889
|||;35328,35328,35328,35328,0,0,0,0,496.065114745889
|||;35328,35328,35328,35328,0,0,0,0,501.065114745889
|||;35328,35328,35328,35328,0,0,0,0,506.065114745889
|||;35328,35328,35328,35328,0,0,0,0,511.065114745889
|||;35328,35328,35328,35328,0,0,0,0,516.065114745889
|||;35328,35328,35328,35328,0,0,0,0,521.065114745889
|||;35328,35328,35328,35328,0,0,0,0,526.065114745889
|||;35328,35328,35328,35328,0,0,0,0,531.065114745889
|||;35328,35328,35328,35328,0,0,0,0,536.065114745889
|||;35328,35328,35328,35328,0,0,0,0,541.065114745889
|||;35328,35328,35328,35328,0,0,0,0,546.065114745889
|||;35328,35328,35328,35328,0,0,0,0,551.065114745889
|||;35328,35328,35328,35328,0,0,0,0,556.065114745889
|||;35328,35328,35328,35328,0,0,0,0,561.065114745889
|||;35328,35328,35328,35328,0,0,0,0,566.065114745889
|||;35328,35328,35328,35328,0,0,0,0,571.065114745889
|||;35328,35328,35328,35328,0,0,0,0,576.065114745889
|||;35328,35328,35328,35328,0,0,0,0,581.065114745889
|||;35328,35328,35328,35328,0,0,0,0,586.065114745889
|||;35328,35328,35328,35328,0,0,0,0,591.065114745889
|||;35328,35328,35328,35328,0,0,0,0,596.065114745889
|||;35328,35328,35328,35328,0,0,0,0,601.065114745889
|||;35328,35328,35328,35328,0,0,0,0,606.065114745889
|||;35328,35328,35328,35328,0,0,0,0,611.065114745889
|||;35328,35328,35328,35328,0,0,0,0,616.065114745889
|||;35328,35328,35328,35328,0,0,0,0,621.065114745889
|||;35328,35328,35328,35328,0,0,0,0,626.065114745889
|||;35328,35328,35328,35328,0,0,0,0,631.065114745889
|||;35328,35328,35328,35328,0,0,0,0,636.065114745889
|||;35328,35328,35328,35328,0,0,0,0,641.065114745889
|||;35328,35328,35328,35328,0,0,0,0,646.065114745889
|||;35328,35328,35328,35328,0,0,0,0,651.065114745889
|||;35328,35328,35328,35328,0,0,0,0,656.065114745889
|||;35328,35328,35328,35328,0,0,0,0,661.065114745889
|||;35328,35328,35328,35328,0,0,0,0,666.065114745889
|||;35328,35328,35328,35328,0,0,0,0,671.065114745889
|||;35328,35328,35328,35328,0,0,0,0,676.065114745889
|||;35328,35328,35328,35328,0,0,0,0,681.065114745889
|||;35328,35328,35328,35328,0,0,0,0,686.065114745889
|||;35328,35328,35328,35328,0,0,0,0,691.065114745889
|||;35328,35328,35328,35328,0,0,0,0,696.065114745889
|||;35328,35328,35328,35328,0,0,0,0,701.065114745889
|||;35328,35328,35328,35328,0,0,0,0,706.065114745889
|||;35328,35328,35328,35328,0,0,0,0,711.065114745889
|||;35328,35328,35328,35328,0,0,0,0,716.065114745889
|||;35328,35328,35328,35328,0,0,0,0,721.065114745889
|||;35328,35328,35328,35328,0,0,0,0,726.065114745889
|||;35328,35328,35328,35328,0,0,0,0,731.065114745889
|||;35328,35328,35328,35328,0,0,0,0,736.065114745889
|||;35328,35328,35328,35328,0,0,0,0,741.065114745889
|||;35328,35328,35328,35328,0,0,0,0,746.065114745889
|||;35328,35328,35328,35328,0,0,0,0,751.065114745889
|||;35328,35328,35328,35328,0,0,0,0,756.065114745889
|||;35328,35328,35328,35328,0,0,0,0,761.065114745889
|||;35328,35328,35328,35328,0,0,0,0,766.065114745889
|||;35328,35328,35328,35328,0,0,0,0,771.065114745889
|||;35328,35328,35328,35328,0,0,0,0,776.065114745889
|||;35328,35328,35328,35328,0,0,0,0,781.065114745889
|||;35328,35328,35328,35328,0,0,0,0,786.065114745889
|||;35328,35328,35328,35328,0,0,0,0,791.065114745889
|||;35328,35328,35328,35328,0,0,0,0,796.065114745889
|||;35328,35328,35328,35328,0,0,0,0,801.065114745889
|||;35328,35328,35328,35328,0,0,0,0,806.065114745889
|||;35328,35328,35328,35328,0,0,0,0,811.065114745889
|||;35328,35328,35328,35328,0,0,0,0,816.065114745889
|||;35328,35328,35328,35328,0,0,0,0,821.065114745889
|||;35328,35328,35328,35328,0,0,0,0,826.065114745889
|||;35328,35328,35328,35328,0,0,0,0,831.065114745889
|||;35328,35328,35328,35328,0,0,0,0,836.065114745889
|||;35328,35328,35328,35328,0,0,0,0,841.065114745889
|||;35328,35328,35328,35328,0,0,0,0,846.065114745889
|||;35328,35328,35328,35328,0,0,0,0,851.065114745889
|||;35328,35328,35328,35328,0,0,0,0,856.065114745889
|||;35328,35328,35328,35328,0,0,0,0,861.065114745889
|||;35328,35328,35328,35328,0,0,0,0,866.065114745889
|||;35328,35328,35328,35328,0,0,0,0,871.065114745889
|||;35328,35328,35328,35328,0,0,0,0,876.065114745889
|||;35328,35328,35328,35328,0,0,0,0,881.065114745889
|||;35328,35328,35328,35328,0,0,0,0,886.065114745889
|||;35328,35328,35328,35328,0,0,0,0,891.065114745889
|||;35328,35328,35328,35328,0,0,0,0,896.065114745889
|||;35328,35328,35328,35328,0,0,0,0,901.065114745889
|||;35328,35328,35328,35328,0,0,0,0,906.065114745889
|||;35328,35328,35328,35328,0,0,0,0,911.065114745889
|||;35328,35328,35328,35328,0,0,0,0,916.065114745889
|||;35328,35328,35328,35328,0,0,0,0,921.065114745889
|||;35328,35328,35328,35328,0,0,0,0,926.065114745889
|||;35328,35328,35328,35328,0,0,0,0,931.065114745889
|||;35328,35328,35328,35328,0,0,0,0,936.065114745889
|||;35328,35328,35328,35328,0,0,0,0,941.065114745889
|||;35328,35328,35328,35328,0,0,0,0,946.065114745889
|||;35328,35328,35328,35328,0,0,0,0,951.065114745889
|||;35328,35328,35328,35328,0,0,0,0,956.065114745889
|||;35328,35328,35328,35328,0,0,0,0,961.065114745889
|||;35328,35328,35328,35328,0,0,0,0,966.065114745889
|||;35328,35328,35328,35328,0,0,0,0,971.065114745889
|||;35328,35328,35328,35328,0,0,0,0,976.065114745889
|||;35328,35328,35328,35328,0,0,0,0,981.065114745889
|||;35328,35328,35328,35328,0,0,0,0,986.065114745889
|||;35328,35328,35328,35328,0,0,0,0,991.065114745889
|||;35328,35328,35328,35328,0,0,0,0,996.065114745889
|||;35328,35328,35328,35328,0,0,0,0,1001.065114745889
|||;35328,35328,35328,35328,0,0,0,0,1006.065114745889
|||;35328,35328,35328,35328,0,0,0,0,1011.065114745889
|||;35328,35328,35328,35328,0,0,0,0,1016.065114745889
|||;35328,35328,35328,35328,0,0,0,0,1021.065114745889
|||;35328,35328,35328,35328,0,0,0,0,1026.065114745889
|||;35328,35328,35328,35328,0,0,0,0,1031.065114745889
|||;35328,35328,35328,35328,0,0,0,0,1036.065114745889
|||;35328,35328,35328,35328,0,0,0,0,1041.065114745889
|||;35328,35328,35328,35328,0,0,0,0,1046.065114745889
|||;35328,35328,35328,35328,0,0,0,0,1051.065114745889
|||;35328,35328,35328,35328,0,0,0,0,1056.065114745889
|||;35328,35328,35328,35328,0,0,0,0,1061.065114745889
|||;35328,35328,35328,35328,0,0,0,0,1066.065114745889
|||;35328,35328,35328,35328,0,0,0,0,1071.065114745889
|||;35328,35328,35328,35328,0,0,0,0,1076.065114745889
|||;35328,35328,35328,35328,0,0,0,0,1081.065114745889
|||;35328,35328,35328,35328,0,0,0,0,1086.065114745889
|||;35328,35328,35328,35328,0,0,0,0,1091.065114745889
|||;35328,35328,35328,35328,0,0,0,0,1096.065114745889
|||;35328,35328,35328,35328,0,0,0,0,1101.065114745889
|||;35328,35328,35328,35328,0,0,0,0,1106.065114745889
|||;35328,35328,35328,35328,0,0,0,0,1111.065114745889
|||;35328,35328,35328,35328,0,0,0,0,1116.065114745889
|||;35328,35328,35328,35328,0,0,0,0,1121.065114745889
|||;35328,35328,35328,35328,0,0,0,0,1126.065114745889
|||;35328,35328,35328,35328,0,0,0,0,1131.065114745889
|||;35328,35328,35328,35328,0,0,0,0,1136.065114745889
|||;35328,35328,35328,35328,0,0,0,0,1141.065114745889
|||;35328,35328,35328,35328,0,0,0,0,1146.065114745889
|||;35328,35328,35328,35328,0,0,0,0,1151.065114745889
|||;35328,35328,35328,35328,0,0,0,0,1156.065114745889
|||;35328,35328,35328,35328,0,0,0,0,1161.065114745889
|||;35328,35328,35328,35328,0,0,0,0,1166.065114745889
|||;35328,35328,35328,35328,0,0,0,0,1171.065114745889
|||;35328,35328,35328,35328,0,0,0,0,1176.065114745889
|||;35328,35328,35328,35328,0,0,0,0,1181.065114745889
|||;35328,35328,35328,35328,0,0,0,0,1186.065114745889
|||;35328,35328,35328,35328,0,0,0,0,1191.065114745889
|||;35328,35328,35328,35328,0,0,0,0,1196.065114745889
|||;35328,35328,35328,35328,0,0,0,0,1201.065114745889
|||;35328,35328,35328,35328,0,0,0,0,1206.065114745889
|||;35328,35328,35328,35328,0,0,0,0,1211.065114745889
|||;35328,35328,35328,35328,0,0,0,0,1216.065114745889
|||;35328,35328,35328,35328,0,0,0,0,1221.065114745889
|||;35328,35328,35328,35328,0,0,0,0,1226.065114745889
|||;35328,35328,35328,35328,0,0,0,0,1231.065114745889
|||;35328,35328,35328,35328,0,0,0,0,1236.065114745889
|||;35328,35328,35328,35328,0,0,0,0,1241.065114745889
|||;35328,35328,35328,35328,0,0,0,0,1246.065114745889
|||;35328,35328,35328,35328,0,0,0,0,1251.065114745889
|||;35328,35328,35328,35328,0,0,0,0,1256.065114745889
|||;35328,35328,35328,35328,0,0,0,0,1261.065114745889
|||;35328,35328,35328,35328,0,0,0,0,1266.065114745889
|||;35328,35328,35328,35328,0,0,0,0,1271.065114745889
|||;35328,35328,35328,35328,0,0,0,0,1276.065114745889
|||;35328,35328,35328,35328,0,0,0,0,1281.065114745889
|||;35328,35328,35328,35328,0,0,0,0,1286.065114745889
|||;35328,35328,35328,35328,0,0,0,0,1291.065114745889
|||;35328,35328,35328,35328,0,0,0,0,1296.065114745889
|||;35328,35328,35328,35328,0,0,0,0,1301.065114745889
|||;35328,35328,35328,35328,0,0,0,0,1306.065114745889
|||;35328,35328,35328,35328,0,0,0,0,1311.065114745889
|||;35328,35328,35328,35328,0,0,0,0,1316.065114745889
|||;35328,35328,35328,35328,0,0,0,0,1321.065114745889
|||;35328,35328,35328,35328,0,0,0,0,1326.065114745889
|||;35328,35328,35328,35328,0,0,0,0,1331.065114745889
|||;35328,35328,35328,35328,0,0,0,0,1336.065114745889
|||;35328,35328,35328,35328,0,0,0,0,1341.065114745889
|||;35328,35328,35328,35328,0,0,0,0,1346.065114745889
|||;35328,35328,35328,35328,0,0,0,0,1351.065114745889
|||;35328,35328,35328,35328,0,0,0,0,1356.065114745889
|||;35328,35328,35328,35328,0,0,0,0,1361.065114745889
|||;35328,35328,35328,35328,0,0,0,0,1366.065114745889
|||;35328,35328,35328,35328,0,0,0,0,1371.065114745889
|||;35328,35328,35328,35328,0,0,0,0,1376.065114745889
|||;35328,35328,35328,35328,0,0,0,0,1381.065114745889
|||;35328,35328,35328,35328,0,0,0,0,1386.065114745889
|||;35328,35328,35328,35328,0,0,0,0,1391.065114745889
|||;35328,35328,35328,35328,0,0,0,0,1396.065114745889
|||;35328,35328,35328,35328,0,0,0,0,1401.065114745889
|||;35328,35328,35328,35328,0,0,0,0,1406.065114745889
|||;35328,35328,35328,35328,0,0,0,0,1411.065114745889
|||;35328,35328,35328,35328,0,0,0,0,1416.065114745889
|||;35328,35328,35328,35328,0,0,0,0,1421.065114745889
|||;35328,35328,35328,35328,0,0,0,0,1426.065114745889
|||;35328,35328,35328,35328,0,0,0,0,1431.065114745889
|||;35328,35328,35328,35328,0,0,0,0,1436.065114745889
|||;35328,35328,35328,35328,0,0,0,0,1441.065114745889
|||;35328,35328,35328,35328,0,0,0,0,1446.065114745889
|||;35328,35328,35328,35328,0,0,0,0,1451.065114745889
|||;35328,35328,35328,35328,0,0,0,0,1456.065114745889
|||;35328,35328,35328,35328,0,0,0,0,1461.065114745889
|||;35328,35328,35328,35328,0,0,0,0,1466.065114745889
|||;35328,35328,35328,35328,0,0,0,0,1471.065114745889
|||;35328,35328,35328,35328,0,0,0,0,1476.065114745889
|||;35328,35328,35328,35328,0,0,0,0,1481.065114745889
|||;35328,35328,35328,35328,0,0,0,0,1486.065114745889
|||;35328,35328,35328,35328,0,0,0,0,1491.065114745889
|||;35328,35328,35328,35328,0,0,0,0,1496.065114745889
|||;35328,35328,35328,35328,0,0,0,0,1501.065114745889
|||;35328,35328,35328,35328,0,0,0,0,1506.065114745889
|||;35328,35328,35328,35328,0,0,0,0,1511.065114745889
|||;35328,35328,35328,35328,0,0,0,0,1516.065114745889
|||;35328,35328,35328,35328,0,0,0,0,1521.065114745889
|||;35328,35328,35328,35328,0,0,0,0,1526.065114745889
|||;35328,35328,35328,35328,0,0,0,0,1531.065114745889
|||;35328,35328,35328,35328,0,0,0,0,1536.065114745889
|||;35328,35328,35328,35328,0,0,0,0,1541.065114745889
|||;35328,35328,35328,35328,0,0,0,0,1546.065114745889
|||;35328,35328,35328,35328,0,0,0,0,1551.065114745889
|||;35328,35328,35328,35328,0,0,0,0,1556.065114745889
|||;35328,35328,35328,35328,0,0,0,0,1561.065114745889
|||;35328,35328,35328,35328,0,0,0,0,1566.065114745889
|||;35328,35328,35328,35328,0,0,0,0,1571.065114745889
|||;35328,35328,35328,35328,0,0,0,0,1576.065114745889
|||;35328,35328,35328,35328,0,0,0,0,1581.065114745889
|||;35328,35328,35328,35328,0,0,0,0,1586.065114745889
|||;35328,35328,35328,35328,0,0,0,0,1591.065114745889
|||;35328,35328,35328,35328,0,0,0,0,1596.065114745889
|||;35328,35328,35328,35328,0,0,0,0,1601.065114745889
|||;35328,35328,35328,35328,0,0,0,0,1606.065114745889
|||;35328,35328,35328,35328,0,0,0,0,1611.065114745889
|||;35328,35328,35328,35328,0,0,0,0,1616.065114745889
|||;35328,35328,35328,35328,0,0,0,0,1621.065114745889
|||;35328,35328,35328,35328,0,0,0,0,1626.065114745889
|||;35328,35328,35328,35328,0,0,0,0,1631.065114745889
|||;35328,35328,35328,35328,0,0,0,0,1636.065114745889
|||;35328,35328,35328,35328,0,0,0,0,1641.065114745889
|||;35328,35328,35328,35328,0,0,0,0,1646.065114745889
|||;35328,35328,35328,35328,0,0,0,0,1651.065114745889
|||;35328,35328,35328,35328,0,0,0,0,1656.065114745889
|||;35328,35328,35328,35328,0,0,0,0,1661.065114745889
|||;35328,35328,35328,35328,0,0,0,0,1666.065114745889
|||;35328,35328,35328,35328,0,0,0,0,1671.065114745889
|||;35328,35328,35328,35328,0,0,0,0,1676.065114745889
|||;35328,35328,35328,35328,0,0,0,0,1681.065114745889
|||;35328,35328,35328,35328,0,0,0,0,1686.065114745889
|||;35328,35328,35328,35328,0,0,0,0,1691.065114745889
|||;35328,35328,35328,35328,0,0,0,0,1696.065114745889
|||;35328,35328,35328,35328,0,0,0,0,1701.065114745889
|||;35328,35328,35328,35328,0,0,0,0,1706.065114745889
|||;35328,35328,35328,35328,0,0,0,0,1711.065114745889
|||;35328,35328,35328,35328,0,0,0,0,1716.065114745889
|||;35328,35328,35328,35328,0,0,0,0,1721.065114745889
|||;35328,35328,35328,35328,0,0,0,0,1726.065114745889
|||;35328,35328,35328,35328,0,0,0,0,1731.065114745889
|||;35328,35328,35328,35328,0,0,0,0,1736.065114745889
|||;35328,35328,35328,35328,0,0,0,0,1741.065114745889
|||;35328,35328,35328,35328,0,0,0,0,1746.065114745889
|||;35328,35328,35328,35328,0,0,0,0,1751.065114745889
|||;35328,35328,35328,35328,0,0,0,0,1756.065114745889
|||;35328,35328,35328,35328,0,0,0,0,1761.065114745889
|||;35328,35328,35328,35328,0,0,0,0,1766.065114745889
|||;35328,35328,35328,35328,0,0,0,0,1771.065114745889
|||;35328,35328,35328,35328,0,0,0,0,1776.065114745889
|||;35328,35328,35328,35328,0,0,0,0,1781.065114745889
|||;35328,35328,35328,35328,0,0,0,0,1786.065114745889
|||;35328,35328,35328,35328,0,0,0,0,1791.065114745889
|||;35328,35328,35328,35328,0,0,0,0,1796.065114745889
|||;35328,35328,35328,35328,0,0,0,0,1801.065114745889
|||;35328,35328,35328,35328,0,0,0,0,1806.065114745889
|||;35328,35328,35328,35328,0,0,0,0,1811.065114745889
|||;35328,35328,35328,35328,0,0,0,0,1816.065114745889
|||;35328,35328,35328,35328,0,0,0,0,1821.065114745889
|||;35328,35328,35328,35328,0,0,0,0,1826.065114745889
|||;35328,35328,35328,35328,0,0,0,0,1831.065114745889
|||;35328,35328,35328,35328,0,0,0,0,1836.065114745889
|||;35328,35328,35328,35328,0,0,0,0,1841.065114745889
|||;35328,35328,35328,35328,0,0,0,0,1846.065114745889
|||;35328,35328,35328,35328,0,0,0,0,1851.065114745889
|||;35328,35328,35328,35328,0,0,0,0,1856.065114745889
|||;35328,35328,35328,35328,0,0,0,0,1861.065114745889
|||;35328,35328,35328,35328,0,0,0,0,1866.065114745889
|||;35328,35328,35328,35328,0,0,0,0,1871.065114745889
|||;35328,35328,35328,35328,0,0,0,0,1876.065114745889
|||;35328,35328,35328,35328,0,0,0,0,1881.065114745889
|||;35328,35328,35328,35328,0,0,0,0,1886.065114745889
|||;35328,35328,35328,35328,0,0,0,0,1891.065114745889
|||;35328,35328,35328,35328,0,0,0,0,1896.065114745889
|||;35328,35328,35328,35328,0,0,0,0,1901.065114745889
|||;35328,35328,35328,35328,0,0,0,0,1906.065114745889
|||;35328,35328,35328,35328,0,0,0,0,1911.065114745889
|||;35328,35328,35328,35328,0,0,0,0,1916.065114745889
|||;35328,35328,35328,35328,0,0,0,0,1921.065114745889
|||;35328,35328,35328,35328,0,0,0,0,1926.065114745889
|||;35328,35328,35328,35328,0,0,0,0,1931.065114745889
|||;35328,35328,35328,35328,0,0,0,0,1936.065114745889
|||;35328,35328,35328,35328,0,0,0,0,1941.065114745889
|||;35328,35328,35328,35328,0,0,0,0,1946.065114745889
|||;35328,35328,35328,35328,0,0,0,0,1951.065114745889
|||;35328,35328,35328,35328,0,0,0,0,1956.065114745889
|||;35328,35328,35328,35328,0,0,0,0,1961.065114745889
|||;35328,35328,35328,35328,0,0,0,0,1966.065114745889
|||;35328,35328,35328,35328,0,0,0,0,1971.065114745889
|||;35328,35328,35328,35328,0,0,0,0,1976.065114745889
|||;35328,35328,35328,35328,0,0,0,0,1981.065114745889
|||;35328,35328,35328,35328,0,0,0,0,1986.065114745889
|||;35328,35328,35328,35328,0,0,0,0,1991.065114745889
|||;35328,35328,35328,35328,0,0,0,0,1996.065114745889
