|||;26931,26931,26931,26931,0,0,0,0,1.09053245835
868vikxz(2),|771arfgl(2),|771arfgl(2),|771arfgl(2),;23603,25538.4,25538.4,25538.4,18.993094685185,7.028717541731,7.028717541731,7.028717541731,6.09053245835
868vikxz(2),|771arfgl(2),|771arfgl(2),|771arfgl(2),;23603,25538.4,25538.4,25538.4,13.993094685185,2.028717541731,2.028717541731,2.028717541731,11.09053245835
868vikxz(2),|||;23603,26931,26931,26931,8.993094685185,0,0,0,16.09053245835
868vikxz(2),|||;23603,26931,26931,26931,3.993094685185,0,0,0,21.09053245835
868vikxz(3),|||;23603,26931,26931,26931,0,0,0,0,26.09053245835
868vikxz(3),|||;23603,26931,26931,26931,0,0,0,0,31.09053245835
868vikxz(3),|||;23603,26931,26931,26931,0,0,0,0,36.09053245835
868vikxz(3),|||;23603,26931,26931,26931,0,0,0,0,41.09053245835
868vikxz(3),|||;23603,26931,26931,26931,0,0,0,0,46.09053245835
868vikxz(3),|||;23603,26931,26931,26931,0,0,0,0,51.09053245835
868vikxz(3),|||;23603,26931,26931,26931,0,0,0,0,56.09053245835
868vikxz(3),|||;23603,26931,26931,26931,0,0,0,0,61.09053245835
868vikxz(3),|||;23603,26931,26931,26931,0,0,0,0,66.09053245835
868vikxz(3),|||;23603,26931,26931,26931,0,0,0,0,71.09053245835
868vikxz(3),|||;23603,26931,26931,26931,0,0,0,0,76.09053245835
868vikxz(3),|||;23603,26931,26931,26931,0,0,0,0,81.09053245835
868vikxz(3),|||;23603,26931,26931,26931,0,0,0,0,86.09053245835
868vikxz(3),|||;23603,26931,26931,26931,0,0,0,0,91.09053245835
868vikxz(3),|||;23603,26931,26931,26931,0,0,0,0,96.09053245835
868vikxz(3),16odjmx(0),|16odjmx(0),|16odjmx(0),|;22312.8,26285.9,26285.9,26931,9.214178434647,5.510436626428,5.510436626428,0,101.09053245835
868vikxz(3),16odjmx(2),|16odjmx(2),|16odjmx(2),|;22312.8,26285.9,26285.9,26931,4.214178434647,0.510436626428,0.510436626428,0,106.09053245835
868vikxz(3),|||;23603,26931,26931,26931,0,0,0,0,111.09053245835
868vikxz(3),|||;23603,26931,26931,26931,0,0,0,0,116.09053245835
868vikxz(3),|||;23603,26931,26931,26931,0,0,0,0,121.09053245835
868vikxz(3),|||;23603,26931,26931,26931,0,0,0,0,126.09053245835
868vikxz(3),|||;23603,26931,26931,26931,0,0,0,0,131.09053245835
868vikxz(3),|||;23603,26931,26931,26931,0,0,0,0,136.09053245835
868vikxz(3),|||;23603,26931,26931,26931,0,0,0,0,141.09053245835
868vikxz(3),|||;23603,26931,26931,26931,0,0,0,0,146.09053245835
868vikxz(3),|||;23603,26931,26931,26931,0,0,0,0,151.09053245835
868vikxz(3),|||;23603,26931,26931,26931,0,0,0,0,156.09053245835
868vikxz(3),|||;23603,26931,26931,26931,0,0,0,0,161.09053245835
868vikxz(3),|||;23603,26931,26931,26931,0,0,0,0,166.09053245835
868vikxz(3),|||;23603,26931,26931,26931,0,0,0,0,171.09053245835
868vikxz(3),|||;23603,26931,26931,26931,0,0,0,0,176.09053245835
868vikxz(3),|||;23603,26931,26931,26931,0,0,0,0,181.09053245835
868vikxz(3),|||;23603,26931,26931,26931,0,0,0,0,186.09053245835
868vikxz(3),|||;23603,26931,26931,26931,0,0,0,0,191.09053245835
868vikxz(3),|||;23603,26931,26931,26931,0,0,0,0,196.09053245835
868vikxz(3),|||;23603,26931,26931,26931,0,0,0,0,201.09053245835
868vikxz(3),|||;23603,26931,26931,26931,0,0,0,0,206.09053245835
868vikxz(3),|||;23603,26931,26931,26931,0,0,0,0,211.09053245835
868vikxz(3),|||;23603,26931,26931,26931,0,0,0,0,216.09053245835
868vikxz(3),|||;23603,26931,26931,26931,0,0,0,0,221.09053245835
868vikxz(3),|||;23603,26931,26931,26931,0,0,0,0,226.09053245835
868vikxz(3),|||;23603,26931,26931,26931,0,0,0,0,231.09053245835
868vikxz(3),|||;23603,26931,26931,26931,0,0,0,0,236.09053245835
868vikxz(3),|||;23603,26931,26931,26931,0,0,0,0,241.09053245835
868vikxz(3),|||;23603,26931,26931,26931,0,0,0,0,246.09053245835
868vikxz(3),|||;23603,26931,26931,26931,0,0,0,0,251.09053245835
868vikxz(3),|||;23603,26931,26931,26931,0,0,0,0,256.09053245835
868vikxz(3),|||;23603,26931,26931,26931,0,0,0,0,261.09053245835
868vikxz(3),|||;23603,26931,26931,26931,0,0,0,0,266.09053245835
868vikxz(3),|||;23603,26931,26931,26931,0,0,0,0,271.09053245835
868vikxz(3),|||;23603,26931,26931,26931,0,0,0,0,276.09053245835
868vikxz(3),|||;23603,26931,26931,26931,0,0,0,0,281.09053245835
868vikxz(3),|||;23603,26931,26931,26931,0,0,0,0,286.09053245835
868vikxz(3),|||;23603,26931,26931,26931,0,0,0,0,291.09053245835
868vikxz(3),|||;23603,26931,26931,26931,0,0,0,0,296.09053245835
868vikxz(3),|||;23603,26931,26931,26931,0,0,0,0,301.09053245835
868vikxz(3),|||;23603,26931,26931,26931,0,0,0,0,306.09053245835
868vikxz(3),|||;23603,26931,26931,26931,0,0,0,0,311.09053245835
868vikxz(3),|||;23603,26931,26931,26931,0,0,0,0,316.09053245835
868vikxz(3),|||;23603,26931,26931,26931,0,0,0,0,321.09053245835
868vikxz(3),|||;23603,26931,26931,26931,0,0,0,0,326.09053245835
868vikxz(3),|||;23603,26931,26931,26931,0,0,0,0,331.09053245835
868vikxz(3),|||;23603,26931,26931,26931,0,0,0,0,336.09053245835
868vikxz(3),|||;23603,26931,26931,26931,0,0,0,0,341.09053245835
868vikxz(3),|||;23603,26931,26931,26931,0,0,0,0,346.09053245835
868vikxz(3),|||;23603,26931,26931,26931,0,0,0,0,351.09053245835
868vikxz(3),|||;23603,26931,26931,26931,0,0,0,0,356.09053245835
868vikxz(3),|||;23603,26931,26931,26931,0,0,0,0,361.09053245835
868vikxz(3),|||;23603,26931,26931,26931,0,0,0,0,366.09053245835
868vikxz(3),|||;23603,26931,26931,26931,0,0,0,0,371.09053245835
868vikxz(3),|||;23603,26931,26931,26931,0,0,0,0,376.09053245835
868vikxz(3),|||;23603,26931,26931,26931,0,0,0,0,381.09053245835
868vikxz(3),|||;23603,26931,26931,26931,0,0,0,0,386.09053245835
868vikxz(3),|||;23603,26931,26931,26931,0,0,0,0,391.09053245835
868vikxz(3),|||;23603,26931,26931,26931,0,0,0,0,396.09053245835
868vikxz(3),|||;23603,26931,26931,26931,0,0,0,0,401.09053245835
868vikxz(3),|||;23603,26931,26931,26931,0,0,0,0,406.09053245835
868vikxz(3),|||;23603,26931,26931,26931,0,0,0,0,411.09053245835
868vikxz(3),|||;23603,26931,26931,26931,0,0,0,0,416.09053245835
868vikxz(3),|||;23603,26931,26931,26931,0,0,0,0,421.09053245835
868vikxz(3),|||;23603,26931,26931,26931,0,0,0,0,426.09053245835
868vikxz(3),|||;23603,26931,26931,26931,0,0,0,0,431.09053245835
|||;26931,26931,26931,26931,0,0,0,0,436.09053245835
|||;26931,26931,26931,26931,0,0,0,0,441.09053245835
|||;26931,26931,26931,26931,0,0,0,0,446.09053245835
|||;26931,26931,26931,26931,0,0,0,0,451.09053245835
|||;26931,26931,26931,26931,0,0,0,0,456.09053245835
|||;26931,26931,26931,26931,0,0,0,0,461.09053245835
|||;26931,26931,26931,26931,0,0,0,0,466.09053245835
|||;26931,26931,26931,26931,0,0,0,0,471.09053245835
|||;26931,26931,26931,26931,0,0,0,0,476.09053245835
|||;26931,26931,26931,26931,0,0,0,0,481.09053245835
|||;26931,26931,26931,26931,0,0,0,0,486.09053245835
|||;26931,26931,26931,26931,0,0,0,0,491.09053245835
|||;26931,26931,26931,26931,0,0,0,0,496.09053245835
|||;26931,26931,26931,26931,0,0,0,0,501.09053245835
|||;26931,26931,26931,26931,0,0,0,0,506.09053245835
|||;26931,26931,26931,26931,0,0,0,0,511.09053245835
|||;26931,26931,26931,26931,0,0,0,0,516.09053245835
|||;26931,26931,26931,26931,0,0,0,0,521.09053245835
|||;26931,26931,26931,26931,0,0,0,0,526.09053245835
|||;26931,26931,26931,26931,0,0,0,0,531.09053245835
|||;26931,26931,26931,26931,0,0,0,0,536.09053245835
|||;26931,26931,26931,26931,0,0,0,0,541.09053245835
|||;26931,26931,26931,26931,0,0,0,0,546.09053245835
|||;26931,26931,26931,26931,0,0,0,0,551.09053245835
|||;26931,26931,26931,26931,0,0,0,0,556.09053245835
|||;26931,26931,26931,26931,0,0,0,0,561.09053245835
|||;26931,26931,26931,26931,0,0,0,0,566.09053245835
|||;26931,26931,26931,26931,0,0,0,0,571.09053245835
|||;26931,26931,26931,26931,0,0,0,0,576.09053245835
|||;26931,26931,26931,26931,0,0,0,0,581.09053245835
|||;26931,26931,26931,26931,0,0,0,0,586.09053245835
|||;26931,26931,26931,26931,0,0,0,0,591.09053245835
|||;26931,26931,26931,26931,0,0,0,0,596.09053245835
|||;26931,26931,26931,26931,0,0,0,0,601.09053245835
|||;26931,26931,26931,26931,0,0,0,0,606.09053245835
|||;26931,26931,26931,26931,0,0,0,0,611.09053245835
|||;26931,26931,26931,26931,0,0,0,0,616.09053245835
|||;26931,26931,26931,26931,0,0,0,0,621.09053245835
|||;26931,26931,26931,26931,0,0,0,0,626.09053245835
|||;26931,26931,26931,26931,0,0,0,0,631.09053245835
|||;26931,26931,26931,26931,0,0,0,0,636.09053245835
|||;26931,26931,26931,26931,0,0,0,0,641.09053245835
|||;26931,26931,26931,26931,0,0,0,0,646.09053245835
|||;26931,26931,26931,26931,0,0,0,0,651.09053245835
|||;26931,26931,26931,26931,0,0,0,0,656.09053245835
|||;26931,26931,26931,26931,0,0,0,0,661.09053245835
|||;26931,26931,26931,26931,0,0,0,0,666.09053245835
|||;26931,26931,26931,26931,0,0,0,0,671.09053245835
|||;26931,26931,26931,26931,0,0,0,0,676.09053245835
|||;26931,26931,26931,26931,0,0,0,0,681.09053245835
|||;26931,26931,26931,26931,0,0,0,0,686.09053245835
|||;26931,26931,26931,26931,0,0,0,0,691.09053245835
|||;26931,26931,26931,26931,0,0,0,0,696.09053245835
|||;26931,26931,26931,26931,0,0,0,0,701.09053245835
|||;26931,26931,26931,26931,0,0,0,0,706.09053245835
|||;26931,26931,26931,26931,0,0,0,0,711.09053245835
|||;26931,26931,26931,26931,0,0,0,0,716.09053245835
|||;26931,26931,26931,26931,0,0,0,0,721.09053245835
|||;26931,26931,26931,26931,0,0,0,0,726.09053245835
|||;26931,26931,26931,26931,0,0,0,0,731.09053245835
|||;26931,26931,26931,26931,0,0,0,0,736.09053245835
|||;26931,26931,26931,26931,0,0,0,0,741.09053245835
|||;26931,26931,26931,26931,0,0,0,0,746.09053245835
|||;26931,26931,26931,26931,0,0,0,0,751.09053245835
|||;26931,26931,26931,26931,0,0,0,0,756.09053245835
|||;26931,26931,26931,26931,0,0,0,0,761.09053245835
|||;26931,26931,26931,26931,0,0,0,0,766.09053245835
|||;26931,26931,26931,26931,0,0,0,0,771.09053245835
|||;26931,26931,26931,26931,0,0,0,0,776.09053245835
|||;26931,26931,26931,26931,0,0,0,0,781.09053245835
|||;26931,26931,26931,26931,0,0,0,0,786.09053245835
|||;26931,26931,26931,26931,0,0,0,0,791.09053245835
|||;26931,26931,26931,26931,0,0,0,0,796.09053245835
|||;26931,26931,26931,26931,0,0,0,0,801.09053245835
|||;26931,26931,26931,26931,0,0,0,0,806.09053245835
|||;26931,26931,26931,26931,0,0,0,0,811.09053245835
|||;26931,26931,26931,26931,0,0,0,0,816.09053245835
|||;26931,26931,26931,26931,0,0,0,0,821.09053245835
|||;26931,26931,26931,26931,0,0,0,0,826.09053245835
|||;26931,26931,26931,26931,0,0,0,0,831.09053245835
|||;26931,26931,26931,26931,0,0,0,0,836.09053245835
|||;26931,26931,26931,26931,0,0,0,0,841.09053245835
|||;26931,26931,26931,26931,0,0,0,0,846.09053245835
|||;26931,26931,26931,26931,0,0,0,0,851.09053245835
|||;26931,26931,26931,26931,0,0,0,0,856.09053245835
|||;26931,26931,26931,26931,0,0,0,0,861.09053245835
|||;26931,26931,26931,26931,0,0,0,0,866.09053245835
|||;26931,26931,26931,26931,0,0,0,0,871.09053245835
|||;26931,26931,26931,26931,0,0,0,0,876.09053245835
|||;26931,26931,26931,26931,0,0,0,0,881.09053245835
|||;26931,26931,26931,26931,0,0,0,0,886.09053245835
|||;26931,26931,26931,26931,0,0,0,0,891.09053245835
|||;26931,26931,26931,26931,0,0,0,0,896.09053245835
|||;26931,26931,26931,26931,0,0,0,0,901.09053245835
|||;26931,26931,26931,26931,0,0,0,0,906.09053245835
|||;26931,26931,26931,26931,0,0,0,0,911.09053245835
|||;26931,26931,26931,26931,0,0,0,0,916.09053245835
|||;26931,26931,26931,26931,0,0,0,0,921.09053245835
|||;26931,26931,26931,26931,0,0,0,0,926.09053245835
|||;26931,26931,26931,26931,0,0,0,0,931.09053245835
|||;26931,26931,26931,26931,0,0,0,0,936.09053245835
|||;26931,26931,26931,26931,0,0,0,0,941.09053245835
|||;26931,26931,26931,26931,0,0,0,0,946.09053245835
|||;26931,26931,26931,26931,0,0,0,0,951.09053245835
|||;26931,26931,26931,26931,0,0,0,0,956.09053245835
|||;26931,26931,26931,26931,0,0,0,0,961.09053245835
|||;26931,26931,26931,26931,0,0,0,0,966.09053245835
|||;26931,26931,26931,26931,0,0,0,0,971.09053245835
|||;26931,26931,26931,26931,0,0,0,0,976.09053245835
|||;26931,26931,26931,26931,0,0,0,0,981.09053245835
|||;26931,26931,26931,26931,0,0,0,0,986.09053245835
|||;26931,26931,26931,26931,0,0,0,0,991.09053245835
|||;26931,26931,26931,26931,0,0,0,0,996.09053245835
|||;26931,26931,26931,26931,0,0,0,0,1001.09053245835
|||;26931,26931,26931,26931,0,0,0,0,1006.09053245835
|||;26931,26931,26931,26931,0,0,0,0,1011.09053245835
|||;26931,26931,26931,26931,0,0,0,0,1016.09053245835
|||;26931,26931,26931,26931,0,0,0,0,1021.09053245835
|||;26931,26931,26931,26931,0,0,0,0,1026.09053245835
|||;26931,26931,26931,26931,0,0,0,0,1031.09053245835
|||;26931,26931,26931,26931,0,0,0,0,1036.09053245835
|||;26931,26931,26931,26931,0,0,0,0,1041.09053245835
|||;26931,26931,26931,26931,0,0,0,0,1046.09053245835
|||;26931,26931,26931,26931,0,0,0,0,1051.09053245835
|||;26931,26931,26931,26931,0,0,0,0,1056.09053245835
|||;26931,26931,26931,26931,0,0,0,0,1061.09053245835
|||;26931,26931,26931,26931,0,0,0,0,1066.09053245835
|||;26931,26931,26931,26931,0,0,0,0,1071.09053245835
|||;26931,26931,26931,26931,0,0,0,0,1076.09053245835
|||;26931,26931,26931,26931,0,0,0,0,1081.09053245835
|||;26931,26931,26931,26931,0,0,0,0,1086.09053245835
|||;26931,26931,26931,26931,0,0,0,0,1091.09053245835
|||;26931,26931,26931,26931,0,0,0,0,1096.09053245835
|||;26931,26931,26931,26931,0,0,0,0,1101.09053245835
|||;26931,26931,26931,26931,0,0,0,0,1106.09053245835
|||;26931,26931,26931,26931,0,0,0,0,1111.09053245835
|||;26931,26931,26931,26931,0,0,0,0,1116.09053245835
|||;26931,26931,26931,26931,0,0,0,0,1121.09053245835
|||;26931,26931,26931,26931,0,0,0,0,1126.09053245835
|||;26931,26931,26931,26931,0,0,0,0,1131.09053245835
|||;26931,26931,26931,26931,0,0,0,0,1136.09053245835
|||;26931,26931,26931,26931,0,0,0,0,1141.09053245835
|||;26931,26931,26931,26931,0,0,0,0,1146.09053245835
|||;26931,26931,26931,26931,0,0,0,0,1151.09053245835
|||;26931,26931,26931,26931,0,0,0,0,1156.09053245835
|||;26931,26931,26931,26931,0,0,0,0,1161.09053245835
|||;26931,26931,26931,26931,0,0,0,0,1166.09053245835
|||;26931,26931,26931,26931,0,0,0,0,1171.09053245835
|||;26931,26931,26931,26931,0,0,0,0,1176.09053245835
|||;26931,26931,26931,26931,0,0,0,0,1181.09053245835
|||;26931,26931,26931,26931,0,0,0,0,1186.09053245835
|||;26931,26931,26931,26931,0,0,0,0,1191.09053245835
|||;26931,26931,26931,26931,0,0,0,0,1196.09053245835
|||;26931,26931,26931,26931,0,0,0,0,1201.09053245835
|||;26931,26931,26931,26931,0,0,0,0,1206.09053245835
|||;26931,26931,26931,26931,0,0,0,0,1211.09053245835
|||;26931,26931,26931,26931,0,0,0,0,1216.09053245835
|||;26931,26931,26931,26931,0,0,0,0,1221.09053245835
|||;26931,26931,26931,26931,0,0,0,0,1226.09053245835
|||;26931,26931,26931,26931,0,0,0,0,1231.09053245835
|||;26931,26931,26931,26931,0,0,0,0,1236.09053245835
|||;26931,26931,26931,26931,0,0,0,0,1241.09053245835
|||;26931,26931,26931,26931,0,0,0,0,1246.09053245835
|||;26931,26931,26931,26931,0,0,0,0,1251.09053245835
|||;26931,26931,26931,26931,0,0,0,0,1256.09053245835
|||;26931,26931,26931,26931,0,0,0,0,1261.09053245835
|||;26931,26931,26931,26931,0,0,0,0,1266.09053245835
|||;26931,26931,26931,26931,0,0,0,0,1271.09053245835
|||;26931,26931,26931,26931,0,0,0,0,1276.09053245835
|||;26931,26931,26931,26931,0,0,0,0,1281.09053245835
|||;26931,26931,26931,26931,0,0,0,0,1286.09053245835
|||;26931,26931,26931,26931,0,0,0,0,1291.09053245835
|||;26931,26931,26931,26931,0,0,0,0,1296.09053245835
|||;26931,26931,26931,26931,0,0,0,0,1301.09053245835
|||;26931,26931,26931,26931,0,0,0,0,1306.09053245835
|||;26931,26931,26931,26931,0,0,0,0,1311.09053245835
|||;26931,26931,26931,26931,0,0,0,0,1316.09053245835
|||;26931,26931,26931,26931,0,0,0,0,1321.09053245835
|||;26931,26931,26931,26931,0,0,0,0,1326.09053245835
|||;26931,26931,26931,26931,0,0,0,0,1331.09053245835
|||;26931,26931,26931,26931,0,0,0,0,1336.09053245835
|||;26931,26931,26931,26931,0,0,0,0,1341.09053245835
|||;26931,26931,26931,26931,0,0,0,0,1346.09053245835
|||;26931,26931,26931,26931,0,0,0,0,1351.09053245835
|||;26931,26931,26931,26931,0,0,0,0,1356.09053245835
|||;26931,26931,26931,26931,0,0,0,0,1361.09053245835
|||;26931,26931,26931,26931,0,0,0,0,1366.09053245835
|||;26931,26931,26931,26931,0,0,0,0,1371.09053245835
|||;26931,26931,26931,26931,0,0,0,0,1376.09053245835
|||;26931,26931,26931,26931,0,0,0,0,1381.09053245835
|||;26931,26931,26931,26931,0,0,0,0,1386.09053245835
|||;26931,26931,26931,26931,0,0,0,0,1391.09053245835
|||;26931,26931,26931,26931,0,0,0,0,1396.09053245835
|||;26931,26931,26931,26931,0,0,0,0,1401.09053245835
|||;26931,26931,26931,26931,0,0,0,0,1406.09053245835
|||;26931,26931,26931,26931,0,0,0,0,1411.09053245835
|||;26931,26931,26931,26931,0,0,0,0,1416.09053245835
|||;26931,26931,26931,26931,0,0,0,0,1421.09053245835
|||;26931,26931,26931,26931,0,0,0,0,1426.09053245835
|||;26931,26931,26931,26931,0,0,0,0,1431.09053245835
|||;26931,26931,26931,26931,0,0,0,0,1436.09053245835
|||;26931,26931,26931,26931,0,0,0,0,1441.09053245835
|||;26931,26931,26931,26931,0,0,0,0,1446.09053245835
|||;26931,26931,26931,26931,0,0,0,0,1451.09053245835
|||;26931,26931,26931,26931,0,0,0,0,1456.09053245835
|||;26931,26931,26931,26931,0,0,0,0,1461.09053245835
|||;26931,26931,26931,26931,0,0,0,0,1466.09053245835
|||;26931,26931,26931,26931,0,0,0,0,1471.09053245835
|||;26931,26931,26931,26931,0,0,0,0,1476.09053245835
|||;26931,26931,26931,26931,0,0,0,0,1481.09053245835
|||;26931,26931,26931,26931,0,0,0,0,1486.09053245835
|||;26931,26931,26931,26931,0,0,0,0,1491.09053245835
|||;26931,26931,26931,26931,0,0,0,0,1496.09053245835
|||;26931,26931,26931,26931,0,0,0,0,1501.09053245835
|||;26931,26931,26931,26931,0,0,0,0,1506.09053245835
|||;26931,26931,26931,26931,0,0,0,0,1511.09053245835
|||;26931,26931,26931,26931,0,0,0,0,1516.09053245835
|||;26931,26931,26931,26931,0,0,0,0,1521.09053245835
|||;26931,26931,26931,26931,0,0,0,0,1526.09053245835
|||;26931,26931,26931,26931,0,0,0,0,1531.09053245835
|||;26931,26931,26931,26931,0,0,0,0,1536.09053245835
|||;26931,26931,26931,26931,0,0,0,0,1541.09053245835
|||;26931,26931,26931,26931,0,0,0,0,1546.09053245835
|||;26931,26931,26931,26931,0,0,0,0,1551.09053245835
|||;26931,26931,26931,26931,0,0,0,0,1556.09053245835
|||;26931,26931,26931,26931,0,0,0,0,1561.09053245835
|||;26931,26931,26931,26931,0,0,0,0,1566.09053245835
|||;26931,26931,26931,26931,0,0,0,0,1571.09053245835
|||;26931,26931,26931,26931,0,0,0,0,1576.09053245835
|||;26931,26931,26931,26931,0,0,0,0,1581.09053245835
|||;26931,26931,26931,26931,0,0,0,0,1586.09053245835
|||;26931,26931,26931,26931,0,0,0,0,1591.09053245835
|||;26931,26931,26931,26931,0,0,0,0,1596.09053245835
|||;26931,26931,26931,26931,0,0,0,0,1601.09053245835
|||;26931,26931,26931,26931,0,0,0,0,1606.09053245835
|||;26931,26931,26931,26931,0,0,0,0,1611.09053245835
|||;26931,26931,26931,26931,0,0,0,0,1616.09053245835
|||;26931,26931,26931,26931,0,0,0,0,1621.09053245835
|||;26931,26931,26931,26931,0,0,0,0,1626.09053245835
|||;26931,26931,26931,26931,0,0,0,0,1631.09053245835
|||;26931,26931,26931,26931,0,0,0,0,1636.09053245835
|||;26931,26931,26931,26931,0,0,0,0,1641.09053245835
|||;26931,26931,26931,26931,0,0,0,0,1646.09053245835
|||;26931,26931,26931,26931,0,0,0,0,1651.09053245835
|||;26931,26931,26931,26931,0,0,0,0,1656.09053245835
|||;26931,26931,26931,26931,0,0,0,0,1661.09053245835
|||;26931,26931,26931,26931,0,0,0,0,1666.09053245835
|||;26931,26931,26931,26931,0,0,0,0,1671.09053245835
|||;26931,26931,26931,26931,0,0,0,0,1676.09053245835
|||;26931,26931,26931,26931,0,0,0,0,1681.09053245835
|||;26931,26931,26931,26931,0,0,0,0,1686.09053245835
|||;26931,26931,26931,26931,0,0,0,0,1691.09053245835
|||;26931,26931,26931,26931,0,0,0,0,1696.09053245835
|||;26931,26931,26931,26931,0,0,0,0,1701.09053245835
|||;26931,26931,26931,26931,0,0,0,0,1706.09053245835
|||;26931,26931,26931,26931,0,0,0,0,1711.09053245835
|||;26931,26931,26931,26931,0,0,0,0,1716.09053245835
|||;26931,26931,26931,26931,0,0,0,0,1721.09053245835
|||;26931,26931,26931,26931,0,0,0,0,1726.09053245835
|||;26931,26931,26931,26931,0,0,0,0,1731.09053245835
|||;26931,26931,26931,26931,0,0,0,0,1736.09053245835
|||;26931,26931,26931,26931,0,0,0,0,1741.09053245835
|||;26931,26931,26931,26931,0,0,0,0,1746.09053245835
|||;26931,26931,26931,26931,0,0,0,0,1751.09053245835
|||;26931,26931,26931,26931,0,0,0,0,1756.09053245835
|||;26931,26931,26931,26931,0,0,0,0,1761.09053245835
|||;26931,26931,26931,26931,0,0,0,0,1766.09053245835
|||;26931,26931,26931,26931,0,0,0,0,1771.09053245835
|||;26931,26931,26931,26931,0,0,0,0,1776.09053245835
|||;26931,26931,26931,26931,0,0,0,0,1781.09053245835
|||;26931,26931,26931,26931,0,0,0,0,1786.09053245835
|||;26931,26931,26931,26931,0,0,0,0,1791.09053245835
|||;26931,26931,26931,26931,0,0,0,0,1796.09053245835
|||;26931,26931,26931,26931,0,0,0,0,1801.09053245835
|||;26931,26931,26931,26931,0,0,0,0,1806.09053245835
|||;26931,26931,26931,26931,0,0,0,0,1811.09053245835
|||;26931,26931,26931,26931,0,0,0,0,1816.09053245835
|||;26931,26931,26931,26931,0,0,0,0,1821.09053245835
|||;26931,26931,26931,26931,0,0,0,0,1826.09053245835
|||;26931,26931,26931,26931,0,0,0,0,1831.09053245835
|||;26931,26931,26931,26931,0,0,0,0,1836.09053245835
|||;26931,26931,26931,26931,0,0,0,0,1841.09053245835
|||;26931,26931,26931,26931,0,0,0,0,1846.09053245835
|||;26931,26931,26931,26931,0,0,0,0,1851.09053245835
|||;26931,26931,26931,26931,0,0,0,0,1856.09053245835
|||;26931,26931,26931,26931,0,0,0,0,1861.09053245835
|||;26931,26931,26931,26931,0,0,0,0,1866.09053245835
|||;26931,26931,26931,26931,0,0,0,0,1871.09053245835
|||;26931,26931,26931,26931,0,0,0,0,1876.09053245835
|||;26931,26931,26931,26931,0,0,0,0,1881.09053245835
|||;26931,26931,26931,26931,0,0,0,0,1886.09053245835
|||;26931,26931,26931,26931,0,0,0,0,1891.09053245835
|||;26931,26931,26931,26931,0,0,0,0,1896.09053245835
|||;26931,26931,26931,26931,0,0,0,0,1901.09053245835
|||;26931,26931,26931,26931,0,0,0,0,1906.09053245835
|||;26931,26931,26931,26931,0,0,0,0,1911.09053245835
|||;26931,26931,26931,26931,0,0,0,0,1916.09053245835
|||;26931,26931,26931,26931,0,0,0,0,1921.09053245835
|||;26931,26931,26931,26931,0,0,0,0,1926.09053245835
|||;26931,26931,26931,26931,0,0,0,0,1931.09053245835
|||;26931,26931,26931,26931,0,0,0,0,1936.09053245835
|||;26931,26931,26931,26931,0,0,0,0,1941.09053245835
|||;26931,26931,26931,26931,0,0,0,0,1946.09053245835
|||;26931,26931,26931,26931,0,0,0,0,1951.09053245835
|||;26931,26931,26931,26931,0,0,0,0,1956.09053245835
|||;26931,26931,26931,26931,0,0,0,0,1961.09053245835
|||;26931,26931,26931,26931,0,0,0,0,1966.09053245835
|||;26931,26931,26931,26931,0,0,0,0,1971.09053245835
|||;26931,26931,26931,26931,0,0,0,0,1976.09053245835
|||;26931,26931,26931,26931,0,0,0,0,1981.09053245835
|||;26931,26931,26931,26931,0,0,0,0,1986.09053245835
|||;26931,26931,26931,26931,0,0,0,0,1991.09053245835
|||;26931,26931,26931,26931,0,0,0,0,1996.09053245835
