|||;29184,29184,29184,29184,0,0,0,0,1.167498605382
847gvnio(0),|847gvnio(0),|87rnmpf(2),|87rnmpf(2),;24422.4,26009.6,27110.4,27110.4,20.681194218291,14.114354622332,7.933430472384,7.933430472384,6.167498605382
847gvnio(2),|847gvnio(2),|87rnmpf(2),|87rnmpf(2),;24422.4,26009.6,27110.4,27110.4,15.681194218291,9.114354622332,2.933430472384,2.933430472384,11.167498605382
847gvnio(2),|847gvnio(2),|79guacn(2),|79guacn(2),;24422.4,26009.6,27945,27945,10.681194218291,4.114354622332,6.057415892082,6.057415892082,16.167498605382
847gvnio(2),|847gvnio(3),507dxslc(2),|507dxslc(2),|507dxslc(2),;24422.4,24504.3,28431.4,28431.4,5.681194218291,8.970586106033,7.799694406086,7.799694406086,21.167498605382
847gvnio(2),|847gvnio(3),507dxslc(2),||;24422.4,24504.3,29184,29184,0.681194218291,3.970586106033,2.799694406086,2.799694406086,26.167498605382
847gvnio(3),|847gvnio(3),||;24422.4,26009.6,29184,29184,0,0,0,0,31.167498605382
|||;29184,29184,29184,29184,0,0,0,0,36.167498605382
|||;29184,29184,29184,29184,0,0,0,0,41.167498605382
|||;29184,29184,29184,29184,0,0,0,0,46.167498605382
|||;29184,29184,29184,29184,0,0,0,0,51.167498605382
|||;29184,29184,29184,29184,0,0,0,0,56.167498605382
|||;29184,29184,29184,29184,0,0,0,0,61.167498605382
|||;29184,29184,29184,29184,0,0,0,0,66.167498605382
|||;29184,29184,29184,29184,0,0,0,0,71.167498605382
407ukhtf(2),|407ukhtf(2),||;28538.9,28538.9,29184,29184,0.167203146224,0.167203146224,0,0,76.167498605382
|||;29184,29184,29184,29184,0,0,0,0,81.167498605382
|||;29184,29184,29184,29184,0,0,0,0,86.167498605382
|||;29184,29184,29184,29184,0,0,0,0,91.167498605382
|||;29184,29184,29184,29184,0,0,0,0,96.167498605382
|||;29184,29184,29184,29184,0,0,0,0,101.167498605382
|||;29184,29184,29184,29184,0,0,0,0,106.167498605382
|||;29184,29184,29184,29184,0,0,0,0,111.167498605382
|||;29184,29184,29184,29184,0,0,0,0,116.167498605382
678cgtiu(2),|678cgtiu(2),|678cgtiu(2),|678cgtiu(2),;27893.8,27893.8,27248.6,27248.6,4.349434726245,4.349434726245,7.0185372717,7.0185372717,121.167498605382
||678cgtiu(2),|678cgtiu(2),;29184,29184,27248.6,27248.6,0,0,2.0185372717,2.0185372717,126.167498605382
|||;29184,29184,29184,29184,0,0,0,0,131.167498605382
|||;29184,29184,29184,29184,0,0,0,0,136.167498605382
|||;29184,29184,29184,29184,0,0,0,0,141.167498605382
|||;29184,29184,29184,29184,0,0,0,0,146.167498605382
|||;29184,29184,29184,29184,0,0,0,0,151.167498605382
|||;29184,29184,29184,29184,0,0,0,0,156.167498605382
|||;29184,29184,29184,29184,0,0,0,0,161.167498605382
|||;29184,29184,29184,29184,0,0,0,0,166.167498605382
|||;29184,29184,29184,29184,0,0,0,0,171.167498605382
|||;29184,29184,29184,29184,0,0,0,0,176.167498605382
|||;29184,29184,29184,29184,0,0,0,0,181.167498605382
|||;29184,29184,29184,29184,0,0,0,0,186.167498605382
|||;29184,29184,29184,29184,0,0,0,0,191.167498605382
|||;29184,29184,29184,29184,0,0,0,0,196.167498605382
|||;29184,29184,29184,29184,0,0,0,0,201.167498605382
|||;29184,29184,29184,29184,0,0,0,0,206.167498605382
|||;29184,29184,29184,29184,0,0,0,0,211.167498605382
|||;29184,29184,29184,29184,0,0,0,0,216.167498605382
|||;29184,29184,29184,29184,0,0,0,0,221.167498605382
|||;29184,29184,29184,29184,0,0,0,0,226.167498605382
|||;29184,29184,29184,29184,0,0,0,0,231.167498605382
|||;29184,29184,29184,29184,0,0,0,0,236.167498605382
|||;29184,29184,29184,29184,0,0,0,0,241.167498605382
|||;29184,29184,29184,29184,0,0,0,0,246.167498605382
|||;29184,29184,29184,29184,0,0,0,0,251.167498605382
|||;29184,29184,29184,29184,0,0,0,0,256.167498605382
|||;29184,29184,29184,29184,0,0,0,0,261.167498605382
|||;29184,29184,29184,29184,0,0,0,0,266.167498605382
|||;29184,29184,29184,29184,0,0,0,0,271.167498605382
|||;29184,29184,29184,29184,0,0,0,0,276.167498605382
|||;29184,29184,29184,29184,0,0,0,0,281.167498605382
|||;29184,29184,29184,29184,0,0,0,0,286.167498605382
|||;29184,29184,29184,29184,0,0,0,0,291.167498605382
|||;29184,29184,29184,29184,0,0,0,0,296.167498605382
|||;29184,29184,29184,29184,0,0,0,0,301.167498605382
|||;29184,29184,29184,29184,0,0,0,0,306.167498605382
|||;29184,29184,29184,29184,0,0,0,0,311.167498605382
|||;29184,29184,29184,29184,0,0,0,0,316.167498605382
|||;29184,29184,29184,29184,0,0,0,0,321.167498605382
|||;29184,29184,29184,29184,0,0,0,0,326.167498605382
|||;29184,29184,29184,29184,0,0,0,0,331.167498605382
|||;29184,29184,29184,29184,0,0,0,0,336.167498605382
|||;29184,29184,29184,29184,0,0,0,0,341.167498605382
|||;29184,29184,29184,29184,0,0,0,0,346.167498605382
|||;29184,29184,29184,29184,0,0,0,0,351.167498605382
|||;29184,29184,29184,29184,0,0,0,0,356.167498605382
|||;29184,29184,29184,29184,0,0,0,0,361.167498605382
|||;29184,29184,29184,29184,0,0,0,0,366.167498605382
|||;29184,29184,29184,29184,0,0,0,0,371.167498605382
|||;29184,29184,29184,29184,0,0,0,0,376.167498605382
|||;29184,29184,29184,29184,0,0,0,0,381.167498605382
|||;29184,29184,29184,29184,0,0,0,0,386.167498605382
|||;29184,29184,29184,29184,0,0,0,0,391.167498605382
|||;29184,29184,29184,29184,0,0,0,0,396.167498605382
|||;29184,29184,29184,29184,0,0,0,0,401.167498605382
||396qpbwz(2),|396qpbwz(2),;29184,29184,28549.1,28549.1,0,0,2.665110864438,2.665110864438,406.167498605382
||396qpbwz(3),|396qpbwz(3),;29184,29184,28549.1,28549.1,0,0,0,0,411.167498605382
||396qpbwz(3),|396qpbwz(3),;29184,29184,28549.1,28549.1,0,0,0,0,416.167498605382
||396qpbwz(3),|396qpbwz(3),;29184,29184,28549.1,28549.1,0,0,0,0,421.167498605382
||396qpbwz(3),|396qpbwz(3),;29184,29184,28549.1,28549.1,0,0,0,0,426.167498605382
||396qpbwz(3),|396qpbwz(3),;29184,29184,28549.1,28549.1,0,0,0,0,431.167498605382
||396qpbwz(3),|396qpbwz(3),;29184,29184,28549.1,28549.1,0,0,0,0,436.167498605382
|||;29184,29184,29184,29184,0,0,0,0,441.167498605382
|||;29184,29184,29184,29184,0,0,0,0,446.167498605382
|||;29184,29184,29184,29184,0,0,0,0,451.167498605382
|||;29184,29184,29184,29184,0,0,0,0,456.167498605382
|||;29184,29184,29184,29184,0,0,0,0,461.167498605382
|||;29184,29184,29184,29184,0,0,0,0,466.167498605382
|||;29184,29184,29184,29184,0,0,0,0,471.167498605382
|||;29184,29184,29184,29184,0,0,0,0,476.167498605382
|||;29184,29184,29184,29184,0,0,0,0,481.167498605382
|||;29184,29184,29184,29184,0,0,0,0,486.167498605382
|||;29184,29184,29184,29184,0,0,0,0,491.167498605382
|||;29184,29184,29184,29184,0,0,0,0,496.167498605382
|||;29184,29184,29184,29184,0,0,0,0,501.167498605382
|||;29184,29184,29184,29184,0,0,0,0,506.167498605382
|||;29184,29184,29184,29184,0,0,0,0,511.167498605382
|||;29184,29184,29184,29184,0,0,0,0,516.167498605382
|||;29184,29184,29184,29184,0,0,0,0,521.167498605382
|||;29184,29184,29184,29184,0,0,0,0,526.167498605382
|||;29184,29184,29184,29184,0,0,0,0,531.167498605382
|||;29184,29184,29184,29184,0,0,0,0,536.167498605382
|||;29184,29184,29184,29184,0,0,0,0,541.167498605382
|||;29184,29184,29184,29184,0,0,0,0,546.167498605382
|||;29184,29184,29184,29184,0,0,0,0,551.167498605382
|||;29184,29184,29184,29184,0,0,0,0,556.167498605382
|||;29184,29184,29184,29184,0,0,0,0,561.167498605382
|||;29184,29184,29184,29184,0,0,0,0,566.167498605382
|||;29184,29184,29184,29184,0,0,0,0,571.167498605382
|||;29184,29184,29184,29184,0,0,0,0,576.167498605382
|||;29184,29184,29184,29184,0,0,0,0,581.167498605382
|||;29184,29184,29184,29184,0,0,0,0,586.167498605382
|||;29184,29184,29184,29184,0,0,0,0,591.167498605382
|||;29184,29184,29184,29184,0,0,0,0,596.167498605382
|||;29184,29184,29184,29184,0,0,0,0,601.167498605382
|||;29184,29184,29184,29184,0,0,0,0,606.167498605382
|||;29184,29184,29184,29184,0,0,0,0,611.167498605382
|||;29184,29184,29184,29184,0,0,0,0,616.167498605382
|||;29184,29184,29184,29184,0,0,0,0,621.167498605382
|||;29184,29184,29184,29184,0,0,0,0,626.167498605382
|||;29184,29184,29184,29184,0,0,0,0,631.167498605382
|||;29184,29184,29184,29184,0,0,0,0,636.167498605382
|||;29184,29184,29184,29184,0,0,0,0,641.167498605382
|||;29184,29184,29184,29184,0,0,0,0,646.167498605382
|||;29184,29184,29184,29184,0,0,0,0,651.167498605382
|||;29184,29184,29184,29184,0,0,0,0,656.167498605382
|||;29184,29184,29184,29184,0,0,0,0,661.167498605382
|||;29184,29184,29184,29184,0,0,0,0,666.167498605382
|||;29184,29184,29184,29184,0,0,0,0,671.167498605382
|||;29184,29184,29184,29184,0,0,0,0,676.167498605382
|||;29184,29184,29184,29184,0,0,0,0,681.167498605382
|||;29184,29184,29184,29184,0,0,0,0,686.167498605382
|||;29184,29184,29184,29184,0,0,0,0,691.167498605382
|||;29184,29184,29184,29184,0,0,0,0,696.167498605382
|||;29184,29184,29184,29184,0,0,0,0,701.167498605382
|||;29184,29184,29184,29184,0,0,0,0,706.167498605382
|||;29184,29184,29184,29184,0,0,0,0,711.167498605382
|||;29184,29184,29184,29184,0,0,0,0,716.167498605382
|||;29184,29184,29184,29184,0,0,0,0,721.167498605382
|||;29184,29184,29184,29184,0,0,0,0,726.167498605382
|||;29184,29184,29184,29184,0,0,0,0,731.167498605382
|||;29184,29184,29184,29184,0,0,0,0,736.167498605382
|||;29184,29184,29184,29184,0,0,0,0,741.167498605382
|||;29184,29184,29184,29184,0,0,0,0,746.167498605382
|||;29184,29184,29184,29184,0,0,0,0,751.167498605382
|||;29184,29184,29184,29184,0,0,0,0,756.167498605382
|||;29184,29184,29184,29184,0,0,0,0,761.167498605382
|||;29184,29184,29184,29184,0,0,0,0,766.167498605382
|||;29184,29184,29184,29184,0,0,0,0,771.167498605382
|||;29184,29184,29184,29184,0,0,0,0,776.167498605382
|||;29184,29184,29184,29184,0,0,0,0,781.167498605382
|||;29184,29184,29184,29184,0,0,0,0,786.167498605382
|||;29184,29184,29184,29184,0,0,0,0,791.167498605382
|||;29184,29184,29184,29184,0,0,0,0,796.167498605382
|||;29184,29184,29184,29184,0,0,0,0,801.167498605382
|||;29184,29184,29184,29184,0,0,0,0,806.167498605382
|||;29184,29184,29184,29184,0,0,0,0,811.167498605382
|||;29184,29184,29184,29184,0,0,0,0,816.167498605382
|||;29184,29184,29184,29184,0,0,0,0,821.167498605382
|||;29184,29184,29184,29184,0,0,0,0,826.167498605382
|||;29184,29184,29184,29184,0,0,0,0,831.167498605382
|||;29184,29184,29184,29184,0,0,0,0,836.167498605382
|||;29184,29184,29184,29184,0,0,0,0,841.167498605382
|||;29184,29184,29184,29184,0,0,0,0,846.167498605382
|||;29184,29184,29184,29184,0,0,0,0,851.167498605382
|||;29184,29184,29184,29184,0,0,0,0,856.167498605382
|||;29184,29184,29184,29184,0,0,0,0,861.167498605382
|||;29184,29184,29184,29184,0,0,0,0,866.167498605382
|||;29184,29184,29184,29184,0,0,0,0,871.167498605382
|||;29184,29184,29184,29184,0,0,0,0,876.167498605382
|||;29184,29184,29184,29184,0,0,0,0,881.167498605382
|||;29184,29184,29184,29184,0,0,0,0,886.167498605382
|||;29184,29184,29184,29184,0,0,0,0,891.167498605382
|||;29184,29184,29184,29184,0,0,0,0,896.167498605382
|||;29184,29184,29184,29184,0,0,0,0,901.167498605382
|||;29184,29184,29184,29184,0,0,0,0,906.167498605382
|||;29184,29184,29184,29184,0,0,0,0,911.167498605382
|||;29184,29184,29184,29184,0,0,0,0,916.167498605382
|||;29184,29184,29184,29184,0,0,0,0,921.167498605382
|||;29184,29184,29184,29184,0,0,0,0,926.167498605382
|||;29184,29184,29184,29184,0,0,0,0,931.167498605382
|||;29184,29184,29184,29184,0,0,0,0,936.167498605382
|||;29184,29184,29184,29184,0,0,0,0,941.167498605382
|||;29184,29184,29184,29184,0,0,0,0,946.167498605382
|||;29184,29184,29184,29184,0,0,0,0,951.167498605382
|||;29184,29184,29184,29184,0,0,0,0,956.167498605382
|||;29184,29184,29184,29184,0,0,0,0,961.167498605382
|||;29184,29184,29184,29184,0,0,0,0,966.167498605382
|||;29184,29184,29184,29184,0,0,0,0,971.167498605382
|||;29184,29184,29184,29184,0,0,0,0,976.167498605382
|||;29184,29184,29184,29184,0,0,0,0,981.167498605382
|||;29184,29184,29184,29184,0,0,0,0,986.167498605382
|||;29184,29184,29184,29184,0,0,0,0,991.167498605382
|||;29184,29184,29184,29184,0,0,0,0,996.167498605382
|||;29184,29184,29184,29184,0,0,0,0,1001.167498605382
|||;29184,29184,29184,29184,0,0,0,0,1006.167498605382
|||;29184,29184,29184,29184,0,0,0,0,1011.167498605382
|||;29184,29184,29184,29184,0,0,0,0,1016.167498605382
|||;29184,29184,29184,29184,0,0,0,0,1021.167498605382
|||;29184,29184,29184,29184,0,0,0,0,1026.167498605382
|||;29184,29184,29184,29184,0,0,0,0,1031.167498605382
|||;29184,29184,29184,29184,0,0,0,0,1036.167498605382
|||;29184,29184,29184,29184,0,0,0,0,1041.167498605382
|||;29184,29184,29184,29184,0,0,0,0,1046.167498605382
|||;29184,29184,29184,29184,0,0,0,0,1051.167498605382
|||;29184,29184,29184,29184,0,0,0,0,1056.167498605382
|||;29184,29184,29184,29184,0,0,0,0,1061.167498605382
|||;29184,29184,29184,29184,0,0,0,0,1066.167498605382
|||;29184,29184,29184,29184,0,0,0,0,1071.167498605382
|||;29184,29184,29184,29184,0,0,0,0,1076.167498605382
|||;29184,29184,29184,29184,0,0,0,0,1081.167498605382
|||;29184,29184,29184,29184,0,0,0,0,1086.167498605382
|||;29184,29184,29184,29184,0,0,0,0,1091.167498605382
|||;29184,29184,29184,29184,0,0,0,0,1096.167498605382
|||;29184,29184,29184,29184,0,0,0,0,1101.167498605382
|||;29184,29184,29184,29184,0,0,0,0,1106.167498605382
|||;29184,29184,29184,29184,0,0,0,0,1111.167498605382
|||;29184,29184,29184,29184,0,0,0,0,1116.167498605382
|||;29184,29184,29184,29184,0,0,0,0,1121.167498605382
|||;29184,29184,29184,29184,0,0,0,0,1126.167498605382
|||;29184,29184,29184,29184,0,0,0,0,1131.167498605382
|||;29184,29184,29184,29184,0,0,0,0,1136.167498605382
|||;29184,29184,29184,29184,0,0,0,0,1141.167498605382
|||;29184,29184,29184,29184,0,0,0,0,1146.167498605382
|||;29184,29184,29184,29184,0,0,0,0,1151.167498605382
|||;29184,29184,29184,29184,0,0,0,0,1156.167498605382
|||;29184,29184,29184,29184,0,0,0,0,1161.167498605382
|||;29184,29184,29184,29184,0,0,0,0,1166.167498605382
|||;29184,29184,29184,29184,0,0,0,0,1171.167498605382
|||;29184,29184,29184,29184,0,0,0,0,1176.167498605382
|||;29184,29184,29184,29184,0,0,0,0,1181.167498605382
|||;29184,29184,29184,29184,0,0,0,0,1186.167498605382
|||;29184,29184,29184,29184,0,0,0,0,1191.167498605382
|||;29184,29184,29184,29184,0,0,0,0,1196.167498605382
|||;29184,29184,29184,29184,0,0,0,0,1201.167498605382
|||;29184,29184,29184,29184,0,0,0,0,1206.167498605382
|||;29184,29184,29184,29184,0,0,0,0,1211.167498605382
|||;29184,29184,29184,29184,0,0,0,0,1216.167498605382
|||;29184,29184,29184,29184,0,0,0,0,1221.167498605382
|||;29184,29184,29184,29184,0,0,0,0,1226.167498605382
|||;29184,29184,29184,29184,0,0,0,0,1231.167498605382
|||;29184,29184,29184,29184,0,0,0,0,1236.167498605382
|||;29184,29184,29184,29184,0,0,0,0,1241.167498605382
|||;29184,29184,29184,29184,0,0,0,0,1246.167498605382
|||;29184,29184,29184,29184,0,0,0,0,1251.167498605382
|||;29184,29184,29184,29184,0,0,0,0,1256.167498605382
|||;29184,29184,29184,29184,0,0,0,0,1261.167498605382
|||;29184,29184,29184,29184,0,0,0,0,1266.167498605382
|||;29184,29184,29184,29184,0,0,0,0,1271.167498605382
|||;29184,29184,29184,29184,0,0,0,0,1276.167498605382
|||;29184,29184,29184,29184,0,0,0,0,1281.167498605382
|||;29184,29184,29184,29184,0,0,0,0,1286.167498605382
|||;29184,29184,29184,29184,0,0,0,0,1291.167498605382
|||;29184,29184,29184,29184,0,0,0,0,1296.167498605382
|||;29184,29184,29184,29184,0,0,0,0,1301.167498605382
|||;29184,29184,29184,29184,0,0,0,0,1306.167498605382
|||;29184,29184,29184,29184,0,0,0,0,1311.167498605382
|||;29184,29184,29184,29184,0,0,0,0,1316.167498605382
|||;29184,29184,29184,29184,0,0,0,0,1321.167498605382
|||;29184,29184,29184,29184,0,0,0,0,1326.167498605382
|||;29184,29184,29184,29184,0,0,0,0,1331.167498605382
|||;29184,29184,29184,29184,0,0,0,0,1336.167498605382
|||;29184,29184,29184,29184,0,0,0,0,1341.167498605382
|||;29184,29184,29184,29184,0,0,0,0,1346.167498605382
|||;29184,29184,29184,29184,0,0,0,0,1351.167498605382
|||;29184,29184,29184,29184,0,0,0,0,1356.167498605382
|||;29184,29184,29184,29184,0,0,0,0,1361.167498605382
|||;29184,29184,29184,29184,0,0,0,0,1366.167498605382
|||;29184,29184,29184,29184,0,0,0,0,1371.167498605382
|||;29184,29184,29184,29184,0,0,0,0,1376.167498605382
|||;29184,29184,29184,29184,0,0,0,0,1381.167498605382
|||;29184,29184,29184,29184,0,0,0,0,1386.167498605382
|||;29184,29184,29184,29184,0,0,0,0,1391.167498605382
|||;29184,29184,29184,29184,0,0,0,0,1396.167498605382
|||;29184,29184,29184,29184,0,0,0,0,1401.167498605382
|||;29184,29184,29184,29184,0,0,0,0,1406.167498605382
|||;29184,29184,29184,29184,0,0,0,0,1411.167498605382
|||;29184,29184,29184,29184,0,0,0,0,1416.167498605382
|||;29184,29184,29184,29184,0,0,0,0,1421.167498605382
|||;29184,29184,29184,29184,0,0,0,0,1426.167498605382
|||;29184,29184,29184,29184,0,0,0,0,1431.167498605382
|||;29184,29184,29184,29184,0,0,0,0,1436.167498605382
|||;29184,29184,29184,29184,0,0,0,0,1441.167498605382
|||;29184,29184,29184,29184,0,0,0,0,1446.167498605382
|||;29184,29184,29184,29184,0,0,0,0,1451.167498605382
|||;29184,29184,29184,29184,0,0,0,0,1456.167498605382
|||;29184,29184,29184,29184,0,0,0,0,1461.167498605382
|||;29184,29184,29184,29184,0,0,0,0,1466.167498605382
|||;29184,29184,29184,29184,0,0,0,0,1471.167498605382
|||;29184,29184,29184,29184,0,0,0,0,1476.167498605382
|||;29184,29184,29184,29184,0,0,0,0,1481.167498605382
|||;29184,29184,29184,29184,0,0,0,0,1486.167498605382
|||;29184,29184,29184,29184,0,0,0,0,1491.167498605382
|||;29184,29184,29184,29184,0,0,0,0,1496.167498605382
|||;29184,29184,29184,29184,0,0,0,0,1501.167498605382
|||;29184,29184,29184,29184,0,0,0,0,1506.167498605382
|||;29184,29184,29184,29184,0,0,0,0,1511.167498605382
|||;29184,29184,29184,29184,0,0,0,0,1516.167498605382
|||;29184,29184,29184,29184,0,0,0,0,1521.167498605382
|||;29184,29184,29184,29184,0,0,0,0,1526.167498605382
|||;29184,29184,29184,29184,0,0,0,0,1531.167498605382
|||;29184,29184,29184,29184,0,0,0,0,1536.167498605382
|||;29184,29184,29184,29184,0,0,0,0,1541.167498605382
|||;29184,29184,29184,29184,0,0,0,0,1546.167498605382
|||;29184,29184,29184,29184,0,0,0,0,1551.167498605382
|||;29184,29184,29184,29184,0,0,0,0,1556.167498605382
|||;29184,29184,29184,29184,0,0,0,0,1561.167498605382
|||;29184,29184,29184,29184,0,0,0,0,1566.167498605382
|||;29184,29184,29184,29184,0,0,0,0,1571.167498605382
|||;29184,29184,29184,29184,0,0,0,0,1576.167498605382
|||;29184,29184,29184,29184,0,0,0,0,1581.167498605382
|||;29184,29184,29184,29184,0,0,0,0,1586.167498605382
|||;29184,29184,29184,29184,0,0,0,0,1591.167498605382
|||;29184,29184,29184,29184,0,0,0,0,1596.167498605382
|||;29184,29184,29184,29184,0,0,0,0,1601.167498605382
|||;29184,29184,29184,29184,0,0,0,0,1606.167498605382
|||;29184,29184,29184,29184,0,0,0,0,1611.167498605382
|||;29184,29184,29184,29184,0,0,0,0,1616.167498605382
|||;29184,29184,29184,29184,0,0,0,0,1621.167498605382
|||;29184,29184,29184,29184,0,0,0,0,1626.167498605382
|||;29184,29184,29184,29184,0,0,0,0,1631.167498605382
|||;29184,29184,29184,29184,0,0,0,0,1636.167498605382
|||;29184,29184,29184,29184,0,0,0,0,1641.167498605382
|||;29184,29184,29184,29184,0,0,0,0,1646.167498605382
|||;29184,29184,29184,29184,0,0,0,0,1651.167498605382
|||;29184,29184,29184,29184,0,0,0,0,1656.167498605382
|||;29184,29184,29184,29184,0,0,0,0,1661.167498605382
|||;29184,29184,29184,29184,0,0,0,0,1666.167498605382
|||;29184,29184,29184,29184,0,0,0,0,1671.167498605382
|||;29184,29184,29184,29184,0,0,0,0,1676.167498605382
|||;29184,29184,29184,29184,0,0,0,0,1681.167498605382
|||;29184,29184,29184,29184,0,0,0,0,1686.167498605382
|||;29184,29184,29184,29184,0,0,0,0,1691.167498605382
|||;29184,29184,29184,29184,0,0,0,0,1696.167498605382
|||;29184,29184,29184,29184,0,0,0,0,1701.167498605382
|||;29184,29184,29184,29184,0,0,0,0,1706.167498605382
|||;29184,29184,29184,29184,0,0,0,0,1711.167498605382
|||;29184,29184,29184,29184,0,0,0,0,1716.167498605382
|||;29184,29184,29184,29184,0,0,0,0,1721.167498605382
|||;29184,29184,29184,29184,0,0,0,0,1726.167498605382
|||;29184,29184,29184,29184,0,0,0,0,1731.167498605382
|||;29184,29184,29184,29184,0,0,0,0,1736.167498605382
|||;29184,29184,29184,29184,0,0,0,0,1741.167498605382
|||;29184,29184,29184,29184,0,0,0,0,1746.167498605382
|||;29184,29184,29184,29184,0,0,0,0,1751.167498605382
|||;29184,29184,29184,29184,0,0,0,0,1756.167498605382
|||;29184,29184,29184,29184,0,0,0,0,1761.167498605382
|||;29184,29184,29184,29184,0,0,0,0,1766.167498605382
|||;29184,29184,29184,29184,0,0,0,0,1771.167498605382
|||;29184,29184,29184,29184,0,0,0,0,1776.167498605382
|||;29184,29184,29184,29184,0,0,0,0,1781.167498605382
|||;29184,29184,29184,29184,0,0,0,0,1786.167498605382
|||;29184,29184,29184,29184,0,0,0,0,1791.167498605382
|||;29184,29184,29184,29184,0,0,0,0,1796.167498605382
|||;29184,29184,29184,29184,0,0,0,0,1801.167498605382
|||;29184,29184,29184,29184,0,0,0,0,1806.167498605382
|||;29184,29184,29184,29184,0,0,0,0,1811.167498605382
|||;29184,29184,29184,29184,0,0,0,0,1816.167498605382
|||;29184,29184,29184,29184,0,0,0,0,1821.167498605382
|||;29184,29184,29184,29184,0,0,0,0,1826.167498605382
|||;29184,29184,29184,29184,0,0,0,0,1831.167498605382
|||;29184,29184,29184,29184,0,0,0,0,1836.167498605382
|||;29184,29184,29184,29184,0,0,0,0,1841.167498605382
|||;29184,29184,29184,29184,0,0,0,0,1846.167498605382
|||;29184,29184,29184,29184,0,0,0,0,1851.167498605382
|||;29184,29184,29184,29184,0,0,0,0,1856.167498605382
|||;29184,29184,29184,29184,0,0,0,0,1861.167498605382
|||;29184,29184,29184,29184,0,0,0,0,1866.167498605382
|||;29184,29184,29184,29184,0,0,0,0,1871.167498605382
|||;29184,29184,29184,29184,0,0,0,0,1876.167498605382
|||;29184,29184,29184,29184,0,0,0,0,1881.167498605382
|||;29184,29184,29184,29184,0,0,0,0,1886.167498605382
|||;29184,29184,29184,29184,0,0,0,0,1891.167498605382
|||;29184,29184,29184,29184,0,0,0,0,1896.167498605382
|||;29184,29184,29184,29184,0,0,0,0,1901.167498605382
|||;29184,29184,29184,29184,0,0,0,0,1906.167498605382
|||;29184,29184,29184,29184,0,0,0,0,1911.167498605382
|||;29184,29184,29184,29184,0,0,0,0,1916.167498605382
|||;29184,29184,29184,29184,0,0,0,0,1921.167498605382
|||;29184,29184,29184,29184,0,0,0,0,1926.167498605382
|||;29184,29184,29184,29184,0,0,0,0,1931.167498605382
|||;29184,29184,29184,29184,0,0,0,0,1936.167498605382
|||;29184,29184,29184,29184,0,0,0,0,1941.167498605382
|||;29184,29184,29184,29184,0,0,0,0,1946.167498605382
|||;29184,29184,29184,29184,0,0,0,0,1951.167498605382
|||;29184,29184,29184,29184,0,0,0,0,1956.167498605382
|||;29184,29184,29184,29184,0,0,0,0,1961.167498605382
|||;29184,29184,29184,29184,0,0,0,0,1966.167498605382
|||;29184,29184,29184,29184,0,0,0,0,1971.167498605382
|||;29184,29184,29184,29184,0,0,0,0,1976.167498605382
|||;29184,29184,29184,29184,0,0,0,0,1981.167498605382
|||;29184,29184,29184,29184,0,0,0,0,1986.167498605382
|||;29184,29184,29184,29184,0,0,0,0,1991.167498605382
|||;29184,29184,29184,29184,0,0,0,0,1996.167498605382
