,94617.6,0.00.00.00.0,0.013820434604
,142950,0.00.00.00.0,0.013820434604
,142950,0.00.00.00.0,5.013820434604
,142950,0.00.00.00.0,10.013820434604
,142950,0.00.00.00.0,15.013820434604
,142950,0.00.00.00.0,20.013820434604
,142950,0.00.00.00.0,25.013820434604
,142950,0.00.00.00.0,30.013820434604
,142950,0.00.00.00.0,0.013820434604
,142950,0.00.00.00.0,5.013820434604
,79052.8,0.00.00.00.0,0.013820434604
,129843,0.00.00.00.0,1.013820434604
,97894.4,0.00.00.00.0,1.013820434604
,151142,0.00.00.00.0,1.013820434604
,95436.8,0.00.00.00.0,1.013820434604
,130662,0.00.00.00.0,1.013820434604
,130662,0.00.00.00.0,6.013820434604
,124928,0.00.00.00.0,1.013820434604
,124928,0.00.00.00.0,6.013820434604
,124928,0.00.00.00.0,11.013820434604
,124928,0.00.00.00.0,16.013820434604
,124928,0.00.00.00.0,21.013820434604
,124928,0.00.00.00.0,26.013820434604
133120,0,0,0,0,1.013820434604133120,0,0,0,0,6.013820434604133120,0,0,0,0,11.013820434604;133120,0,0,0,0,1.013820434604
;133120,0,0,0,0,6.013820434604
;133120,0,0,0,0,11.013820434604
;133120,0,0,0,0,16.013820434604
;133120,0,0,0,0,21.013820434604
;133120,0,0,0,0,26.013820434604
;133120,0,0,0,0,31.013820434604
;133120,0,0,0,0,36.013820434604
;133120,0,0,0,0,41.013820434604
;133120,0,0,0,0,46.013820434604
;133120,0,0,0,0,51.013820434604
;133120,0,0,0,0,56.013820434604
;133120,0,0,0,0,61.013820434604
;133120,0,0,0,0,66.013820434604
;133120,0,0,0,0,71.013820434604
;133120,0,0,0,0,76.013820434604
;133120,0,0,0,0,81.013820434604
;133120,0,0,0,0,86.013820434604
;133120,0,0,0,0,91.013820434604
;133120,0,0,0,0,96.013820434604
;133120,0,0,0,0,101.013820434604
;133120,0,0,0,0,106.013820434604
;133120,0,0,0,0,111.013820434604
;133120,0,0,0,0,116.013820434604
;133120,0,0,0,0,121.013820434604
;133120,0,0,0,0,126.013820434604
;133120,0,0,0,0,131.013820434604
;133120,0,0,0,0,136.013820434604
;133120,0,0,0,0,141.013820434604
;133120,0,0,0,0,146.013820434604
;133120,0,0,0,0,151.013820434604
;140493,0,0,0,0,1.013820434604
;140493,0,0,0,0,6.013820434604
;140493,0,0,0,0,11.013820434604
;140493,0,0,0,0,16.013820434604
;140493,0,0,0,0,21.013820434604
;140493,0,0,0,0,26.013820434604
;140493,0,0,0,0,31.013820434604
;140493,0,0,0,0,36.013820434604
;140493,0,0,0,0,41.013820434604
;140493,0,0,0,0,46.013820434604
;140493,0,0,0,0,51.013820434604
;140493,0,0,0,0,56.013820434604
;140493,0,0,0,0,61.013820434604
;140493,0,0,0,0,66.013820434604
;140493,0,0,0,0,71.013820434604
;140493,0,0,0,0,76.013820434604
;140493,0,0,0,0,81.013820434604
;140493,0,0,0,0,86.013820434604
;140493,0,0,0,0,91.013820434604
;140493,0,0,0,0,96.013820434604
;140493,0,0,0,0,101.013820434604
;127386,0,0,0,0,1.013820434604
;71680,0,0,0,0,1.013820434604
;95436.8,0,0,0,0,1.013820434604
;147046,0,0,0,0,1.013820434604
;101171,0,0,0,0,1.013841495833
;101171,0,0,0,0,6.013841495833
;101171,0,0,0,0,11.013841495833
;78233.6,0,0,0,0,1.013841495833
;78233.6,0,0,0,0,6.013841495833
;78233.6,0,0,0,0,11.013841495833
;78233.6,0,0,0,0,16.013841495833
;78233.6,0,0,0,0,21.013841495833
;78233.6,0,0,0,0,26.013841495833
;78233.6,0,0,0,0,31.013841495833
;78233.6,0,0,0,0,36.013841495833
;78233.6,0,0,0,0,41.013841495833
;78233.6,0,0,0,0,46.013841495833
;78233.6,0,0,0,0,51.013841495833
;78233.6,0,0,0,0,56.013841495833
;78233.6,0,0,0,0,61.013841495833
;78233.6,0,0,0,0,66.013841495833
;78233.6,0,0,0,0,71.013841495833
;78233.6,0,0,0,0,76.013841495833
;78233.6,0,0,0,0,81.013841495833
;78233.6,0,0,0,0,86.013841495833
;78233.6,0,0,0,0,91.013841495833
;78233.6,0,0,0,0,96.013841495833
;78233.6,0,0,0,0,101.013841495833
;78233.6,0,0,0,0,106.013841495833
;78233.6,0,0,0,0,111.013841495833
;78233.6,0,0,0,0,116.013841495833
;78233.6,0,0,0,0,121.013841495833
;78233.6,0,0,0,0,126.013841495833
;78233.6,0,0,0,0,131.013841495833
;78233.6,0,0,0,0,136.013841495833
;78233.6,0,0,0,0,141.013841495833
;78233.6,0,0,0,0,146.013841495833
;78233.6,0,0,0,0,151.013841495833
;78233.6,0,0,0,0,156.013841495833
;78233.6,0,0,0,0,161.013841495833
;78233.6,0,0,0,0,166.013841495833
;78233.6,0,0,0,0,171.013841495833
;78233.6,0,0,0,0,176.013841495833
;78233.6,0,0,0,0,181.013841495833
;78233.6,0,0,0,0,186.013841495833
;78233.6,0,0,0,0,191.013841495833
;78233.6,0,0,0,0,196.013841495833
;78233.6,0,0,0,0,201.013841495833
;78233.6,0,0,0,0,206.013841495833
;78233.6,0,0,0,0,211.013841495833
;78233.6,0,0,0,0,216.013841495833
;78233.6,0,0,0,0,221.013841495833
;78233.6,0,0,0,0,226.013841495833
;78233.6,0,0,0,0,231.013841495833
;78233.6,0,0,0,0,236.013841495833
;78233.6,0,0,0,0,241.013841495833
;78233.6,0,0,0,0,246.013841495833
;78233.6,0,0,0,0,251.013841495833
;78233.6,0,0,0,0,256.013841495833
;78233.6,0,0,0,0,261.013841495833
;78233.6,0,0,0,0,266.013841495833
;78233.6,0,0,0,0,271.013841495833
;78233.6,0,0,0,0,276.013841495833
;78233.6,0,0,0,0,281.013841495833
;78233.6,0,0,0,0,286.013841495833
;78233.6,0,0,0,0,291.013841495833
;78233.6,0,0,0,0,296.013841495833
;78233.6,0,0,0,0,301.013841495833
;78233.6,0,0,0,0,306.013841495833
;78233.6,0,0,0,0,311.013841495833
;78233.6,0,0,0,0,316.013841495833
;78233.6,0,0,0,0,321.013841495833
;78233.6,0,0,0,0,326.013841495833
;78233.6,0,0,0,0,331.013841495833
;78233.6,0,0,0,0,336.013841495833
;78233.6,0,0,0,0,341.013841495833
;78233.6,0,0,0,0,346.013841495833
;78233.6,0,0,0,0,351.013841495833
;78233.6,0,0,0,0,356.013841495833
;78233.6,0,0,0,0,361.013841495833
;78233.6,0,0,0,0,366.013841495833
;78233.6,0,0,0,0,371.013841495833
;78233.6,0,0,0,0,376.013841495833
;78233.6,0,0,0,0,381.013841495833
;78233.6,0,0,0,0,386.013841495833
;78233.6,0,0,0,0,391.013841495833
;78233.6,0,0,0,0,396.013841495833
;78233.6,0,0,0,0,401.013841495833
;78233.6,0,0,0,0,406.013841495833
;78233.6,0,0,0,0,411.013841495833
;78233.6,0,0,0,0,416.013841495833
;78233.6,0,0,0,0,421.013841495833
;78233.6,0,0,0,0,426.013841495833
;78233.6,0,0,0,0,431.013841495833
;78233.6,0,0,0,0,436.013841495833
;78233.6,0,0,0,0,441.013841495833
;78233.6,0,0,0,0,446.013841495833
;78233.6,0,0,0,0,451.013841495833
;78233.6,0,0,0,0,456.013841495833
;78233.6,0,0,0,0,461.013841495833
;78233.6,0,0,0,0,466.013841495833
;78233.6,0,0,0,0,471.013841495833
;78233.6,0,0,0,0,476.013841495833
;78233.6,0,0,0,0,481.013841495833
;78233.6,0,0,0,0,486.013841495833
;78233.6,0,0,0,0,491.013841495833
;78233.6,0,0,0,0,496.013841495833
;78233.6,0,0,0,0,501.013841495833
;78233.6,0,0,0,0,506.013841495833
;78233.6,0,0,0,0,511.013841495833
;78233.6,0,0,0,0,516.013841495833
;78233.6,0,0,0,0,521.013841495833
;78233.6,0,0,0,0,526.013841495833
;78233.6,0,0,0,0,531.013841495833
;78233.6,0,0,0,0,536.013841495833
;78233.6,0,0,0,0,541.013841495833
;78233.6,0,0,0,0,546.013841495833
;78233.6,0,0,0,0,551.013841495833
;78233.6,0,0,0,0,556.013841495833
;78233.6,0,0,0,0,561.013841495833
;78233.6,0,0,0,0,566.013841495833
;78233.6,0,0,0,0,571.013841495833
;78233.6,0,0,0,0,576.013841495833
;78233.6,0,0,0,0,581.013841495833
;78233.6,0,0,0,0,586.013841495833
;78233.6,0,0,0,0,591.013841495833
;78233.6,0,0,0,0,596.013841495833
;78233.6,0,0,0,0,601.013841495833
;78233.6,0,0,0,0,606.013841495833
;78233.6,0,0,0,0,611.013841495833
;78233.6,0,0,0,0,616.013841495833
;78233.6,0,0,0,0,621.013841495833
;78233.6,0,0,0,0,626.013841495833
;78233.6,0,0,0,0,631.013841495833
;78233.6,0,0,0,0,636.013841495833
;78233.6,0,0,0,0,641.013841495833
;78233.6,0,0,0,0,646.013841495833
;78233.6,0,0,0,0,651.013841495833
;78233.6,0,0,0,0,656.013841495833
;78233.6,0,0,0,0,661.013841495833
;78233.6,0,0,0,0,666.013841495833
;78233.6,0,0,0,0,671.013841495833
;78233.6,0,0,0,0,676.013841495833
;78233.6,0,0,0,0,681.013841495833
;78233.6,0,0,0,0,686.013841495833
;78233.6,0,0,0,0,691.013841495833
;78233.6,0,0,0,0,696.013841495833
;78233.6,0,0,0,0,701.013841495833
;78233.6,0,0,0,0,706.013841495833
;78233.6,0,0,0,0,711.013841495833
;78233.6,0,0,0,0,716.013841495833
;78233.6,0,0,0,0,721.013841495833
;78233.6,0,0,0,0,726.013841495833
;78233.6,0,0,0,0,731.013841495833
;78233.6,0,0,0,0,736.013841495833
;78233.6,0,0,0,0,741.013841495833
;78233.6,0,0,0,0,746.013841495833
;78233.6,0,0,0,0,751.013841495833
;78233.6,0,0,0,0,756.013841495833
;78233.6,0,0,0,0,761.013841495833
;78233.6,0,0,0,0,766.013841495833
;78233.6,0,0,0,0,771.013841495833
;78233.6,0,0,0,0,776.013841495833
;78233.6,0,0,0,0,781.013841495833
;78233.6,0,0,0,0,786.013841495833
;78233.6,0,0,0,0,791.013841495833
;78233.6,0,0,0,0,796.013841495833
;78233.6,0,0,0,0,801.013841495833
;78233.6,0,0,0,0,806.013841495833
;78233.6,0,0,0,0,811.013841495833
;78233.6,0,0,0,0,816.013841495833
;78233.6,0,0,0,0,821.013841495833
;78233.6,0,0,0,0,826.013841495833
;78233.6,0,0,0,0,831.013841495833
;78233.6,0,0,0,0,836.013841495833
;78233.6,0,0,0,0,841.013841495833
;78233.6,0,0,0,0,846.013841495833
;78233.6,0,0,0,0,851.013841495833
;78233.6,0,0,0,0,856.013841495833
;78233.6,0,0,0,0,861.013841495833
;78233.6,0,0,0,0,866.013841495833
;78233.6,0,0,0,0,871.013841495833
;78233.6,0,0,0,0,876.013841495833
;78233.6,0,0,0,0,881.013841495833
;78233.6,0,0,0,0,886.013841495833
;78233.6,0,0,0,0,891.013841495833
;78233.6,0,0,0,0,896.013841495833
;78233.6,0,0,0,0,901.013841495833
;78233.6,0,0,0,0,906.013841495833
;78233.6,0,0,0,0,911.013841495833
;78233.6,0,0,0,0,916.013841495833
;78233.6,0,0,0,0,921.013841495833
;78233.6,0,0,0,0,926.013841495833
;78233.6,0,0,0,0,931.013841495833
;78233.6,0,0,0,0,936.013841495833
;78233.6,0,0,0,0,941.013841495833
;78233.6,0,0,0,0,946.013841495833
;78233.6,0,0,0,0,951.013841495833
;78233.6,0,0,0,0,956.013841495833
;78233.6,0,0,0,0,961.013841495833
;78233.6,0,0,0,0,966.013841495833
;78233.6,0,0,0,0,971.013841495833
;78233.6,0,0,0,0,976.013841495833
;78233.6,0,0,0,0,981.013841495833
;78233.6,0,0,0,0,986.013841495833
;78233.6,0,0,0,0,991.013841495833
;78233.6,0,0,0,0,996.013841495833
;78233.6,0,0,0,0,1001.013841495833
;78233.6,0,0,0,0,1006.013841495833
;78233.6,0,0,0,0,1011.013841495833
;78233.6,0,0,0,0,1016.013841495833
;78233.6,0,0,0,0,1021.013841495833
;78233.6,0,0,0,0,1026.013841495833
;78233.6,0,0,0,0,1031.013841495833
;78233.6,0,0,0,0,1036.013841495833
;78233.6,0,0,0,0,1041.013841495833
;78233.6,0,0,0,0,1046.013841495833
;78233.6,0,0,0,0,1051.013841495833
;78233.6,0,0,0,0,1056.013841495833
;78233.6,0,0,0,0,1061.013841495833
;78233.6,0,0,0,0,1066.013841495833
;78233.6,0,0,0,0,1071.013841495833
;78233.6,0,0,0,0,1076.013841495833
;78233.6,0,0,0,0,1081.013841495833
;78233.6,0,0,0,0,1086.013841495833
;78233.6,0,0,0,0,1091.013841495833
;78233.6,0,0,0,0,1096.013841495833
;78233.6,0,0,0,0,1101.013841495833
;78233.6,0,0,0,0,1106.013841495833
;78233.6,0,0,0,0,1111.013841495833
;78233.6,0,0,0,0,1116.013841495833
;78233.6,0,0,0,0,1121.013841495833
;78233.6,0,0,0,0,1126.013841495833
;78233.6,0,0,0,0,1131.013841495833
;78233.6,0,0,0,0,1136.013841495833
;78233.6,0,0,0,0,1141.013841495833
;78233.6,0,0,0,0,1146.013841495833
;78233.6,0,0,0,0,1151.013841495833
;78233.6,0,0,0,0,1156.013841495833
;78233.6,0,0,0,0,1161.013841495833
;78233.6,0,0,0,0,1166.013841495833
;78233.6,0,0,0,0,1171.013841495833
;78233.6,0,0,0,0,1176.013841495833
;78233.6,0,0,0,0,1181.013841495833
;78233.6,0,0,0,0,1186.013841495833
;78233.6,0,0,0,0,1191.013841495833
;78233.6,0,0,0,0,1196.013841495833
;78233.6,0,0,0,0,1201.013841495833
;78233.6,0,0,0,0,1206.013841495833
;78233.6,0,0,0,0,1211.013841495833
;78233.6,0,0,0,0,1216.013841495833
;78233.6,0,0,0,0,1221.013841495833
;78233.6,0,0,0,0,1226.013841495833
;78233.6,0,0,0,0,1231.013841495833
;78233.6,0,0,0,0,1236.013841495833
;78233.6,0,0,0,0,1241.013841495833
;78233.6,0,0,0,0,1246.013841495833
;78233.6,0,0,0,0,1251.013841495833
;78233.6,0,0,0,0,1256.013841495833
;78233.6,0,0,0,0,1261.013841495833
;78233.6,0,0,0,0,1266.013841495833
;78233.6,0,0,0,0,1271.013841495833
;78233.6,0,0,0,0,1276.013841495833
;78233.6,0,0,0,0,1281.013841495833
;78233.6,0,0,0,0,1286.013841495833
;78233.6,0,0,0,0,1291.013841495833
;78233.6,0,0,0,0,1296.013841495833
;78233.6,0,0,0,0,1301.013841495833
;78233.6,0,0,0,0,1306.013841495833
;78233.6,0,0,0,0,1311.013841495833
;78233.6,0,0,0,0,1316.013841495833
;78233.6,0,0,0,0,1321.013841495833
;78233.6,0,0,0,0,1326.013841495833
;78233.6,0,0,0,0,1331.013841495833
;78233.6,0,0,0,0,1336.013841495833
;78233.6,0,0,0,0,1341.013841495833
;78233.6,0,0,0,0,1346.013841495833
;78233.6,0,0,0,0,1351.013841495833
;78233.6,0,0,0,0,1356.013841495833
;78233.6,0,0,0,0,1361.013841495833
;78233.6,0,0,0,0,1366.013841495833
;78233.6,0,0,0,0,1371.013841495833
;78233.6,0,0,0,0,1376.013841495833
;78233.6,0,0,0,0,1381.013841495833
;78233.6,0,0,0,0,1386.013841495833
;78233.6,0,0,0,0,1391.013841495833
;78233.6,0,0,0,0,1396.013841495833
;78233.6,0,0,0,0,1401.013841495833
;78233.6,0,0,0,0,1406.013841495833
;78233.6,0,0,0,0,1411.013841495833
;78233.6,0,0,0,0,1416.013841495833
;78233.6,0,0,0,0,1421.013841495833
;78233.6,0,0,0,0,1426.013841495833
;78233.6,0,0,0,0,1431.013841495833
;78233.6,0,0,0,0,1436.013841495833
;78233.6,0,0,0,0,1441.013841495833
;78233.6,0,0,0,0,1446.013841495833
;78233.6,0,0,0,0,1451.013841495833
;78233.6,0,0,0,0,1456.013841495833
;78233.6,0,0,0,0,1461.013841495833
;78233.6,0,0,0,0,1466.013841495833
;78233.6,0,0,0,0,1471.013841495833
;78233.6,0,0,0,0,1476.013841495833
;78233.6,0,0,0,0,1481.013841495833
;78233.6,0,0,0,0,1486.013841495833
;78233.6,0,0,0,0,1491.013841495833
;78233.6,0,0,0,0,1496.013841495833
;78233.6,0,0,0,0,1501.013841495833
;78233.6,0,0,0,0,1506.013841495833
;78233.6,0,0,0,0,1511.013841495833
;78233.6,0,0,0,0,1516.013841495833
;78233.6,0,0,0,0,1521.013841495833
;78233.6,0,0,0,0,1526.013841495833
;78233.6,0,0,0,0,1531.013841495833
;78233.6,0,0,0,0,1536.013841495833
;78233.6,0,0,0,0,1541.013841495833
;78233.6,0,0,0,0,1546.013841495833
;78233.6,0,0,0,0,1551.013841495833
;78233.6,0,0,0,0,1556.013841495833
;78233.6,0,0,0,0,1561.013841495833
;78233.6,0,0,0,0,1566.013841495833
;78233.6,0,0,0,0,1571.013841495833
;78233.6,0,0,0,0,1576.013841495833
;78233.6,0,0,0,0,1581.013841495833
;78233.6,0,0,0,0,1586.013841495833
;78233.6,0,0,0,0,1591.013841495833
;78233.6,0,0,0,0,1596.013841495833
;78233.6,0,0,0,0,1601.013841495833
;78233.6,0,0,0,0,1606.013841495833
;78233.6,0,0,0,0,1611.013841495833
;78233.6,0,0,0,0,1616.013841495833
;78233.6,0,0,0,0,1621.013841495833
;78233.6,0,0,0,0,1626.013841495833
;78233.6,0,0,0,0,1631.013841495833
;78233.6,0,0,0,0,1636.013841495833
;78233.6,0,0,0,0,1641.013841495833
;78233.6,0,0,0,0,1646.013841495833
;78233.6,0,0,0,0,1651.013841495833
;78233.6,0,0,0,0,1656.013841495833
;78233.6,0,0,0,0,1661.013841495833
;78233.6,0,0,0,0,1666.013841495833
;78233.6,0,0,0,0,1671.013841495833
;78233.6,0,0,0,0,1676.013841495833
;78233.6,0,0,0,0,1681.013841495833
;78233.6,0,0,0,0,1686.013841495833
;78233.6,0,0,0,0,1691.013841495833
;78233.6,0,0,0,0,1696.013841495833
;78233.6,0,0,0,0,1701.013841495833
;78233.6,0,0,0,0,1706.013841495833
;78233.6,0,0,0,0,1711.013841495833
;78233.6,0,0,0,0,1716.013841495833
;78233.6,0,0,0,0,1721.013841495833
;78233.6,0,0,0,0,1726.013841495833
;78233.6,0,0,0,0,1731.013841495833
;78233.6,0,0,0,0,1736.013841495833
;78233.6,0,0,0,0,1741.013841495833
;78233.6,0,0,0,0,1746.013841495833
;78233.6,0,0,0,0,1751.013841495833
;78233.6,0,0,0,0,1756.013841495833
;78233.6,0,0,0,0,1761.013841495833
;78233.6,0,0,0,0,1766.013841495833
;78233.6,0,0,0,0,1771.013841495833
;78233.6,0,0,0,0,1776.013841495833
;78233.6,0,0,0,0,1781.013841495833
;78233.6,0,0,0,0,1786.013841495833
;78233.6,0,0,0,0,1791.013841495833
;78233.6,0,0,0,0,1796.013841495833
;78233.6,0,0,0,0,1801.013841495833
;78233.6,0,0,0,0,1806.013841495833
;78233.6,0,0,0,0,1811.013841495833
;78233.6,0,0,0,0,1816.013841495833
;78233.6,0,0,0,0,1821.013841495833
;78233.6,0,0,0,0,1826.013841495833
;78233.6,0,0,0,0,1831.013841495833
;78233.6,0,0,0,0,1836.013841495833
;78233.6,0,0,0,0,1841.013841495833
;78233.6,0,0,0,0,1846.013841495833
;78233.6,0,0,0,0,1851.013841495833
;78233.6,0,0,0,0,1856.013841495833
;78233.6,0,0,0,0,1861.013841495833
;78233.6,0,0,0,0,1866.013841495833
;78233.6,0,0,0,0,1871.013841495833
;78233.6,0,0,0,0,1876.013841495833
;78233.6,0,0,0,0,1881.013841495833
;78233.6,0,0,0,0,1886.013841495833
;78233.6,0,0,0,0,1891.013841495833
;78233.6,0,0,0,0,1896.013841495833
;78233.6,0,0,0,0,1901.013841495833
;78233.6,0,0,0,0,1906.013841495833
;78233.6,0,0,0,0,1911.013841495833
;78233.6,0,0,0,0,1916.013841495833
;78233.6,0,0,0,0,1921.013841495833
;78233.6,0,0,0,0,1926.013841495833
;78233.6,0,0,0,0,1931.013841495833
;78233.6,0,0,0,0,1936.013841495833
;78233.6,0,0,0,0,1941.013841495833
;78233.6,0,0,0,0,1946.013841495833
;78233.6,0,0,0,0,1951.013841495833
;78233.6,0,0,0,0,1956.013841495833
;78233.6,0,0,0,0,1961.013841495833
;78233.6,0,0,0,0,1966.013841495833
;78233.6,0,0,0,0,1971.013841495833
;78233.6,0,0,0,0,1976.013841495833
;78233.6,0,0,0,0,1981.013841495833
;78233.6,0,0,0,0,1986.013841495833
;78233.6,0,0,0,0,1991.013841495833
;78233.6,0,0,0,0,1996.013841495833
;97075.2,0,0,0,0,1.013841495833
;97075.2,0,0,0,0,6.013841495833
;82329.6,0,0,0,0,1.013841495833
;82329.6,0,0,0,0,6.013841495833
;93798.4,0,0,0,0,1.013841495833
;93798.4,0,0,0,0,6.013841495833
;71680,0,0,0,0,1.013841495833
;71680,0,0,0,0,6.013841495833
;100352,0,0,0,0,1.013841495833
;100352,0,0,0,0,6.013841495833
;138854,0,0,0,0,1.013841495833
;138854,0,0,0,0,6.013841495833
;140493,0,0,0,0,1.013841495833
;140493,0,0,0,0,6.013841495833
;130662,0,0,0,0,1.013841495833
;130662,0,0,0,0,6.013841495833
;131482,0,0,0,0,1.013841495833
;131482,0,0,0,0,6.013841495833
;87244.8,0,0,0,0,1.013841495833
;87244.8,0,0,0,0,6.013841495833
;150323,0,0,0,0,1.013841495833
;150323,0,0,0,0,6.013841495833
;150323,0,0,0,0,11.013841495833
;136397,0,0,0,0,1.013841495833
;136397,0,0,0,0,6.013841495833
;136397,0,0,0,0,11.013841495833
;119194,0,0,0,0,1.013841495833
;119194,0,0,0,0,6.013841495833
;97075.2,0,0,0,0,1.013841495833
;97075.2,0,0,0,0,6.013841495833
;71680,0,0,0,0,1.013841495833
;71680,0,0,0,0,6.013841495833
;98713.6,0,0,0,0,1.013841495833
;98713.6,0,0,0,0,6.013841495833
;116736,0,0,0,0,1.013841495833
;116736,0,0,0,0,6.013841495833
;145408,0,0,0,0,1.013841495833
;145408,0,0,0,0,6.013841495833
;147866,0,0,0,0,1.013841495833
;147866,0,0,0,0,6.013841495833
;134758,0,0,0,0,1.013841495833
;134758,0,0,0,0,6.013841495833
;134758,0,0,0,0,1.013841495833
;134758,0,0,0,0,6.013841495833
;103629,0,0,0,0,1.013841495833
;103629,0,0,0,0,6.013841495833
;129024,0,0,0,0,1.013841495833
;129024,0,0,0,0,6.013841495833
;129024,0,0,0,0,11.013841495833
;144589,0,0,0,0,1.013841495833
;144589,0,0,0,0,6.013841495833
;143770,0,0,0,0,1.013841495833
;143770,0,0,0,0,6.013841495833
;143770,0,0,0,0,11.013841495833
;79872,0,0,0,0,1.013841495833
;79872,0,0,0,0,6.013841495833
;80691.2,0,0,0,0,1.013841495833
;80691.2,0,0,0,0,6.013841495833
;81510.4,0,0,0,0,1.013841495833
;81510.4,0,0,0,0,6.013841495833
;81510.4,0,0,0,0,11.013841495833
;81510.4,0,0,0,0,16.013841495833
;81510.4,0,0,0,0,21.013841495833
;81510.4,0,0,0,0,26.013841495833
;81510.4,0,0,0,0,31.013841495833
;81510.4,0,0,0,0,36.013841495833
;81510.4,0,0,0,0,41.013841495833
;81510.4,0,0,0,0,46.013841495833
;81510.4,0,0,0,0,51.013841495833
;81510.4,0,0,0,0,56.013841495833
;81510.4,0,0,0,0,61.013841495833
;81510.4,0,0,0,0,66.013841495833
;81510.4,0,0,0,0,71.013841495833
;81510.4,0,0,0,0,76.013841495833
;81510.4,0,0,0,0,81.013841495833
;81510.4,0,0,0,0,86.013841495833
;81510.4,0,0,0,0,91.013841495833
;81510.4,0,0,0,0,96.013841495833
;81510.4,0,0,0,0,101.013841495833
;81510.4,0,0,0,0,106.013841495833
;81510.4,0,0,0,0,111.013841495833
;81510.4,0,0,0,0,116.013841495833
;81510.4,0,0,0,0,121.013841495833
;81510.4,0,0,0,0,126.013841495833
;81510.4,0,0,0,0,131.013841495833
;81510.4,0,0,0,0,136.013841495833
;81510.4,0,0,0,0,141.013841495833
;81510.4,0,0,0,0,146.013841495833
;81510.4,0,0,0,0,151.013841495833
;81510.4,0,0,0,0,156.013841495833
;81510.4,0,0,0,0,161.013841495833
;81510.4,0,0,0,0,166.013841495833
;81510.4,0,0,0,0,171.013841495833
;81510.4,0,0,0,0,176.013841495833
;81510.4,0,0,0,0,181.013841495833
;81510.4,0,0,0,0,186.013841495833
;81510.4,0,0,0,0,191.013841495833
;81510.4,0,0,0,0,196.013841495833
;81510.4,0,0,0,0,201.013841495833
;81510.4,0,0,0,0,206.013841495833
;81510.4,0,0,0,0,211.013841495833
;81510.4,0,0,0,0,216.013841495833
;81510.4,0,0,0,0,221.013841495833
;81510.4,0,0,0,0,226.013841495833
;81510.4,0,0,0,0,231.013841495833
;81510.4,0,0,0,0,236.013841495833
;81510.4,0,0,0,0,241.013841495833
;81510.4,0,0,0,0,246.013841495833
;81510.4,0,0,0,0,251.013841495833
;81510.4,0,0,0,0,256.013841495833
;81510.4,0,0,0,0,261.013841495833
;81510.4,0,0,0,0,266.013841495833
;81510.4,0,0,0,0,271.013841495833
;81510.4,0,0,0,0,276.013841495833
;81510.4,0,0,0,0,281.013841495833
;81510.4,0,0,0,0,286.013841495833
;81510.4,0,0,0,0,291.013841495833
;81510.4,0,0,0,0,296.013841495833
;81510.4,0,0,0,0,301.013841495833
;81510.4,0,0,0,0,306.013841495833
;81510.4,0,0,0,0,311.013841495833
;81510.4,0,0,0,0,316.013841495833
;81510.4,0,0,0,0,321.013841495833
;81510.4,0,0,0,0,326.013841495833
;81510.4,0,0,0,0,331.013841495833
;81510.4,0,0,0,0,336.013841495833
;81510.4,0,0,0,0,341.013841495833
;81510.4,0,0,0,0,346.013841495833
;81510.4,0,0,0,0,351.013841495833
;81510.4,0,0,0,0,356.013841495833
;81510.4,0,0,0,0,361.013841495833
;81510.4,0,0,0,0,366.013841495833
;81510.4,0,0,0,0,371.013841495833
;81510.4,0,0,0,0,376.013841495833
;81510.4,0,0,0,0,381.013841495833
;81510.4,0,0,0,0,386.013841495833
;81510.4,0,0,0,0,391.013841495833
;81510.4,0,0,0,0,396.013841495833
;81510.4,0,0,0,0,401.013841495833
;81510.4,0,0,0,0,406.013841495833
;81510.4,0,0,0,0,411.013841495833
;81510.4,0,0,0,0,416.013841495833
;81510.4,0,0,0,0,421.013841495833
;81510.4,0,0,0,0,426.013841495833
;81510.4,0,0,0,0,431.013841495833
;81510.4,0,0,0,0,436.013841495833
;81510.4,0,0,0,0,441.013841495833
;81510.4,0,0,0,0,446.013841495833
;81510.4,0,0,0,0,451.013841495833
;81510.4,0,0,0,0,456.013841495833
;81510.4,0,0,0,0,461.013841495833
;81510.4,0,0,0,0,466.013841495833
;81510.4,0,0,0,0,471.013841495833
;81510.4,0,0,0,0,476.013841495833
;81510.4,0,0,0,0,481.013841495833
;81510.4,0,0,0,0,486.013841495833
;81510.4,0,0,0,0,491.013841495833
;81510.4,0,0,0,0,496.013841495833
;81510.4,0,0,0,0,501.013841495833
;81510.4,0,0,0,0,506.013841495833
;81510.4,0,0,0,0,511.013841495833
;81510.4,0,0,0,0,516.013841495833
;81510.4,0,0,0,0,521.013841495833
;81510.4,0,0,0,0,526.013841495833
;81510.4,0,0,0,0,531.013841495833
;81510.4,0,0,0,0,536.013841495833
;81510.4,0,0,0,0,541.013841495833
;81510.4,0,0,0,0,546.013841495833
;81510.4,0,0,0,0,551.013841495833
;81510.4,0,0,0,0,556.013841495833
;81510.4,0,0,0,0,561.013841495833
;81510.4,0,0,0,0,566.013841495833
;81510.4,0,0,0,0,571.013841495833
;81510.4,0,0,0,0,576.013841495833
;81510.4,0,0,0,0,581.013841495833
;81510.4,0,0,0,0,586.013841495833
;81510.4,0,0,0,0,591.013841495833
;81510.4,0,0,0,0,596.013841495833
;81510.4,0,0,0,0,601.013841495833
;81510.4,0,0,0,0,606.013841495833
;81510.4,0,0,0,0,611.013841495833
;81510.4,0,0,0,0,616.013841495833
;81510.4,0,0,0,0,621.013841495833
;81510.4,0,0,0,0,626.013841495833
;81510.4,0,0,0,0,631.013841495833
;81510.4,0,0,0,0,636.013841495833
;81510.4,0,0,0,0,641.013841495833
;81510.4,0,0,0,0,646.013841495833
;81510.4,0,0,0,0,651.013841495833
;81510.4,0,0,0,0,656.013841495833
;81510.4,0,0,0,0,661.013841495833
;81510.4,0,0,0,0,666.013841495833
;81510.4,0,0,0,0,671.013841495833
;81510.4,0,0,0,0,676.013841495833
;81510.4,0,0,0,0,681.013841495833
;81510.4,0,0,0,0,686.013841495833
;81510.4,0,0,0,0,691.013841495833
;81510.4,0,0,0,0,696.013841495833
;81510.4,0,0,0,0,701.013841495833
;81510.4,0,0,0,0,706.013841495833
;81510.4,0,0,0,0,711.013841495833
;81510.4,0,0,0,0,716.013841495833
;81510.4,0,0,0,0,721.013841495833
;81510.4,0,0,0,0,726.013841495833
;81510.4,0,0,0,0,731.013841495833
;81510.4,0,0,0,0,736.013841495833
;81510.4,0,0,0,0,741.013841495833
;81510.4,0,0,0,0,746.013841495833
;81510.4,0,0,0,0,751.013841495833
;81510.4,0,0,0,0,756.013841495833
;81510.4,0,0,0,0,761.013841495833
;81510.4,0,0,0,0,766.013841495833
;81510.4,0,0,0,0,771.013841495833
;81510.4,0,0,0,0,776.013841495833
;81510.4,0,0,0,0,781.013841495833
;81510.4,0,0,0,0,786.013841495833
;81510.4,0,0,0,0,791.013841495833
;81510.4,0,0,0,0,796.013841495833
;81510.4,0,0,0,0,801.013841495833
;81510.4,0,0,0,0,806.013841495833
;81510.4,0,0,0,0,811.013841495833
;81510.4,0,0,0,0,816.013841495833
;81510.4,0,0,0,0,821.013841495833
;81510.4,0,0,0,0,826.013841495833
;81510.4,0,0,0,0,831.013841495833
;81510.4,0,0,0,0,836.013841495833
;81510.4,0,0,0,0,841.013841495833
;81510.4,0,0,0,0,846.013841495833
;81510.4,0,0,0,0,851.013841495833
;81510.4,0,0,0,0,856.013841495833
;81510.4,0,0,0,0,861.013841495833
;81510.4,0,0,0,0,866.013841495833
;81510.4,0,0,0,0,871.013841495833
;81510.4,0,0,0,0,876.013841495833
;81510.4,0,0,0,0,881.013841495833
;81510.4,0,0,0,0,886.013841495833
;81510.4,0,0,0,0,891.013841495833
;81510.4,0,0,0,0,896.013841495833
;81510.4,0,0,0,0,901.013841495833
;81510.4,0,0,0,0,906.013841495833
;81510.4,0,0,0,0,911.013841495833
;81510.4,0,0,0,0,916.013841495833
;81510.4,0,0,0,0,921.013841495833
;81510.4,0,0,0,0,926.013841495833
;81510.4,0,0,0,0,931.013841495833
;81510.4,0,0,0,0,936.013841495833
;81510.4,0,0,0,0,941.013841495833
;81510.4,0,0,0,0,946.013841495833
;81510.4,0,0,0,0,951.013841495833
;81510.4,0,0,0,0,956.013841495833
;81510.4,0,0,0,0,961.013841495833
;81510.4,0,0,0,0,966.013841495833
;81510.4,0,0,0,0,971.013841495833
;81510.4,0,0,0,0,976.013841495833
;81510.4,0,0,0,0,981.013841495833
;81510.4,0,0,0,0,986.013841495833
;81510.4,0,0,0,0,991.013841495833
;81510.4,0,0,0,0,996.013841495833
;81510.4,0,0,0,0,1001.013841495833
;81510.4,0,0,0,0,1006.013841495833
;81510.4,0,0,0,0,1011.013841495833
;81510.4,0,0,0,0,1016.013841495833
;81510.4,0,0,0,0,1021.013841495833
;81510.4,0,0,0,0,1026.013841495833
;81510.4,0,0,0,0,1031.013841495833
;81510.4,0,0,0,0,1036.013841495833
;81510.4,0,0,0,0,1041.013841495833
;81510.4,0,0,0,0,1046.013841495833
;81510.4,0,0,0,0,1051.013841495833
;81510.4,0,0,0,0,1056.013841495833
;81510.4,0,0,0,0,1061.013841495833
;81510.4,0,0,0,0,1066.013841495833
;81510.4,0,0,0,0,1071.013841495833
;81510.4,0,0,0,0,1076.013841495833
;81510.4,0,0,0,0,1081.013841495833
;81510.4,0,0,0,0,1086.013841495833
;81510.4,0,0,0,0,1091.013841495833
;81510.4,0,0,0,0,1096.013841495833
;81510.4,0,0,0,0,1101.013841495833
;81510.4,0,0,0,0,1106.013841495833
;81510.4,0,0,0,0,1111.013841495833
;81510.4,0,0,0,0,1116.013841495833
;81510.4,0,0,0,0,1121.013841495833
;81510.4,0,0,0,0,1126.013841495833
;81510.4,0,0,0,0,1131.013841495833
;81510.4,0,0,0,0,1136.013841495833
;81510.4,0,0,0,0,1141.013841495833
;81510.4,0,0,0,0,1146.013841495833
;81510.4,0,0,0,0,1151.013841495833
;81510.4,0,0,0,0,1156.013841495833
;81510.4,0,0,0,0,1161.013841495833
;81510.4,0,0,0,0,1166.013841495833
;81510.4,0,0,0,0,1171.013841495833
;81510.4,0,0,0,0,1176.013841495833
;81510.4,0,0,0,0,1181.013841495833
;81510.4,0,0,0,0,1186.013841495833
;81510.4,0,0,0,0,1191.013841495833
;81510.4,0,0,0,0,1196.013841495833
;81510.4,0,0,0,0,1201.013841495833
;81510.4,0,0,0,0,1206.013841495833
;81510.4,0,0,0,0,1211.013841495833
;81510.4,0,0,0,0,1216.013841495833
;81510.4,0,0,0,0,1221.013841495833
;81510.4,0,0,0,0,1226.013841495833
;81510.4,0,0,0,0,1231.013841495833
;81510.4,0,0,0,0,1236.013841495833
;81510.4,0,0,0,0,1241.013841495833
;81510.4,0,0,0,0,1246.013841495833
;81510.4,0,0,0,0,1251.013841495833
;81510.4,0,0,0,0,1256.013841495833
;81510.4,0,0,0,0,1261.013841495833
;81510.4,0,0,0,0,1266.013841495833
;81510.4,0,0,0,0,1271.013841495833
;81510.4,0,0,0,0,1276.013841495833
;81510.4,0,0,0,0,1281.013841495833
;81510.4,0,0,0,0,1286.013841495833
;81510.4,0,0,0,0,1291.013841495833
;81510.4,0,0,0,0,1296.013841495833
;81510.4,0,0,0,0,1301.013841495833
;81510.4,0,0,0,0,1306.013841495833
;81510.4,0,0,0,0,1311.013841495833
;81510.4,0,0,0,0,1316.013841495833
;81510.4,0,0,0,0,1321.013841495833
;81510.4,0,0,0,0,1326.013841495833
;81510.4,0,0,0,0,1331.013841495833
;81510.4,0,0,0,0,1336.013841495833
;81510.4,0,0,0,0,1341.013841495833
;81510.4,0,0,0,0,1346.013841495833
;81510.4,0,0,0,0,1351.013841495833
;81510.4,0,0,0,0,1356.013841495833
;81510.4,0,0,0,0,1361.013841495833
;81510.4,0,0,0,0,1366.013841495833
;81510.4,0,0,0,0,1371.013841495833
;81510.4,0,0,0,0,1376.013841495833
;81510.4,0,0,0,0,1381.013841495833
;103629,0,0,0,0,1.013841495833
;103629,0,0,0,0,6.013841495833
;103629,0,0,0,0,11.013841495833
;103629,0,0,0,0,16.013841495833
;103629,0,0,0,0,21.013841495833
;103629,0,0,0,0,26.013841495833
;103629,0,0,0,0,31.013841495833
;103629,0,0,0,0,36.013841495833
;103629,0,0,0,0,41.013841495833
;103629,0,0,0,0,46.013841495833
;103629,0,0,0,0,51.013841495833
;103629,0,0,0,0,56.013841495833
;103629,0,0,0,0,61.013841495833
;103629,0,0,0,0,66.013841495833
;103629,0,0,0,0,71.013841495833
;103629,0,0,0,0,76.013841495833
;103629,0,0,0,0,81.013841495833
;103629,0,0,0,0,86.013841495833
;103629,0,0,0,0,91.013841495833
;103629,0,0,0,0,96.013841495833
;103629,0,0,0,0,101.013841495833
;103629,0,0,0,0,106.013841495833
;103629,0,0,0,0,111.013841495833
;103629,0,0,0,0,116.013841495833
;103629,0,0,0,0,121.013841495833
;103629,0,0,0,0,126.013841495833
;103629,0,0,0,0,131.013841495833
;103629,0,0,0,0,136.013841495833
;103629,0,0,0,0,141.013841495833
;103629,0,0,0,0,146.013841495833
;103629,0,0,0,0,151.013841495833
;103629,0,0,0,0,156.013841495833
;103629,0,0,0,0,161.013841495833
;103629,0,0,0,0,166.013841495833
;103629,0,0,0,0,171.013841495833
;103629,0,0,0,0,176.013841495833
;103629,0,0,0,0,181.013841495833
;103629,0,0,0,0,186.013841495833
;103629,0,0,0,0,191.013841495833
;103629,0,0,0,0,196.013841495833
;103629,0,0,0,0,201.013841495833
;103629,0,0,0,0,206.013841495833
;103629,0,0,0,0,211.013841495833
;103629,0,0,0,0,216.013841495833
;103629,0,0,0,0,221.013841495833
;103629,0,0,0,0,226.013841495833
;103629,0,0,0,0,231.013841495833
;103629,0,0,0,0,236.013841495833
;103629,0,0,0,0,241.013841495833
;103629,0,0,0,0,246.013841495833
;103629,0,0,0,0,251.013841495833
;103629,0,0,0,0,256.013841495833
;103629,0,0,0,0,261.013841495833
;103629,0,0,0,0,266.013841495833
;103629,0,0,0,0,271.013841495833
;103629,0,0,0,0,276.013841495833
;103629,0,0,0,0,281.013841495833
;103629,0,0,0,0,286.013841495833
;103629,0,0,0,0,291.013841495833
;103629,0,0,0,0,296.013841495833
;103629,0,0,0,0,301.013841495833
;103629,0,0,0,0,306.013841495833
;103629,0,0,0,0,311.013841495833
;103629,0,0,0,0,316.013841495833
;103629,0,0,0,0,321.013841495833
;103629,0,0,0,0,326.013841495833
;103629,0,0,0,0,331.013841495833
;103629,0,0,0,0,336.013841495833
;103629,0,0,0,0,341.013841495833
;103629,0,0,0,0,346.013841495833
;103629,0,0,0,0,351.013841495833
;103629,0,0,0,0,356.013841495833
;103629,0,0,0,0,361.013841495833
;103629,0,0,0,0,366.013841495833
;103629,0,0,0,0,371.013841495833
;103629,0,0,0,0,376.013841495833
;103629,0,0,0,0,381.013841495833
;103629,0,0,0,0,386.013841495833
;103629,0,0,0,0,391.013841495833
;103629,0,0,0,0,396.013841495833
;103629,0,0,0,0,401.013841495833
;103629,0,0,0,0,406.013841495833
;103629,0,0,0,0,411.013841495833
;103629,0,0,0,0,416.013841495833
;103629,0,0,0,0,421.013841495833
;103629,0,0,0,0,426.013841495833
;103629,0,0,0,0,431.013841495833
;103629,0,0,0,0,436.013841495833
;103629,0,0,0,0,441.013841495833
;103629,0,0,0,0,446.013841495833
;103629,0,0,0,0,451.013841495833
;103629,0,0,0,0,456.013841495833
;103629,0,0,0,0,461.013841495833
;103629,0,0,0,0,466.013841495833
;103629,0,0,0,0,471.013841495833
;103629,0,0,0,0,476.013841495833
;103629,0,0,0,0,481.013841495833
;103629,0,0,0,0,486.013841495833
;103629,0,0,0,0,491.013841495833
;103629,0,0,0,0,496.013841495833
;103629,0,0,0,0,501.013841495833
;103629,0,0,0,0,506.013841495833
;103629,0,0,0,0,511.013841495833
;103629,0,0,0,0,516.013841495833
;103629,0,0,0,0,521.013841495833
;103629,0,0,0,0,526.013841495833
;103629,0,0,0,0,531.013841495833
;103629,0,0,0,0,536.013841495833
;103629,0,0,0,0,541.013841495833
;103629,0,0,0,0,546.013841495833
;103629,0,0,0,0,551.013841495833
;103629,0,0,0,0,556.013841495833
;103629,0,0,0,0,561.013841495833
;103629,0,0,0,0,566.013841495833
;103629,0,0,0,0,571.013841495833
;103629,0,0,0,0,576.013841495833
;103629,0,0,0,0,581.013841495833
;103629,0,0,0,0,586.013841495833
;103629,0,0,0,0,591.013841495833
;103629,0,0,0,0,596.013841495833
;103629,0,0,0,0,601.013841495833
;103629,0,0,0,0,606.013841495833
;103629,0,0,0,0,611.013841495833
;103629,0,0,0,0,616.013841495833
;103629,0,0,0,0,621.013841495833
;103629,0,0,0,0,626.013841495833
;103629,0,0,0,0,631.013841495833
;103629,0,0,0,0,636.013841495833
;103629,0,0,0,0,641.013841495833
;103629,0,0,0,0,646.013841495833
;103629,0,0,0,0,651.013841495833
;103629,0,0,0,0,656.013841495833
;103629,0,0,0,0,661.013841495833
;103629,0,0,0,0,666.013841495833
;103629,0,0,0,0,671.013841495833
;103629,0,0,0,0,676.013841495833
;103629,0,0,0,0,681.013841495833
;103629,0,0,0,0,686.013841495833
;103629,0,0,0,0,691.013841495833
;103629,0,0,0,0,696.013841495833
;103629,0,0,0,0,701.013841495833
;103629,0,0,0,0,706.013841495833
;103629,0,0,0,0,711.013841495833
;103629,0,0,0,0,716.013841495833
;103629,0,0,0,0,721.013841495833
;103629,0,0,0,0,726.013841495833
;103629,0,0,0,0,731.013841495833
;103629,0,0,0,0,736.013841495833
;103629,0,0,0,0,741.013841495833
;103629,0,0,0,0,746.013841495833
;103629,0,0,0,0,751.013841495833
;103629,0,0,0,0,756.013841495833
;103629,0,0,0,0,761.013841495833
;103629,0,0,0,0,766.013841495833
;103629,0,0,0,0,771.013841495833
;103629,0,0,0,0,776.013841495833
;103629,0,0,0,0,781.013841495833
;103629,0,0,0,0,786.013841495833
;103629,0,0,0,0,791.013841495833
;103629,0,0,0,0,796.013841495833
;103629,0,0,0,0,801.013841495833
;103629,0,0,0,0,806.013841495833
;103629,0,0,0,0,811.013841495833
;103629,0,0,0,0,816.013841495833
;103629,0,0,0,0,821.013841495833
;103629,0,0,0,0,826.013841495833
;103629,0,0,0,0,831.013841495833
;103629,0,0,0,0,836.013841495833
;103629,0,0,0,0,841.013841495833
;103629,0,0,0,0,846.013841495833
;103629,0,0,0,0,851.013841495833
;103629,0,0,0,0,856.013841495833
;103629,0,0,0,0,861.013841495833
;103629,0,0,0,0,866.013841495833
;103629,0,0,0,0,871.013841495833
;103629,0,0,0,0,876.013841495833
;103629,0,0,0,0,881.013841495833
;103629,0,0,0,0,886.013841495833
;103629,0,0,0,0,891.013841495833
;103629,0,0,0,0,896.013841495833
;103629,0,0,0,0,901.013841495833
;103629,0,0,0,0,906.013841495833
;103629,0,0,0,0,911.013841495833
;103629,0,0,0,0,916.013841495833
;103629,0,0,0,0,921.013841495833
;103629,0,0,0,0,926.013841495833
;103629,0,0,0,0,931.013841495833
;103629,0,0,0,0,936.013841495833
;103629,0,0,0,0,941.013841495833
;103629,0,0,0,0,946.013841495833
;103629,0,0,0,0,951.013841495833
;103629,0,0,0,0,956.013841495833
;103629,0,0,0,0,961.013841495833
;103629,0,0,0,0,966.013841495833
;103629,0,0,0,0,971.013841495833
;103629,0,0,0,0,976.013841495833
;103629,0,0,0,0,981.013841495833
;103629,0,0,0,0,986.013841495833
;103629,0,0,0,0,991.013841495833
;103629,0,0,0,0,996.013841495833
;103629,0,0,0,0,1001.013841495833
;103629,0,0,0,0,1006.013841495833
;103629,0,0,0,0,1011.013841495833
;103629,0,0,0,0,1016.013841495833
;103629,0,0,0,0,1021.013841495833
;103629,0,0,0,0,1026.013841495833
;103629,0,0,0,0,1031.013841495833
;103629,0,0,0,0,1036.013841495833
;103629,0,0,0,0,1041.013841495833
;103629,0,0,0,0,1046.013841495833
;103629,0,0,0,0,1051.013841495833
;103629,0,0,0,0,1056.013841495833
;103629,0,0,0,0,1061.013841495833
;103629,0,0,0,0,1066.013841495833
;103629,0,0,0,0,1071.013841495833
;103629,0,0,0,0,1076.013841495833
;103629,0,0,0,0,1081.013841495833
;103629,0,0,0,0,1086.013841495833
;103629,0,0,0,0,1091.013841495833
;103629,0,0,0,0,1096.013841495833
;103629,0,0,0,0,1101.013841495833
;103629,0,0,0,0,1106.013841495833
;103629,0,0,0,0,1111.013841495833
;103629,0,0,0,0,1116.013841495833
;103629,0,0,0,0,1121.013841495833
;103629,0,0,0,0,1126.013841495833
;103629,0,0,0,0,1131.013841495833
;103629,0,0,0,0,1136.013841495833
;103629,0,0,0,0,1141.013841495833
;103629,0,0,0,0,1146.013841495833
;103629,0,0,0,0,1151.013841495833
;103629,0,0,0,0,1156.013841495833
;103629,0,0,0,0,1161.013841495833
;103629,0,0,0,0,1166.013841495833
;103629,0,0,0,0,1171.013841495833
;103629,0,0,0,0,1176.013841495833
;103629,0,0,0,0,1181.013841495833
;103629,0,0,0,0,1186.013841495833
;103629,0,0,0,0,1191.013841495833
;103629,0,0,0,0,1196.013841495833
;103629,0,0,0,0,1201.013841495833
;103629,0,0,0,0,1206.013841495833
;103629,0,0,0,0,1211.013841495833
;103629,0,0,0,0,1216.013841495833
;103629,0,0,0,0,1221.013841495833
;103629,0,0,0,0,1226.013841495833
;103629,0,0,0,0,1231.013841495833
;103629,0,0,0,0,1236.013841495833
;103629,0,0,0,0,1241.013841495833
;103629,0,0,0,0,1246.013841495833
;103629,0,0,0,0,1251.013841495833
;103629,0,0,0,0,1256.013841495833
;103629,0,0,0,0,1261.013841495833
;103629,0,0,0,0,1266.013841495833
;103629,0,0,0,0,1271.013841495833
;103629,0,0,0,0,1276.013841495833
;103629,0,0,0,0,1281.013841495833
;103629,0,0,0,0,1286.013841495833
;103629,0,0,0,0,1291.013841495833
;103629,0,0,0,0,1296.013841495833
;103629,0,0,0,0,1301.013841495833
;103629,0,0,0,0,1306.013841495833
;103629,0,0,0,0,1311.013841495833
;103629,0,0,0,0,1316.013841495833
;103629,0,0,0,0,1321.013841495833
;103629,0,0,0,0,1326.013841495833
;103629,0,0,0,0,1331.013841495833
;103629,0,0,0,0,1336.013841495833
;103629,0,0,0,0,1341.013841495833
;103629,0,0,0,0,1346.013841495833
;103629,0,0,0,0,1351.013841495833
;103629,0,0,0,0,1356.013841495833
;103629,0,0,0,0,1361.013841495833
;103629,0,0,0,0,1366.013841495833
;103629,0,0,0,0,1371.013841495833
;103629,0,0,0,0,1376.013841495833
;103629,0,0,0,0,1381.013841495833
;103629,0,0,0,0,1386.013841495833
;103629,0,0,0,0,1391.013841495833
;103629,0,0,0,0,1396.013841495833
;103629,0,0,0,0,1401.013841495833
;103629,0,0,0,0,1406.013841495833
;103629,0,0,0,0,1411.013841495833
;103629,0,0,0,0,1416.013841495833
;103629,0,0,0,0,1421.013841495833
;103629,0,0,0,0,1426.013841495833
;103629,0,0,0,0,1431.013841495833
;103629,0,0,0,0,1436.013841495833
;103629,0,0,0,0,1441.013841495833
;103629,0,0,0,0,1446.013841495833
;103629,0,0,0,0,1451.013841495833
;103629,0,0,0,0,1456.013841495833
;103629,0,0,0,0,1461.013841495833
;103629,0,0,0,0,1466.013841495833
;103629,0,0,0,0,1471.013841495833
;103629,0,0,0,0,1476.013841495833
;103629,0,0,0,0,1481.013841495833
;103629,0,0,0,0,1486.013841495833
;103629,0,0,0,0,1491.013841495833
;103629,0,0,0,0,1496.013841495833
;103629,0,0,0,0,1501.013841495833
;103629,0,0,0,0,1506.013841495833
;103629,0,0,0,0,1511.013841495833
;103629,0,0,0,0,1516.013841495833
;103629,0,0,0,0,1521.013841495833
;103629,0,0,0,0,1526.013841495833
;103629,0,0,0,0,1531.013841495833
;103629,0,0,0,0,1536.013841495833
;103629,0,0,0,0,1541.013841495833
;103629,0,0,0,0,1546.013841495833
;103629,0,0,0,0,1551.013841495833
;103629,0,0,0,0,1556.013841495833
;103629,0,0,0,0,1561.013841495833
;103629,0,0,0,0,1566.013841495833
;103629,0,0,0,0,1571.013841495833
;103629,0,0,0,0,1576.013841495833
;103629,0,0,0,0,1581.013841495833
;103629,0,0,0,0,1586.013841495833
;103629,0,0,0,0,1591.013841495833
;103629,0,0,0,0,1596.013841495833
;103629,0,0,0,0,1601.013841495833
;103629,0,0,0,0,1606.013841495833
;103629,0,0,0,0,1611.013841495833
;103629,0,0,0,0,1616.013841495833
;103629,0,0,0,0,1621.013841495833
;103629,0,0,0,0,1626.013841495833
;103629,0,0,0,0,1631.013841495833
;103629,0,0,0,0,1636.013841495833
;103629,0,0,0,0,1641.013841495833
;103629,0,0,0,0,1646.013841495833
;103629,0,0,0,0,1651.013841495833
;103629,0,0,0,0,1656.013841495833
;103629,0,0,0,0,1661.013841495833
;103629,0,0,0,0,1666.013841495833
;103629,0,0,0,0,1671.013841495833
;103629,0,0,0,0,1676.013841495833
;103629,0,0,0,0,1681.013841495833
;103629,0,0,0,0,1686.013841495833
;103629,0,0,0,0,1691.013841495833
;103629,0,0,0,0,1696.013841495833
;103629,0,0,0,0,1701.013841495833
;103629,0,0,0,0,1706.013841495833
;103629,0,0,0,0,1711.013841495833
;103629,0,0,0,0,1716.013841495833
;103629,0,0,0,0,1721.013841495833
;103629,0,0,0,0,1726.013841495833
;103629,0,0,0,0,1731.013841495833
;103629,0,0,0,0,1736.013841495833
;103629,0,0,0,0,1741.013841495833
;103629,0,0,0,0,1746.013841495833
;103629,0,0,0,0,1751.013841495833
;103629,0,0,0,0,1756.013841495833
;103629,0,0,0,0,1761.013841495833
;103629,0,0,0,0,1766.013841495833
;103629,0,0,0,0,1771.013841495833
;103629,0,0,0,0,1776.013841495833
;103629,0,0,0,0,1781.013841495833
;103629,0,0,0,0,1786.013841495833
;103629,0,0,0,0,1791.013841495833
;103629,0,0,0,0,1796.013841495833
;103629,0,0,0,0,1801.013841495833
;103629,0,0,0,0,1806.013841495833
;103629,0,0,0,0,1811.013841495833
;103629,0,0,0,0,1816.013841495833
;103629,0,0,0,0,1821.013841495833
;103629,0,0,0,0,1826.013841495833
;103629,0,0,0,0,1831.013841495833
;103629,0,0,0,0,1836.013841495833
;103629,0,0,0,0,1841.013841495833
;103629,0,0,0,0,1846.013841495833
;103629,0,0,0,0,1851.013841495833
;103629,0,0,0,0,1856.013841495833
;103629,0,0,0,0,1861.013841495833
;103629,0,0,0,0,1866.013841495833
;103629,0,0,0,0,1871.013841495833
;103629,0,0,0,0,1876.013841495833
;103629,0,0,0,0,1881.013841495833
;103629,0,0,0,0,1886.013841495833
;103629,0,0,0,0,1891.013841495833
;103629,0,0,0,0,1896.013841495833
;103629,0,0,0,0,1901.013841495833
;103629,0,0,0,0,1906.013841495833
;103629,0,0,0,0,1911.013841495833
;103629,0,0,0,0,1916.013841495833
;103629,0,0,0,0,1921.013841495833
;103629,0,0,0,0,1926.013841495833
;103629,0,0,0,0,1931.013841495833
;103629,0,0,0,0,1936.013841495833
;103629,0,0,0,0,1941.013841495833
;103629,0,0,0,0,1946.013841495833
;103629,0,0,0,0,1951.013841495833
;103629,0,0,0,0,1956.013841495833
;103629,0,0,0,0,1961.013841495833
;103629,0,0,0,0,1966.013841495833
;103629,0,0,0,0,1971.013841495833
;103629,0,0,0,0,1976.013841495833
;103629,0,0,0,0,1981.013841495833
;103629,0,0,0,0,1986.013841495833
;103629,0,0,0,0,1991.013841495833
;103629,0,0,0,0,1996.013841495833
;143770,0,0,0,0,1.013841495833
;143770,0,0,0,0,6.013841495833
;143770,0,0,0,0,11.013841495833
;143770,0,0,0,0,16.013841495833
;143770,0,0,0,0,21.013841495833
;143770,0,0,0,0,26.013841495833
;143770,0,0,0,0,31.013841495833
;143770,0,0,0,0,36.013841495833
;143770,0,0,0,0,41.013841495833
;143770,0,0,0,0,46.013841495833
;143770,0,0,0,0,51.013841495833
;143770,0,0,0,0,56.013841495833
;143770,0,0,0,0,61.013841495833
;143770,0,0,0,0,66.013841495833
;143770,0,0,0,0,71.013841495833
;143770,0,0,0,0,76.013841495833
;143770,0,0,0,0,81.013841495833
;143770,0,0,0,0,86.013841495833
;143770,0,0,0,0,91.013841495833
;143770,0,0,0,0,96.013841495833
;143770,0,0,0,0,101.013841495833
;143770,0,0,0,0,106.013841495833
;143770,0,0,0,0,111.013841495833
;143770,0,0,0,0,116.013841495833
;143770,0,0,0,0,121.013841495833
;143770,0,0,0,0,126.013841495833
;143770,0,0,0,0,131.013841495833
;143770,0,0,0,0,136.013841495833
;143770,0,0,0,0,141.013841495833
;143770,0,0,0,0,146.013841495833
;143770,0,0,0,0,151.013841495833
;143770,0,0,0,0,156.013841495833
;143770,0,0,0,0,161.013841495833
;143770,0,0,0,0,166.013841495833
;143770,0,0,0,0,171.013841495833
;143770,0,0,0,0,176.013841495833
;143770,0,0,0,0,181.013841495833
;143770,0,0,0,0,186.013841495833
;143770,0,0,0,0,191.013841495833
;143770,0,0,0,0,196.013841495833
;143770,0,0,0,0,201.013841495833
;143770,0,0,0,0,206.013841495833
;143770,0,0,0,0,211.013841495833
;143770,0,0,0,0,216.013841495833
;143770,0,0,0,0,221.013841495833
;143770,0,0,0,0,226.013841495833
;143770,0,0,0,0,231.013841495833
;143770,0,0,0,0,236.013841495833
;143770,0,0,0,0,241.013841495833
;143770,0,0,0,0,246.013841495833
;143770,0,0,0,0,251.013841495833
;143770,0,0,0,0,256.013841495833
;143770,0,0,0,0,261.013841495833
;143770,0,0,0,0,266.013841495833
;143770,0,0,0,0,271.013841495833
;143770,0,0,0,0,276.013841495833
;143770,0,0,0,0,281.013841495833
;143770,0,0,0,0,286.013841495833
;143770,0,0,0,0,291.013841495833
;143770,0,0,0,0,296.013841495833
;143770,0,0,0,0,301.013841495833
;143770,0,0,0,0,306.013841495833
;143770,0,0,0,0,311.013841495833
;143770,0,0,0,0,316.013841495833
;143770,0,0,0,0,321.013841495833
;143770,0,0,0,0,326.013841495833
;143770,0,0,0,0,331.013841495833
;143770,0,0,0,0,336.013841495833
;143770,0,0,0,0,341.013841495833
;143770,0,0,0,0,346.013841495833
;143770,0,0,0,0,351.013841495833
;143770,0,0,0,0,356.013841495833
;143770,0,0,0,0,361.013841495833
;143770,0,0,0,0,366.013841495833
;143770,0,0,0,0,371.013841495833
;143770,0,0,0,0,376.013841495833
;143770,0,0,0,0,381.013841495833
;143770,0,0,0,0,386.013841495833
;143770,0,0,0,0,391.013841495833
;143770,0,0,0,0,396.013841495833
;143770,0,0,0,0,401.013841495833
;143770,0,0,0,0,406.013841495833
;143770,0,0,0,0,411.013841495833
;143770,0,0,0,0,416.013841495833
;143770,0,0,0,0,421.013841495833
;143770,0,0,0,0,426.013841495833
;143770,0,0,0,0,431.013841495833
;143770,0,0,0,0,436.013841495833
;143770,0,0,0,0,441.013841495833
;143770,0,0,0,0,446.013841495833
;143770,0,0,0,0,451.013841495833
;143770,0,0,0,0,456.013841495833
;143770,0,0,0,0,461.013841495833
;143770,0,0,0,0,466.013841495833
;143770,0,0,0,0,471.013841495833
;143770,0,0,0,0,476.013841495833
;143770,0,0,0,0,481.013841495833
;143770,0,0,0,0,486.013841495833
;143770,0,0,0,0,491.013841495833
;143770,0,0,0,0,496.013841495833
;143770,0,0,0,0,501.013841495833
;143770,0,0,0,0,506.013841495833
;143770,0,0,0,0,511.013841495833
;143770,0,0,0,0,516.013841495833
;143770,0,0,0,0,521.013841495833
;143770,0,0,0,0,526.013841495833
;143770,0,0,0,0,531.013841495833
;143770,0,0,0,0,536.013841495833
;143770,0,0,0,0,541.013841495833
;143770,0,0,0,0,546.013841495833
;143770,0,0,0,0,551.013841495833
;143770,0,0,0,0,556.013841495833
;143770,0,0,0,0,561.013841495833
;143770,0,0,0,0,566.013841495833
;143770,0,0,0,0,571.013841495833
;143770,0,0,0,0,576.013841495833
;143770,0,0,0,0,581.013841495833
;143770,0,0,0,0,586.013841495833
;143770,0,0,0,0,591.013841495833
;143770,0,0,0,0,596.013841495833
;143770,0,0,0,0,601.013841495833
;143770,0,0,0,0,606.013841495833
;143770,0,0,0,0,611.013841495833
;143770,0,0,0,0,616.013841495833
;143770,0,0,0,0,621.013841495833
;143770,0,0,0,0,626.013841495833
;143770,0,0,0,0,631.013841495833
;143770,0,0,0,0,636.013841495833
;143770,0,0,0,0,641.013841495833
;143770,0,0,0,0,646.013841495833
;143770,0,0,0,0,651.013841495833
;143770,0,0,0,0,656.013841495833
;143770,0,0,0,0,661.013841495833
;143770,0,0,0,0,666.013841495833
;143770,0,0,0,0,671.013841495833
;143770,0,0,0,0,676.013841495833
;143770,0,0,0,0,681.013841495833
;143770,0,0,0,0,686.013841495833
;143770,0,0,0,0,691.013841495833
;143770,0,0,0,0,696.013841495833
;143770,0,0,0,0,701.013841495833
;143770,0,0,0,0,706.013841495833
;143770,0,0,0,0,711.013841495833
;143770,0,0,0,0,716.013841495833
;143770,0,0,0,0,721.013841495833
;143770,0,0,0,0,726.013841495833
;143770,0,0,0,0,731.013841495833
;143770,0,0,0,0,736.013841495833
;143770,0,0,0,0,741.013841495833
;143770,0,0,0,0,746.013841495833
;143770,0,0,0,0,751.013841495833
;143770,0,0,0,0,756.013841495833
;143770,0,0,0,0,761.013841495833
;143770,0,0,0,0,766.013841495833
;143770,0,0,0,0,771.013841495833
;143770,0,0,0,0,776.013841495833
;143770,0,0,0,0,781.013841495833
;143770,0,0,0,0,786.013841495833
;143770,0,0,0,0,791.013841495833
;143770,0,0,0,0,796.013841495833
;143770,0,0,0,0,801.013841495833
;143770,0,0,0,0,806.013841495833
;143770,0,0,0,0,811.013841495833
;143770,0,0,0,0,816.013841495833
;143770,0,0,0,0,821.013841495833
;143770,0,0,0,0,826.013841495833
;143770,0,0,0,0,831.013841495833
;143770,0,0,0,0,836.013841495833
;143770,0,0,0,0,841.013841495833
;143770,0,0,0,0,846.013841495833
;143770,0,0,0,0,851.013841495833
;143770,0,0,0,0,856.013841495833
;143770,0,0,0,0,861.013841495833
;143770,0,0,0,0,866.013841495833
;143770,0,0,0,0,871.013841495833
;143770,0,0,0,0,876.013841495833
;143770,0,0,0,0,881.013841495833
;143770,0,0,0,0,886.013841495833
;143770,0,0,0,0,891.013841495833
;143770,0,0,0,0,896.013841495833
;143770,0,0,0,0,901.013841495833
;143770,0,0,0,0,906.013841495833
;143770,0,0,0,0,911.013841495833
;143770,0,0,0,0,916.013841495833
;143770,0,0,0,0,921.013841495833
;143770,0,0,0,0,926.013841495833
;143770,0,0,0,0,931.013841495833
;143770,0,0,0,0,936.013841495833
;143770,0,0,0,0,941.013841495833
;143770,0,0,0,0,946.013841495833
;143770,0,0,0,0,951.013841495833
;143770,0,0,0,0,956.013841495833
;143770,0,0,0,0,961.013841495833
;143770,0,0,0,0,966.013841495833
;143770,0,0,0,0,971.013841495833
;143770,0,0,0,0,976.013841495833
;143770,0,0,0,0,981.013841495833
;143770,0,0,0,0,986.013841495833
;143770,0,0,0,0,991.013841495833
;143770,0,0,0,0,996.013841495833
;143770,0,0,0,0,1001.013841495833
;143770,0,0,0,0,1006.013841495833
;143770,0,0,0,0,1011.013841495833
;143770,0,0,0,0,1016.013841495833
;143770,0,0,0,0,1021.013841495833
;143770,0,0,0,0,1026.013841495833
;143770,0,0,0,0,1031.013841495833
;143770,0,0,0,0,1036.013841495833
;143770,0,0,0,0,1041.013841495833
;143770,0,0,0,0,1046.013841495833
;143770,0,0,0,0,1051.013841495833
;143770,0,0,0,0,1056.013841495833
;143770,0,0,0,0,1061.013841495833
;143770,0,0,0,0,1066.013841495833
;143770,0,0,0,0,1071.013841495833
;143770,0,0,0,0,1076.013841495833
;143770,0,0,0,0,1081.013841495833
;143770,0,0,0,0,1086.013841495833
;143770,0,0,0,0,1091.013841495833
;143770,0,0,0,0,1096.013841495833
;143770,0,0,0,0,1101.013841495833
;143770,0,0,0,0,1106.013841495833
;143770,0,0,0,0,1111.013841495833
;143770,0,0,0,0,1116.013841495833
;143770,0,0,0,0,1121.013841495833
;143770,0,0,0,0,1126.013841495833
;143770,0,0,0,0,1131.013841495833
;143770,0,0,0,0,1136.013841495833
;143770,0,0,0,0,1141.013841495833
;143770,0,0,0,0,1146.013841495833
;143770,0,0,0,0,1151.013841495833
;143770,0,0,0,0,1156.013841495833
;143770,0,0,0,0,1161.013841495833
;143770,0,0,0,0,1166.013841495833
;143770,0,0,0,0,1171.013841495833
;143770,0,0,0,0,1176.013841495833
;143770,0,0,0,0,1181.013841495833
;143770,0,0,0,0,1186.013841495833
;143770,0,0,0,0,1191.013841495833
;143770,0,0,0,0,1196.013841495833
;143770,0,0,0,0,1201.013841495833
;143770,0,0,0,0,1206.013841495833
;143770,0,0,0,0,1211.013841495833
;143770,0,0,0,0,1216.013841495833
;143770,0,0,0,0,1221.013841495833
;143770,0,0,0,0,1226.013841495833
;143770,0,0,0,0,1231.013841495833
;143770,0,0,0,0,1236.013841495833
;143770,0,0,0,0,1241.013841495833
;143770,0,0,0,0,1246.013841495833
;143770,0,0,0,0,1251.013841495833
;143770,0,0,0,0,1256.013841495833
;143770,0,0,0,0,1261.013841495833
;143770,0,0,0,0,1266.013841495833
;143770,0,0,0,0,1271.013841495833
;143770,0,0,0,0,1276.013841495833
;143770,0,0,0,0,1281.013841495833
;143770,0,0,0,0,1286.013841495833
;143770,0,0,0,0,1291.013841495833
;143770,0,0,0,0,1296.013841495833
;143770,0,0,0,0,1301.013841495833
;143770,0,0,0,0,1306.013841495833
;143770,0,0,0,0,1311.013841495833
;143770,0,0,0,0,1316.013841495833
;143770,0,0,0,0,1321.013841495833
;143770,0,0,0,0,1326.013841495833
;143770,0,0,0,0,1331.013841495833
;143770,0,0,0,0,1336.013841495833
;143770,0,0,0,0,1341.013841495833
;143770,0,0,0,0,1346.013841495833
;143770,0,0,0,0,1351.013841495833
;143770,0,0,0,0,1356.013841495833
;143770,0,0,0,0,1361.013841495833
;143770,0,0,0,0,1366.013841495833
;143770,0,0,0,0,1371.013841495833
;143770,0,0,0,0,1376.013841495833
;143770,0,0,0,0,1381.013841495833
;143770,0,0,0,0,1386.013841495833
;143770,0,0,0,0,1391.013841495833
;143770,0,0,0,0,1396.013841495833
;143770,0,0,0,0,1401.013841495833
;143770,0,0,0,0,1406.013841495833
;143770,0,0,0,0,1411.013841495833
;143770,0,0,0,0,1416.013841495833
;143770,0,0,0,0,1421.013841495833
;143770,0,0,0,0,1426.013841495833
;143770,0,0,0,0,1431.013841495833
;143770,0,0,0,0,1436.013841495833
;143770,0,0,0,0,1441.013841495833
;143770,0,0,0,0,1446.013841495833
;143770,0,0,0,0,1451.013841495833
;143770,0,0,0,0,1456.013841495833
;143770,0,0,0,0,1461.013841495833
;143770,0,0,0,0,1466.013841495833
;143770,0,0,0,0,1471.013841495833
;143770,0,0,0,0,1476.013841495833
;143770,0,0,0,0,1481.013841495833
;143770,0,0,0,0,1486.013841495833
;143770,0,0,0,0,1491.013841495833
;143770,0,0,0,0,1496.013841495833
;143770,0,0,0,0,1501.013841495833
;143770,0,0,0,0,1506.013841495833
;143770,0,0,0,0,1511.013841495833
;143770,0,0,0,0,1516.013841495833
;143770,0,0,0,0,1521.013841495833
;143770,0,0,0,0,1526.013841495833
;143770,0,0,0,0,1531.013841495833
;143770,0,0,0,0,1536.013841495833
;143770,0,0,0,0,1541.013841495833
;143770,0,0,0,0,1546.013841495833
;143770,0,0,0,0,1551.013841495833
;143770,0,0,0,0,1556.013841495833
;143770,0,0,0,0,1561.013841495833
;143770,0,0,0,0,1566.013841495833
;143770,0,0,0,0,1571.013841495833
;143770,0,0,0,0,1576.013841495833
;143770,0,0,0,0,1581.013841495833
;143770,0,0,0,0,1586.013841495833
;143770,0,0,0,0,1591.013841495833
;143770,0,0,0,0,1596.013841495833
;143770,0,0,0,0,1601.013841495833
;143770,0,0,0,0,1606.013841495833
;143770,0,0,0,0,1611.013841495833
;143770,0,0,0,0,1616.013841495833
;143770,0,0,0,0,1621.013841495833
;143770,0,0,0,0,1626.013841495833
;143770,0,0,0,0,1631.013841495833
;143770,0,0,0,0,1636.013841495833
;143770,0,0,0,0,1641.013841495833
;143770,0,0,0,0,1646.013841495833
;143770,0,0,0,0,1651.013841495833
;143770,0,0,0,0,1656.013841495833
;143770,0,0,0,0,1661.013841495833
;143770,0,0,0,0,1666.013841495833
;143770,0,0,0,0,1671.013841495833
;143770,0,0,0,0,1676.013841495833
;143770,0,0,0,0,1681.013841495833
;143770,0,0,0,0,1686.013841495833
;143770,0,0,0,0,1691.013841495833
;143770,0,0,0,0,1696.013841495833
;143770,0,0,0,0,1701.013841495833
;143770,0,0,0,0,1706.013841495833
;143770,0,0,0,0,1711.013841495833
;143770,0,0,0,0,1716.013841495833
;143770,0,0,0,0,1721.013841495833
;143770,0,0,0,0,1726.013841495833
;143770,0,0,0,0,1731.013841495833
;143770,0,0,0,0,1736.013841495833
;143770,0,0,0,0,1741.013841495833
;143770,0,0,0,0,1746.013841495833
;143770,0,0,0,0,1751.013841495833
;143770,0,0,0,0,1756.013841495833
;143770,0,0,0,0,1761.013841495833
;143770,0,0,0,0,1766.013841495833
;143770,0,0,0,0,1771.013841495833
;143770,0,0,0,0,1776.013841495833
;143770,0,0,0,0,1781.013841495833
;143770,0,0,0,0,1786.013841495833
;143770,0,0,0,0,1791.013841495833
;143770,0,0,0,0,1796.013841495833
;143770,0,0,0,0,1801.013841495833
;143770,0,0,0,0,1806.013841495833
;143770,0,0,0,0,1811.013841495833
;143770,0,0,0,0,1816.013841495833
;143770,0,0,0,0,1821.013841495833
;143770,0,0,0,0,1826.013841495833
;143770,0,0,0,0,1831.013841495833
;143770,0,0,0,0,1836.013841495833
;143770,0,0,0,0,1841.013841495833
;143770,0,0,0,0,1846.013841495833
;143770,0,0,0,0,1851.013841495833
;143770,0,0,0,0,1856.013841495833
;143770,0,0,0,0,1861.013841495833
;143770,0,0,0,0,1866.013841495833
;143770,0,0,0,0,1871.013841495833
;143770,0,0,0,0,1876.013841495833
;143770,0,0,0,0,1881.013841495833
;143770,0,0,0,0,1886.013841495833
;143770,0,0,0,0,1891.013841495833
;143770,0,0,0,0,1896.013841495833
;143770,0,0,0,0,1901.013841495833
;143770,0,0,0,0,1906.013841495833
;143770,0,0,0,0,1911.013841495833
;143770,0,0,0,0,1916.013841495833
;143770,0,0,0,0,1921.013841495833
;87244.8,0,0,0,0,1.013841495833
;87244.8,0,0,0,0,6.013841495833
;87244.8,0,0,0,0,11.013841495833
;87244.8,0,0,0,0,16.013841495833
;87244.8,0,0,0,0,21.013841495833
;87244.8,0,0,0,0,26.013841495833
;87244.8,0,0,0,0,31.013841495833
;87244.8,0,0,0,0,36.013841495833
;87244.8,0,0,0,0,41.013841495833
;87244.8,0,0,0,0,46.013841495833
;87244.8,0,0,0,0,51.013841495833
;87244.8,0,0,0,0,56.013841495833
;87244.8,0,0,0,0,61.013841495833
;87244.8,0,0,0,0,66.013841495833
;87244.8,0,0,0,0,71.013841495833
;87244.8,0,0,0,0,76.013841495833
;87244.8,0,0,0,0,81.013841495833
;87244.8,0,0,0,0,86.013841495833
;87244.8,0,0,0,0,91.013841495833
;87244.8,0,0,0,0,96.013841495833
;87244.8,0,0,0,0,101.013841495833
;87244.8,0,0,0,0,106.013841495833
;87244.8,0,0,0,0,111.013841495833
;87244.8,0,0,0,0,116.013841495833
;128205,0,0,0,0,1.013841495833
;128205,0,0,0,0,6.013841495833
;128205,0,0,0,0,11.013841495833
;128205,0,0,0,0,16.013841495833
;128205,0,0,0,0,21.013841495833
;128205,0,0,0,0,26.013841495833
;128205,0,0,0,0,31.013841495833
;128205,0,0,0,0,36.013841495833
;128205,0,0,0,0,41.013841495833
;128205,0,0,0,0,46.013841495833
;128205,0,0,0,0,51.013841495833
;128205,0,0,0,0,56.013841495833
;128205,0,0,0,0,61.013841495833
;128205,0,0,0,0,66.013841495833
;128205,0,0,0,0,71.013841495833
;128205,0,0,0,0,76.013841495833
;128205,0,0,0,0,81.013841495833
;128205,0,0,0,0,86.013841495833
;128205,0,0,0,0,91.013841495833
;128205,0,0,0,0,96.013841495833
;128205,0,0,0,0,101.013841495833
;128205,0,0,0,0,106.013841495833
;128205,0,0,0,0,111.013841495833
;128205,0,0,0,0,116.013841495833
;128205,0,0,0,0,121.013841495833
;116736,0,0,0,0,1.013841495833
;116736,0,0,0,0,6.013841495833
;116736,0,0,0,0,11.013841495833
;116736,0,0,0,0,16.013841495833
;116736,0,0,0,0,21.013841495833
;116736,0,0,0,0,26.013841495833
;116736,0,0,0,0,31.013841495833
;112640,0,0,0,0,1.013841495833
;112640,0,0,0,0,6.013841495833
;112640,0,0,0,0,11.013841495833
;112640,0,0,0,0,16.013841495833
;112640,0,0,0,0,21.013841495833
;112640,0,0,0,0,26.013841495833
;112640,0,0,0,0,31.013841495833
;112640,0,0,0,0,36.013841495833
;112640,0,0,0,0,41.013841495833
;112640,0,0,0,0,46.013841495833
;112640,0,0,0,0,51.013841495833
;112640,0,0,0,0,56.013841495833
;112640,0,0,0,0,61.013841495833
;112640,0,0,0,0,66.013841495833
;112640,0,0,0,0,71.013841495833
;112640,0,0,0,0,76.013841495833
;112640,0,0,0,0,81.013841495833
;112640,0,0,0,0,86.013841495833
;112640,0,0,0,0,91.013841495833
;112640,0,0,0,0,96.013841495833
;112640,0,0,0,0,101.013841495833
;112640,0,0,0,0,106.013841495833
;112640,0,0,0,0,111.013841495833
;112640,0,0,0,0,116.013841495833
;112640,0,0,0,0,121.013841495833
;112640,0,0,0,0,126.013841495833
;112640,0,0,0,0,131.013841495833
;112640,0,0,0,0,136.013841495833
;112640,0,0,0,0,141.013841495833
;112640,0,0,0,0,146.013841495833
;112640,0,0,0,0,151.013841495833
;112640,0,0,0,0,156.013841495833
;112640,0,0,0,0,161.013841495833
;112640,0,0,0,0,166.013841495833
;112640,0,0,0,0,171.013841495833
;112640,0,0,0,0,176.013841495833
;112640,0,0,0,0,181.013841495833
;112640,0,0,0,0,186.013841495833
;112640,0,0,0,0,191.013841495833
;112640,0,0,0,0,196.013841495833
;112640,0,0,0,0,201.013841495833
;112640,0,0,0,0,206.013841495833
;112640,0,0,0,0,211.013841495833
;112640,0,0,0,0,216.013841495833
;112640,0,0,0,0,221.013841495833
;112640,0,0,0,0,226.013841495833
;112640,0,0,0,0,231.013841495833
;112640,0,0,0,0,236.013841495833
;112640,0,0,0,0,241.013841495833
;112640,0,0,0,0,246.013841495833
;112640,0,0,0,0,251.013841495833
;112640,0,0,0,0,256.013841495833
;112640,0,0,0,0,261.013841495833
;112640,0,0,0,0,266.013841495833
;112640,0,0,0,0,271.013841495833
;112640,0,0,0,0,276.013841495833
;112640,0,0,0,0,281.013841495833
;112640,0,0,0,0,286.013841495833
;112640,0,0,0,0,291.013841495833
;112640,0,0,0,0,296.013841495833
;112640,0,0,0,0,301.013841495833
;112640,0,0,0,0,306.013841495833
;112640,0,0,0,0,311.013841495833
;112640,0,0,0,0,316.013841495833
;112640,0,0,0,0,321.013841495833
;112640,0,0,0,0,326.013841495833
;112640,0,0,0,0,331.013841495833
;112640,0,0,0,0,336.013841495833
;112640,0,0,0,0,341.013841495833
;112640,0,0,0,0,346.013841495833
;112640,0,0,0,0,351.013841495833
;112640,0,0,0,0,356.013841495833
;112640,0,0,0,0,361.013841495833
;112640,0,0,0,0,366.013841495833
;114278,0,0,0,0,1.013841495833
;114278,0,0,0,0,6.013841495833
;114278,0,0,0,0,11.013841495833
;114278,0,0,0,0,16.013841495833
;114278,0,0,0,0,21.013841495833
;114278,0,0,0,0,26.013841495833
;114278,0,0,0,0,31.013841495833
;114278,0,0,0,0,36.013841495833
;114278,0,0,0,0,41.013841495833
;114278,0,0,0,0,46.013841495833
;114278,0,0,0,0,51.013841495833
;114278,0,0,0,0,56.013841495833
;114278,0,0,0,0,61.013841495833
;114278,0,0,0,0,66.013841495833
;114278,0,0,0,0,71.013841495833
;114278,0,0,0,0,76.013841495833
;114278,0,0,0,0,81.013841495833
;114278,0,0,0,0,86.013841495833
;114278,0,0,0,0,91.013841495833
;114278,0,0,0,0,96.013841495833
;114278,0,0,0,0,101.013841495833
;114278,0,0,0,0,106.013841495833
;114278,0,0,0,0,111.013841495833
;114278,0,0,0,0,116.013841495833
;114278,0,0,0,0,121.013841495833
;114278,0,0,0,0,126.013841495833
;114278,0,0,0,0,131.013841495833
;114278,0,0,0,0,136.013841495833
;114278,0,0,0,0,141.013841495833
;114278,0,0,0,0,146.013841495833
;114278,0,0,0,0,151.013841495833
;114278,0,0,0,0,156.013841495833
;114278,0,0,0,0,161.013841495833
;114278,0,0,0,0,166.013841495833
;114278,0,0,0,0,171.013841495833
;114278,0,0,0,0,176.013841495833
;114278,0,0,0,0,181.013841495833
;114278,0,0,0,0,186.013841495833
;114278,0,0,0,0,191.013841495833
;114278,0,0,0,0,196.013841495833
;114278,0,0,0,0,201.013841495833
;114278,0,0,0,0,206.013841495833
;114278,0,0,0,0,211.013841495833
;114278,0,0,0,0,216.013841495833
;114278,0,0,0,0,221.013841495833
;114278,0,0,0,0,226.013841495833
;114278,0,0,0,0,231.013841495833
;114278,0,0,0,0,236.013841495833
;114278,0,0,0,0,241.013841495833
;114278,0,0,0,0,246.013841495833
;114278,0,0,0,0,251.013841495833
;114278,0,0,0,0,256.013841495833
;114278,0,0,0,0,261.013841495833
;114278,0,0,0,0,266.013841495833
;114278,0,0,0,0,271.013841495833
;114278,0,0,0,0,276.013841495833
;114278,0,0,0,0,281.013841495833
;114278,0,0,0,0,286.013841495833
;114278,0,0,0,0,291.013841495833
;114278,0,0,0,0,296.013841495833
;114278,0,0,0,0,301.013841495833
;114278,0,0,0,0,306.013841495833
;114278,0,0,0,0,311.013841495833
;114278,0,0,0,0,316.013841495833
;114278,0,0,0,0,321.013841495833
;114278,0,0,0,0,326.013841495833
;114278,0,0,0,0,331.013841495833
;114278,0,0,0,0,336.013841495833
;114278,0,0,0,0,341.013841495833
;114278,0,0,0,0,346.013841495833
;114278,0,0,0,0,351.013841495833
;114278,0,0,0,0,356.013841495833
;114278,0,0,0,0,361.013841495833
;114278,0,0,0,0,366.013841495833
;114278,0,0,0,0,371.013841495833
;114278,0,0,0,0,376.013841495833
;114278,0,0,0,0,381.013841495833
;114278,0,0,0,0,386.013841495833
;114278,0,0,0,0,391.013841495833
;114278,0,0,0,0,396.013841495833
;114278,0,0,0,0,401.013841495833
;114278,0,0,0,0,406.013841495833
;114278,0,0,0,0,411.013841495833
;114278,0,0,0,0,416.013841495833
;114278,0,0,0,0,421.013841495833
;114278,0,0,0,0,426.013841495833
;114278,0,0,0,0,431.013841495833
;114278,0,0,0,0,436.013841495833
;114278,0,0,0,0,441.013841495833
;114278,0,0,0,0,446.013841495833
;114278,0,0,0,0,451.013841495833
;114278,0,0,0,0,456.013841495833
;114278,0,0,0,0,461.013841495833
;114278,0,0,0,0,466.013841495833
;114278,0,0,0,0,471.013841495833
;114278,0,0,0,0,476.013841495833
;114278,0,0,0,0,481.013841495833
;114278,0,0,0,0,486.013841495833
;114278,0,0,0,0,491.013841495833
;114278,0,0,0,0,496.013841495833
;114278,0,0,0,0,501.013841495833
;114278,0,0,0,0,506.013841495833
;114278,0,0,0,0,511.013841495833
;114278,0,0,0,0,516.013841495833
;114278,0,0,0,0,521.013841495833
;114278,0,0,0,0,526.013841495833
;114278,0,0,0,0,531.013841495833
;114278,0,0,0,0,536.013841495833
;114278,0,0,0,0,541.013841495833
;114278,0,0,0,0,546.013841495833
;114278,0,0,0,0,551.013841495833
;114278,0,0,0,0,556.013841495833
;114278,0,0,0,0,561.013841495833
;114278,0,0,0,0,566.013841495833
;114278,0,0,0,0,571.013841495833
;114278,0,0,0,0,576.013841495833
;114278,0,0,0,0,581.013841495833
;114278,0,0,0,0,586.013841495833
;114278,0,0,0,0,591.013841495833
;114278,0,0,0,0,596.013841495833
;114278,0,0,0,0,601.013841495833
;114278,0,0,0,0,606.013841495833
;114278,0,0,0,0,611.013841495833
;114278,0,0,0,0,616.013841495833
;114278,0,0,0,0,621.013841495833
;114278,0,0,0,0,626.013841495833
;114278,0,0,0,0,631.013841495833
;114278,0,0,0,0,636.013841495833
;114278,0,0,0,0,641.013841495833
;114278,0,0,0,0,646.013841495833
;114278,0,0,0,0,651.013841495833
;114278,0,0,0,0,656.013841495833
;114278,0,0,0,0,661.013841495833
;114278,0,0,0,0,666.013841495833
;114278,0,0,0,0,671.013841495833
;114278,0,0,0,0,676.013841495833
;114278,0,0,0,0,681.013841495833
;114278,0,0,0,0,686.013841495833
;114278,0,0,0,0,691.013841495833
;114278,0,0,0,0,696.013841495833
;114278,0,0,0,0,701.013841495833
;114278,0,0,0,0,706.013841495833
;114278,0,0,0,0,711.013841495833
;114278,0,0,0,0,716.013841495833
;114278,0,0,0,0,721.013841495833
;114278,0,0,0,0,726.013841495833
;114278,0,0,0,0,731.013841495833
;114278,0,0,0,0,736.013841495833
;114278,0,0,0,0,741.013841495833
;114278,0,0,0,0,746.013841495833
;114278,0,0,0,0,751.013841495833
;114278,0,0,0,0,756.013841495833
;114278,0,0,0,0,761.013841495833
;114278,0,0,0,0,766.013841495833
;114278,0,0,0,0,771.013841495833
;114278,0,0,0,0,776.013841495833
;114278,0,0,0,0,781.013841495833
;114278,0,0,0,0,786.013841495833
;114278,0,0,0,0,791.013841495833
;114278,0,0,0,0,796.013841495833
;114278,0,0,0,0,801.013841495833
;114278,0,0,0,0,806.013841495833
;114278,0,0,0,0,811.013841495833
;114278,0,0,0,0,816.013841495833
;114278,0,0,0,0,821.013841495833
;114278,0,0,0,0,826.013841495833
;114278,0,0,0,0,831.013841495833
;114278,0,0,0,0,836.013841495833
;114278,0,0,0,0,841.013841495833
;114278,0,0,0,0,846.013841495833
;114278,0,0,0,0,851.013841495833
;114278,0,0,0,0,856.013841495833
;114278,0,0,0,0,861.013841495833
;114278,0,0,0,0,866.013841495833
;114278,0,0,0,0,871.013841495833
;114278,0,0,0,0,876.013841495833
;114278,0,0,0,0,881.013841495833
;114278,0,0,0,0,886.013841495833
;114278,0,0,0,0,891.013841495833
;114278,0,0,0,0,896.013841495833
;114278,0,0,0,0,901.013841495833
;114278,0,0,0,0,906.013841495833
;114278,0,0,0,0,911.013841495833
;114278,0,0,0,0,916.013841495833
;114278,0,0,0,0,921.013841495833
;114278,0,0,0,0,926.013841495833
;114278,0,0,0,0,931.013841495833
;114278,0,0,0,0,936.013841495833
;114278,0,0,0,0,941.013841495833
;114278,0,0,0,0,946.013841495833
;114278,0,0,0,0,951.013841495833
;114278,0,0,0,0,956.013841495833
;114278,0,0,0,0,961.013841495833
;114278,0,0,0,0,966.013841495833
;114278,0,0,0,0,971.013841495833
;114278,0,0,0,0,976.013841495833
;114278,0,0,0,0,981.013841495833
;114278,0,0,0,0,986.013841495833
;114278,0,0,0,0,991.013841495833
;114278,0,0,0,0,996.013841495833
;114278,0,0,0,0,1001.013841495833
;114278,0,0,0,0,1006.013841495833
;114278,0,0,0,0,1011.013841495833
;114278,0,0,0,0,1016.013841495833
;114278,0,0,0,0,1021.013841495833
;114278,0,0,0,0,1026.013841495833
;114278,0,0,0,0,1031.013841495833
;114278,0,0,0,0,1036.013841495833
;114278,0,0,0,0,1041.013841495833
;114278,0,0,0,0,1046.013841495833
;114278,0,0,0,0,1051.013841495833
;114278,0,0,0,0,1056.013841495833
;114278,0,0,0,0,1061.013841495833
;114278,0,0,0,0,1066.013841495833
;114278,0,0,0,0,1071.013841495833
;114278,0,0,0,0,1076.013841495833
;114278,0,0,0,0,1081.013841495833
;114278,0,0,0,0,1086.013841495833
;114278,0,0,0,0,1091.013841495833
;114278,0,0,0,0,1096.013841495833
;114278,0,0,0,0,1101.013841495833
;114278,0,0,0,0,1106.013841495833
;114278,0,0,0,0,1111.013841495833
;114278,0,0,0,0,1116.013841495833
;114278,0,0,0,0,1121.013841495833
;114278,0,0,0,0,1126.013841495833
;114278,0,0,0,0,1131.013841495833
;114278,0,0,0,0,1136.013841495833
;114278,0,0,0,0,1141.013841495833
;114278,0,0,0,0,1146.013841495833
;114278,0,0,0,0,1151.013841495833
;114278,0,0,0,0,1156.013841495833
;114278,0,0,0,0,1161.013841495833
;114278,0,0,0,0,1166.013841495833
;114278,0,0,0,0,1171.013841495833
;114278,0,0,0,0,1176.013841495833
;114278,0,0,0,0,1181.013841495833
;114278,0,0,0,0,1186.013841495833
;114278,0,0,0,0,1191.013841495833
;114278,0,0,0,0,1196.013841495833
;114278,0,0,0,0,1201.013841495833
;114278,0,0,0,0,1206.013841495833
;114278,0,0,0,0,1211.013841495833
;114278,0,0,0,0,1216.013841495833
;114278,0,0,0,0,1221.013841495833
;114278,0,0,0,0,1226.013841495833
;114278,0,0,0,0,1231.013841495833
;114278,0,0,0,0,1236.013841495833
;114278,0,0,0,0,1241.013841495833
;114278,0,0,0,0,1246.013841495833
;114278,0,0,0,0,1251.013841495833
;114278,0,0,0,0,1256.013841495833
;114278,0,0,0,0,1261.013841495833
;114278,0,0,0,0,1266.013841495833
;114278,0,0,0,0,1271.013841495833
;114278,0,0,0,0,1276.013841495833
;114278,0,0,0,0,1281.013841495833
;114278,0,0,0,0,1286.013841495833
;114278,0,0,0,0,1291.013841495833
;114278,0,0,0,0,1296.013841495833
;114278,0,0,0,0,1301.013841495833
;114278,0,0,0,0,1306.013841495833
;114278,0,0,0,0,1311.013841495833
;114278,0,0,0,0,1316.013841495833
;114278,0,0,0,0,1321.013841495833
;114278,0,0,0,0,1326.013841495833
;114278,0,0,0,0,1331.013841495833
;114278,0,0,0,0,1336.013841495833
;114278,0,0,0,0,1341.013841495833
;114278,0,0,0,0,1346.013841495833
;114278,0,0,0,0,1351.013841495833
;114278,0,0,0,0,1356.013841495833
;114278,0,0,0,0,1361.013841495833
;114278,0,0,0,0,1366.013841495833
;114278,0,0,0,0,1371.013841495833
;114278,0,0,0,0,1376.013841495833
;114278,0,0,0,0,1381.013841495833
;114278,0,0,0,0,1386.013841495833
;114278,0,0,0,0,1391.013841495833
;114278,0,0,0,0,1396.013841495833
;114278,0,0,0,0,1401.013841495833
;114278,0,0,0,0,1406.013841495833
;114278,0,0,0,0,1411.013841495833
;114278,0,0,0,0,1416.013841495833
;114278,0,0,0,0,1421.013841495833
;114278,0,0,0,0,1426.013841495833
;114278,0,0,0,0,1431.013841495833
;114278,0,0,0,0,1436.013841495833
;114278,0,0,0,0,1441.013841495833
;114278,0,0,0,0,1446.013841495833
;114278,0,0,0,0,1451.013841495833
;114278,0,0,0,0,1456.013841495833
;114278,0,0,0,0,1461.013841495833
;114278,0,0,0,0,1466.013841495833
;114278,0,0,0,0,1471.013841495833
;114278,0,0,0,0,1476.013841495833
;114278,0,0,0,0,1481.013841495833
;114278,0,0,0,0,1486.013841495833
;114278,0,0,0,0,1491.013841495833
;114278,0,0,0,0,1496.013841495833
;114278,0,0,0,0,1501.013841495833
;114278,0,0,0,0,1506.013841495833
;114278,0,0,0,0,1511.013841495833
;114278,0,0,0,0,1516.013841495833
;114278,0,0,0,0,1521.013841495833
;114278,0,0,0,0,1526.013841495833
;114278,0,0,0,0,1531.013841495833
;114278,0,0,0,0,1536.013841495833
;114278,0,0,0,0,1541.013841495833
;114278,0,0,0,0,1546.013841495833
;114278,0,0,0,0,1551.013841495833
;114278,0,0,0,0,1556.013841495833
;114278,0,0,0,0,1561.013841495833
;114278,0,0,0,0,1566.013841495833
;114278,0,0,0,0,1571.013841495833
;114278,0,0,0,0,1576.013841495833
;114278,0,0,0,0,1581.013841495833
;114278,0,0,0,0,1586.013841495833
;114278,0,0,0,0,1591.013841495833
;114278,0,0,0,0,1596.013841495833
;114278,0,0,0,0,1601.013841495833
;114278,0,0,0,0,1606.013841495833
;114278,0,0,0,0,1611.013841495833
;114278,0,0,0,0,1616.013841495833
;114278,0,0,0,0,1621.013841495833
;114278,0,0,0,0,1626.013841495833
;114278,0,0,0,0,1631.013841495833
;114278,0,0,0,0,1636.013841495833
;114278,0,0,0,0,1641.013841495833
;114278,0,0,0,0,1646.013841495833
;114278,0,0,0,0,1651.013841495833
;114278,0,0,0,0,1656.013841495833
;114278,0,0,0,0,1661.013841495833
;114278,0,0,0,0,1666.013841495833
;114278,0,0,0,0,1671.013841495833
;114278,0,0,0,0,1676.013841495833
;114278,0,0,0,0,1681.013841495833
;114278,0,0,0,0,1686.013841495833
;114278,0,0,0,0,1691.013841495833
;114278,0,0,0,0,1696.013841495833
;114278,0,0,0,0,1701.013841495833
;114278,0,0,0,0,1706.013841495833
;114278,0,0,0,0,1711.013841495833
;114278,0,0,0,0,1716.013841495833
;114278,0,0,0,0,1721.013841495833
;114278,0,0,0,0,1726.013841495833
;114278,0,0,0,0,1731.013841495833
;114278,0,0,0,0,1736.013841495833
;114278,0,0,0,0,1741.013841495833
;114278,0,0,0,0,1746.013841495833
;114278,0,0,0,0,1751.013841495833
;114278,0,0,0,0,1756.013841495833
;114278,0,0,0,0,1761.013841495833
;114278,0,0,0,0,1766.013841495833
;114278,0,0,0,0,1771.013841495833
;114278,0,0,0,0,1776.013841495833
;114278,0,0,0,0,1781.013841495833
;114278,0,0,0,0,1786.013841495833
;114278,0,0,0,0,1791.013841495833
;114278,0,0,0,0,1796.013841495833
;114278,0,0,0,0,1801.013841495833
;114278,0,0,0,0,1806.013841495833
;114278,0,0,0,0,1811.013841495833
;114278,0,0,0,0,1816.013841495833
;114278,0,0,0,0,1821.013841495833
;114278,0,0,0,0,1826.013841495833
;114278,0,0,0,0,1831.013841495833
;114278,0,0,0,0,1836.013841495833
;114278,0,0,0,0,1841.013841495833
;114278,0,0,0,0,1846.013841495833
;114278,0,0,0,0,1851.013841495833
;114278,0,0,0,0,1856.013841495833
;114278,0,0,0,0,1861.013841495833
;114278,0,0,0,0,1866.013841495833
;114278,0,0,0,0,1871.013841495833
;114278,0,0,0,0,1876.013841495833
;114278,0,0,0,0,1881.013841495833
;114278,0,0,0,0,1886.013841495833
;114278,0,0,0,0,1891.013841495833
;114278,0,0,0,0,1896.013841495833
;114278,0,0,0,0,1901.013841495833
;114278,0,0,0,0,1906.013841495833
;114278,0,0,0,0,1911.013841495833
;114278,0,0,0,0,1916.013841495833
;114278,0,0,0,0,1921.013841495833
;114278,0,0,0,0,1926.013841495833
;114278,0,0,0,0,1931.013841495833
;114278,0,0,0,0,1936.013841495833
;114278,0,0,0,0,1941.013841495833
;114278,0,0,0,0,1946.013841495833
;114278,0,0,0,0,1951.013841495833
;114278,0,0,0,0,1956.013841495833
;114278,0,0,0,0,1961.013841495833
;114278,0,0,0,0,1966.013841495833
;114278,0,0,0,0,1971.013841495833
;114278,0,0,0,0,1976.013841495833
;114278,0,0,0,0,1981.013841495833
;114278,0,0,0,0,1986.013841495833
;114278,0,0,0,0,1991.013841495833
;114278,0,0,0,0,1996.013841495833
;78233.6,0,0,0,0,1.013820434604
;148685,0,0,0,0,1.013820434604
;148685,0,0,0,0,6.013820434604
;148685,0,0,0,0,11.013820434604
;148685,0,0,0,0,16.013820434604
;148685,0,0,0,0,21.013820434604
;148685,0,0,0,0,26.013820434604
;148685,0,0,0,0,31.013820434604
