;32051,32051,32051,32051,0,0,0,0,1.026554566424
;32051,32051,32051,32051,0,0,0,0,6.026554566424
;32051,32051,32051,32051,0,0,0,0,11.026554566424
;32051,32051,32051,32051,0,0,0,0,16.026554566424
;32051,32051,32051,32051,0,0,0,0,21.026554566424
;32051,32051,32051,32051,0,0,0,0,26.026554566424
;32051,32051,32051,32051,0,0,0,0,31.026554566424
;32051,32051,32051,32051,0,0,0,0,36.026554566424
;32051,32051,32051,32051,0,0,0,0,41.026554566424
;32051,32051,32051,32051,0,0,0,0,46.026554566424
;32051,32051,32051,32051,0,0,0,0,51.026554566424
;32051,32051,32051,32051,0,0,0,0,56.026554566424
;32051,32051,32051,32051,0,0,0,0,61.026554566424
;32051,32051,32051,32051,0,0,0,0,66.026554566424
;32051,32051,32051,32051,0,0,0,0,71.026554566424
;32051,32051,32051,32051,0,0,0,0,76.026554566424
;32051,32051,32051,32051,0,0,0,0,81.026554566424
;32051,32051,32051,32051,0,0,0,0,86.026554566424
;32051,32051,32051,32051,0,0,0,0,91.026554566424
;32051,32051,32051,32051,0,0,0,0,96.026554566424
;32051,32051,32051,32051,0,0,0,0,101.026554566424
;32051,32051,32051,32051,0,0,0,0,106.026554566424
;32051,32051,32051,32051,0,0,0,0,111.026554566424
;32051,32051,32051,32051,0,0,0,0,116.026554566424
;32051,32051,32051,32051,0,0,0,0,121.026554566424
;32051,32051,32051,32051,0,0,0,0,126.026554566424
;32051,32051,32051,32051,0,0,0,0,131.026554566424
;32051,32051,32051,32051,0,0,0,0,136.026554566424
;32051,32051,32051,32051,0,0,0,0,141.026554566424
;32051,32051,32051,32051,0,0,0,0,146.026554566424
;32051,32051,32051,32051,0,0,0,0,151.026554566424
;32051,32051,32051,32051,0,0,0,0,156.026554566424
;32051,32051,32051,32051,0,0,0,0,161.026554566424
;32051,32051,32051,32051,0,0,0,0,166.026554566424
;32051,32051,32051,32051,0,0,0,0,171.026554566424
;32051,32051,32051,32051,0,0,0,0,176.026554566424
;32051,32051,32051,32051,0,0,0,0,181.026554566424
;32051,32051,32051,32051,0,0,0,0,186.026554566424
;32051,32051,32051,32051,0,0,0,0,191.026554566424
;32051,32051,32051,32051,0,0,0,0,196.026554566424
;32051,32051,32051,32051,0,0,0,0,201.026554566424
;32051,32051,32051,32051,0,0,0,0,206.026554566424
;32051,32051,32051,32051,0,0,0,0,211.026554566424
;32051,32051,32051,32051,0,0,0,0,216.026554566424
;32051,32051,32051,32051,0,0,0,0,221.026554566424
;32051,32051,32051,32051,0,0,0,0,226.026554566424
;32051,32051,32051,32051,0,0,0,0,231.026554566424
;32051,32051,32051,32051,0,0,0,0,236.026554566424
;32051,32051,32051,32051,0,0,0,0,241.026554566424
;32051,32051,32051,32051,0,0,0,0,246.026554566424
;32051,32051,32051,32051,0,0,0,0,251.026554566424
;32051,32051,32051,32051,0,0,0,0,256.026554566424
;32051,32051,32051,32051,0,0,0,0,261.026554566424
;32051,32051,32051,32051,0,0,0,0,266.026554566424
;32051,32051,32051,32051,0,0,0,0,271.026554566424
;32051,32051,32051,32051,0,0,0,0,276.026554566424
;32051,32051,32051,32051,0,0,0,0,281.026554566424
;32051,32051,32051,32051,0,0,0,0,286.026554566424
;32051,32051,32051,32051,0,0,0,0,291.026554566424
;32051,32051,32051,32051,0,0,0,0,296.026554566424
;32051,32051,32051,32051,0,0,0,0,301.026554566424
;32051,32051,32051,32051,0,0,0,0,306.026554566424
;32051,32051,32051,32051,0,0,0,0,311.026554566424
;32051,32051,32051,32051,0,0,0,0,316.026554566424
;32051,32051,32051,32051,0,0,0,0,321.026554566424
;32051,32051,32051,32051,0,0,0,0,326.026554566424
;32051,32051,32051,32051,0,0,0,0,331.026554566424
;32051,32051,32051,32051,0,0,0,0,336.026554566424
;32051,32051,32051,32051,0,0,0,0,341.026554566424
;32051,32051,32051,32051,0,0,0,0,346.026554566424
;32051,32051,32051,32051,0,0,0,0,351.026554566424
;32051,32051,32051,32051,0,0,0,0,356.026554566424
;32051,32051,32051,32051,0,0,0,0,361.026554566424
;32051,32051,32051,32051,0,0,0,0,366.026554566424
;32051,32051,32051,32051,0,0,0,0,371.026554566424
;32051,32051,32051,32051,0,0,0,0,376.026554566424
;32051,32051,32051,32051,0,0,0,0,381.026554566424
;32051,32051,32051,32051,0,0,0,0,386.026554566424
;32051,32051,32051,32051,0,0,0,0,391.026554566424
;32051,32051,32051,32051,0,0,0,0,396.026554566424
;32051,32051,32051,32051,0,0,0,0,401.026554566424
;32051,32051,32051,32051,0,0,0,0,406.026554566424
;32051,32051,32051,32051,0,0,0,0,411.026554566424
;32051,32051,32051,32051,0,0,0,0,416.026554566424
;32051,32051,32051,32051,0,0,0,0,421.026554566424
;32051,32051,32051,32051,0,0,0,0,426.026554566424
;32051,32051,32051,32051,0,0,0,0,431.026554566424
;32051,32051,32051,32051,0,0,0,0,436.026554566424
;32051,32051,32051,32051,0,0,0,0,441.026554566424
;32051,32051,32051,32051,0,0,0,0,446.026554566424
;32051,32051,32051,32051,0,0,0,0,451.026554566424
;32051,32051,32051,32051,0,0,0,0,456.026554566424
;32051,32051,32051,32051,0,0,0,0,461.026554566424
;32051,32051,32051,32051,0,0,0,0,466.026554566424
;32051,32051,32051,32051,0,0,0,0,471.026554566424
;32051,32051,32051,32051,0,0,0,0,476.026554566424
;32051,32051,32051,32051,0,0,0,0,481.026554566424
;32051,32051,32051,32051,0,0,0,0,486.026554566424
;32051,32051,32051,32051,0,0,0,0,491.026554566424
;32051,32051,32051,32051,0,0,0,0,496.026554566424
;32051,32051,32051,32051,0,0,0,0,501.026554566424
;32051,32051,32051,32051,0,0,0,0,506.026554566424
;32051,32051,32051,32051,0,0,0,0,511.026554566424
;32051,32051,32051,32051,0,0,0,0,516.026554566424
;32051,32051,32051,32051,0,0,0,0,521.026554566424
;32051,32051,32051,32051,0,0,0,0,526.026554566424
;32051,32051,32051,32051,0,0,0,0,531.026554566424
;32051,32051,32051,32051,0,0,0,0,536.026554566424
;32051,32051,32051,32051,0,0,0,0,541.026554566424
;32051,32051,32051,32051,0,0,0,0,546.026554566424
;32051,32051,32051,32051,0,0,0,0,551.026554566424
;32051,32051,32051,32051,0,0,0,0,556.026554566424
;32051,32051,32051,32051,0,0,0,0,561.026554566424
;26726,26726,26726,26726,0,0,0,0,1.121437457274
352vecil(0),242jqxul(1),816tjxyc(0),707awpuo(1),388hvlnr(0),897mqifc(3),152ptrgy(3),739pcbvo(0),352vecil(0),242jqxul(1),816tjxyc(0),707awpuo(1),388hvlnr(0),897mqifc(3),152ptrgy(3),739pcbvo(0),242jqxul(2),816tjxyc(0),707awpuo(1),388hvlnr(0),897mqifc(3),152ptrgy(3),739pcbvo(0),242jqxul(2),816tjxyc(0),707awpuo(1),388hvlnr(0),897mqifc(3),152ptrgy(3),739pcbvo(0),;13316.7,13316.7,13542,13542,70.129266994536,70.129266994536,66.368930431976,66.368930431976,6.121437457274
816tjxyc(2),388hvlnr(3),897mqifc(3),152ptrgy(3),739pcbvo(2),769mrtvb(2),813vghwo(2),702anlbh(1),404jckbi(0),550xrvhk(1),486xpaiy(1),99vktrs(0),777erxgv(0),164rkhwp(3),816tjxyc(2),388hvlnr(3),897mqifc(3),152ptrgy(3),739pcbvo(2),769mrtvb(2),813vghwo(2),702anlbh(1),404jckbi(0),550xrvhk(1),486xpaiy(1),99vktrs(0),777erxgv(0),164rkhwp(3),242jqxul(2),816tjxyc(2),388hvlnr(3),897mqifc(3),152ptrgy(3),739pcbvo(2),769mrtvb(2),813vghwo(2),702anlbh(1),550xrvhk(1),486xpaiy(1),99vktrs(0),777erxgv(0),164rkhwp(3),242jqxul(2),816tjxyc(2),388hvlnr(3),897mqifc(3),152ptrgy(3),739pcbvo(2),769mrtvb(2),813vghwo(2),702anlbh(1),550xrvhk(1),486xpaiy(1),99vktrs(0),777erxgv(0),164rkhwp(3),;1330.74,1330.74,296.6,296.6,106.246497016943,106.246497016943,100.322441999052,100.322441999052,11.121437457274
