,103629,0.00.00.00.0,0.044806359059
,97894.4,0.00.00.00.0,0.044806359059
,97894.4,0.00.00.00.0,5.044806359059
,97894.4,0.00.00.00.0,10.044806359059
,97894.4,0.00.00.00.0,15.044806359059
,97894.4,0.00.00.00.0,20.044806359059
,97894.4,0.00.00.00.0,25.044806359059
,97894.4,0.00.00.00.0,30.044806359059
,133120,0.00.00.00.0,0.044806359059
,133120,0.00.00.00.0,5.044806359059
,143770,0.00.00.00.0,0.044806359059
,120013,0.00.00.00.0,1.044806359059
,90521.6,0.00.00.00.0,1.044806359059
,145408,0.00.00.00.0,1.044806359059
,145408,0.00.00.00.0,6.044806359059
,92979.2,0.00.00.00.0,1.044806359059
,92979.2,0.00.00.00.0,6.044806359059
,92979.2,0.00.00.00.0,11.044806359059
,92979.2,0.00.00.00.0,16.044806359059
,92979.2,0.00.00.00.0,21.044806359059
,92979.2,0.00.00.00.0,26.044806359059
133120,0,0,0,0,1.044806359059133120,0,0,0,0,6.044806359059133120,0,0,0,0,11.044806359059;140493,0,0,0,0,1.044806359059
;140493,0,0,0,0,6.044806359059
;140493,0,0,0,0,11.044806359059
;140493,0,0,0,0,16.044806359059
;140493,0,0,0,0,21.044806359059
;140493,0,0,0,0,26.044806359059
;140493,0,0,0,0,31.044806359059
;140493,0,0,0,0,36.044806359059
;140493,0,0,0,0,41.044806359059
;140493,0,0,0,0,46.044806359059
;140493,0,0,0,0,51.044806359059
;140493,0,0,0,0,56.044806359059
;140493,0,0,0,0,61.044806359059
;140493,0,0,0,0,66.044806359059
;140493,0,0,0,0,71.044806359059
;140493,0,0,0,0,76.044806359059
;140493,0,0,0,0,81.044806359059
;140493,0,0,0,0,86.044806359059
;140493,0,0,0,0,91.044806359059
;140493,0,0,0,0,96.044806359059
;140493,0,0,0,0,101.044806359059
;140493,0,0,0,0,106.044806359059
;140493,0,0,0,0,111.044806359059
;140493,0,0,0,0,116.044806359059
;140493,0,0,0,0,121.044806359059
;140493,0,0,0,0,126.044806359059
;140493,0,0,0,0,131.044806359059
;140493,0,0,0,0,136.044806359059
;140493,0,0,0,0,141.044806359059
;140493,0,0,0,0,146.044806359059
;140493,0,0,0,0,151.044806359059
;112640,0,0,0,0,1.044806359059
;112640,0,0,0,0,6.044806359059
;112640,0,0,0,0,11.044806359059
;112640,0,0,0,0,16.044806359059
;112640,0,0,0,0,21.044806359059
;112640,0,0,0,0,26.044806359059
;112640,0,0,0,0,31.044806359059
;112640,0,0,0,0,36.044806359059
;112640,0,0,0,0,41.044806359059
;112640,0,0,0,0,46.044806359059
;112640,0,0,0,0,51.044806359059
;112640,0,0,0,0,56.044806359059
;112640,0,0,0,0,61.044806359059
;112640,0,0,0,0,66.044806359059
;112640,0,0,0,0,71.044806359059
;112640,0,0,0,0,76.044806359059
;112640,0,0,0,0,81.044806359059
;112640,0,0,0,0,86.044806359059
;112640,0,0,0,0,91.044806359059
;112640,0,0,0,0,96.044806359059
;112640,0,0,0,0,101.044806359059
;125747,0,0,0,0,1.044806359059
;115098,0,0,0,0,1.044806359059
;125747,0,0,0,0,1.044806359059
;73318.4,0,0,0,0,1.023496851155
;73318.4,0,0,0,0,6.023496851155
;74956.8,0,0,0,0,1.023496851155
;74956.8,0,0,0,0,6.023496851155
;74956.8,0,0,0,0,11.023496851155
;74956.8,0,0,0,0,16.023496851155
;74956.8,0,0,0,0,21.023496851155
;74956.8,0,0,0,0,26.023496851155
;74956.8,0,0,0,0,31.023496851155
;74956.8,0,0,0,0,36.023496851155
;74956.8,0,0,0,0,41.023496851155
;74956.8,0,0,0,0,46.023496851155
;74956.8,0,0,0,0,51.023496851155
;74956.8,0,0,0,0,56.023496851155
;74956.8,0,0,0,0,61.023496851155
;74956.8,0,0,0,0,66.023496851155
;74956.8,0,0,0,0,71.023496851155
;74956.8,0,0,0,0,76.023496851155
;74956.8,0,0,0,0,81.023496851155
;74956.8,0,0,0,0,86.023496851155
;74956.8,0,0,0,0,91.023496851155
;74956.8,0,0,0,0,96.023496851155
;74956.8,0,0,0,0,101.023496851155
;74956.8,0,0,0,0,106.023496851155
;74956.8,0,0,0,0,111.023496851155
;74956.8,0,0,0,0,116.023496851155
;74956.8,0,0,0,0,121.023496851155
;74956.8,0,0,0,0,126.023496851155
;74956.8,0,0,0,0,131.023496851155
;74956.8,0,0,0,0,136.023496851155
;74956.8,0,0,0,0,141.023496851155
;74956.8,0,0,0,0,146.023496851155
;74956.8,0,0,0,0,151.023496851155
;74956.8,0,0,0,0,156.023496851155
;74956.8,0,0,0,0,161.023496851155
;74956.8,0,0,0,0,166.023496851155
;74956.8,0,0,0,0,171.023496851155
;74956.8,0,0,0,0,176.023496851155
;74956.8,0,0,0,0,181.023496851155
;74956.8,0,0,0,0,186.023496851155
;74956.8,0,0,0,0,191.023496851155
;74956.8,0,0,0,0,196.023496851155
;74956.8,0,0,0,0,201.023496851155
;74956.8,0,0,0,0,206.023496851155
;74956.8,0,0,0,0,211.023496851155
;74956.8,0,0,0,0,216.023496851155
;74956.8,0,0,0,0,221.023496851155
;74956.8,0,0,0,0,226.023496851155
;74956.8,0,0,0,0,231.023496851155
;74956.8,0,0,0,0,236.023496851155
;74956.8,0,0,0,0,241.023496851155
;74956.8,0,0,0,0,246.023496851155
;74956.8,0,0,0,0,251.023496851155
;74956.8,0,0,0,0,256.023496851155
;74956.8,0,0,0,0,261.023496851155
;74956.8,0,0,0,0,266.023496851155
;74956.8,0,0,0,0,271.023496851155
;74956.8,0,0,0,0,276.023496851155
;74956.8,0,0,0,0,281.023496851155
;74956.8,0,0,0,0,286.023496851155
;74956.8,0,0,0,0,291.023496851155
;74956.8,0,0,0,0,296.023496851155
;74956.8,0,0,0,0,301.023496851155
;74956.8,0,0,0,0,306.023496851155
;74956.8,0,0,0,0,311.023496851155
;74956.8,0,0,0,0,316.023496851155
;74956.8,0,0,0,0,321.023496851155
;74956.8,0,0,0,0,326.023496851155
;74956.8,0,0,0,0,331.023496851155
;74956.8,0,0,0,0,336.023496851155
;74956.8,0,0,0,0,341.023496851155
;74956.8,0,0,0,0,346.023496851155
;74956.8,0,0,0,0,351.023496851155
;74956.8,0,0,0,0,356.023496851155
;74956.8,0,0,0,0,361.023496851155
;74956.8,0,0,0,0,366.023496851155
;74956.8,0,0,0,0,371.023496851155
;74956.8,0,0,0,0,376.023496851155
;74956.8,0,0,0,0,381.023496851155
;74956.8,0,0,0,0,386.023496851155
;74956.8,0,0,0,0,391.023496851155
;74956.8,0,0,0,0,396.023496851155
;74956.8,0,0,0,0,401.023496851155
;74956.8,0,0,0,0,406.023496851155
;74956.8,0,0,0,0,411.023496851155
;74956.8,0,0,0,0,416.023496851155
;74956.8,0,0,0,0,421.023496851155
;74956.8,0,0,0,0,426.023496851155
;74956.8,0,0,0,0,431.023496851155
;74956.8,0,0,0,0,436.023496851155
;74956.8,0,0,0,0,441.023496851155
;74956.8,0,0,0,0,446.023496851155
;74956.8,0,0,0,0,451.023496851155
;74956.8,0,0,0,0,456.023496851155
;74956.8,0,0,0,0,461.023496851155
;74956.8,0,0,0,0,466.023496851155
;74956.8,0,0,0,0,471.023496851155
;74956.8,0,0,0,0,476.023496851155
;74956.8,0,0,0,0,481.023496851155
;74956.8,0,0,0,0,486.023496851155
;74956.8,0,0,0,0,491.023496851155
;74956.8,0,0,0,0,496.023496851155
;74956.8,0,0,0,0,501.023496851155
;74956.8,0,0,0,0,506.023496851155
;74956.8,0,0,0,0,511.023496851155
;74956.8,0,0,0,0,516.023496851155
;74956.8,0,0,0,0,521.023496851155
;74956.8,0,0,0,0,526.023496851155
;74956.8,0,0,0,0,531.023496851155
;74956.8,0,0,0,0,536.023496851155
;74956.8,0,0,0,0,541.023496851155
;74956.8,0,0,0,0,546.023496851155
;74956.8,0,0,0,0,551.023496851155
;74956.8,0,0,0,0,556.023496851155
;74956.8,0,0,0,0,561.023496851155
;74956.8,0,0,0,0,566.023496851155
;74956.8,0,0,0,0,571.023496851155
;74956.8,0,0,0,0,576.023496851155
;74956.8,0,0,0,0,581.023496851155
;74956.8,0,0,0,0,586.023496851155
;74956.8,0,0,0,0,591.023496851155
;74956.8,0,0,0,0,596.023496851155
;74956.8,0,0,0,0,601.023496851155
;74956.8,0,0,0,0,606.023496851155
;74956.8,0,0,0,0,611.023496851155
;74956.8,0,0,0,0,616.023496851155
;74956.8,0,0,0,0,621.023496851155
;74956.8,0,0,0,0,626.023496851155
;74956.8,0,0,0,0,631.023496851155
;74956.8,0,0,0,0,636.023496851155
;74956.8,0,0,0,0,641.023496851155
;74956.8,0,0,0,0,646.023496851155
;74956.8,0,0,0,0,651.023496851155
;74956.8,0,0,0,0,656.023496851155
;74956.8,0,0,0,0,661.023496851155
;74956.8,0,0,0,0,666.023496851155
;74956.8,0,0,0,0,671.023496851155
;74956.8,0,0,0,0,676.023496851155
;74956.8,0,0,0,0,681.023496851155
;74956.8,0,0,0,0,686.023496851155
;74956.8,0,0,0,0,691.023496851155
;74956.8,0,0,0,0,696.023496851155
;74956.8,0,0,0,0,701.023496851155
;74956.8,0,0,0,0,706.023496851155
;74956.8,0,0,0,0,711.023496851155
;74956.8,0,0,0,0,716.023496851155
;74956.8,0,0,0,0,721.023496851155
;74956.8,0,0,0,0,726.023496851155
;74956.8,0,0,0,0,731.023496851155
;74956.8,0,0,0,0,736.023496851155
;74956.8,0,0,0,0,741.023496851155
;74956.8,0,0,0,0,746.023496851155
;74956.8,0,0,0,0,751.023496851155
;74956.8,0,0,0,0,756.023496851155
;74956.8,0,0,0,0,761.023496851155
;74956.8,0,0,0,0,766.023496851155
;74956.8,0,0,0,0,771.023496851155
;74956.8,0,0,0,0,776.023496851155
;74956.8,0,0,0,0,781.023496851155
;74956.8,0,0,0,0,786.023496851155
;74956.8,0,0,0,0,791.023496851155
;74956.8,0,0,0,0,796.023496851155
;74956.8,0,0,0,0,801.023496851155
;74956.8,0,0,0,0,806.023496851155
;74956.8,0,0,0,0,811.023496851155
;74956.8,0,0,0,0,816.023496851155
;74956.8,0,0,0,0,821.023496851155
;74956.8,0,0,0,0,826.023496851155
;74956.8,0,0,0,0,831.023496851155
;74956.8,0,0,0,0,836.023496851155
;74956.8,0,0,0,0,841.023496851155
;74956.8,0,0,0,0,846.023496851155
;74956.8,0,0,0,0,851.023496851155
;74956.8,0,0,0,0,856.023496851155
;74956.8,0,0,0,0,861.023496851155
;74956.8,0,0,0,0,866.023496851155
;74956.8,0,0,0,0,871.023496851155
;74956.8,0,0,0,0,876.023496851155
;74956.8,0,0,0,0,881.023496851155
;74956.8,0,0,0,0,886.023496851155
;74956.8,0,0,0,0,891.023496851155
;74956.8,0,0,0,0,896.023496851155
;74956.8,0,0,0,0,901.023496851155
;74956.8,0,0,0,0,906.023496851155
;74956.8,0,0,0,0,911.023496851155
;74956.8,0,0,0,0,916.023496851155
;74956.8,0,0,0,0,921.023496851155
;74956.8,0,0,0,0,926.023496851155
;74956.8,0,0,0,0,931.023496851155
;74956.8,0,0,0,0,936.023496851155
;74956.8,0,0,0,0,941.023496851155
;74956.8,0,0,0,0,946.023496851155
;74956.8,0,0,0,0,951.023496851155
;74956.8,0,0,0,0,956.023496851155
;74956.8,0,0,0,0,961.023496851155
;74956.8,0,0,0,0,966.023496851155
;74956.8,0,0,0,0,971.023496851155
;74956.8,0,0,0,0,976.023496851155
;74956.8,0,0,0,0,981.023496851155
;74956.8,0,0,0,0,986.023496851155
;74956.8,0,0,0,0,991.023496851155
;74956.8,0,0,0,0,996.023496851155
;74956.8,0,0,0,0,1001.023496851155
;74956.8,0,0,0,0,1006.023496851155
;74956.8,0,0,0,0,1011.023496851155
;74956.8,0,0,0,0,1016.023496851155
;74956.8,0,0,0,0,1021.023496851155
;74956.8,0,0,0,0,1026.023496851155
;74956.8,0,0,0,0,1031.023496851155
;74956.8,0,0,0,0,1036.023496851155
;74956.8,0,0,0,0,1041.023496851155
;74956.8,0,0,0,0,1046.023496851155
;74956.8,0,0,0,0,1051.023496851155
;74956.8,0,0,0,0,1056.023496851155
;74956.8,0,0,0,0,1061.023496851155
;74956.8,0,0,0,0,1066.023496851155
;74956.8,0,0,0,0,1071.023496851155
;74956.8,0,0,0,0,1076.023496851155
;74956.8,0,0,0,0,1081.023496851155
;74956.8,0,0,0,0,1086.023496851155
;74956.8,0,0,0,0,1091.023496851155
;74956.8,0,0,0,0,1096.023496851155
;74956.8,0,0,0,0,1101.023496851155
;74956.8,0,0,0,0,1106.023496851155
;74956.8,0,0,0,0,1111.023496851155
;74956.8,0,0,0,0,1116.023496851155
;74956.8,0,0,0,0,1121.023496851155
;74956.8,0,0,0,0,1126.023496851155
;74956.8,0,0,0,0,1131.023496851155
;74956.8,0,0,0,0,1136.023496851155
;74956.8,0,0,0,0,1141.023496851155
;74956.8,0,0,0,0,1146.023496851155
;74956.8,0,0,0,0,1151.023496851155
;74956.8,0,0,0,0,1156.023496851155
;74956.8,0,0,0,0,1161.023496851155
;74956.8,0,0,0,0,1166.023496851155
;74956.8,0,0,0,0,1171.023496851155
;74956.8,0,0,0,0,1176.023496851155
;74956.8,0,0,0,0,1181.023496851155
;74956.8,0,0,0,0,1186.023496851155
;74956.8,0,0,0,0,1191.023496851155
;74956.8,0,0,0,0,1196.023496851155
;74956.8,0,0,0,0,1201.023496851155
;74956.8,0,0,0,0,1206.023496851155
;74956.8,0,0,0,0,1211.023496851155
;74956.8,0,0,0,0,1216.023496851155
;74956.8,0,0,0,0,1221.023496851155
;74956.8,0,0,0,0,1226.023496851155
;74956.8,0,0,0,0,1231.023496851155
;74956.8,0,0,0,0,1236.023496851155
;74956.8,0,0,0,0,1241.023496851155
;74956.8,0,0,0,0,1246.023496851155
;74956.8,0,0,0,0,1251.023496851155
;74956.8,0,0,0,0,1256.023496851155
;74956.8,0,0,0,0,1261.023496851155
;74956.8,0,0,0,0,1266.023496851155
;74956.8,0,0,0,0,1271.023496851155
;74956.8,0,0,0,0,1276.023496851155
;74956.8,0,0,0,0,1281.023496851155
;74956.8,0,0,0,0,1286.023496851155
;74956.8,0,0,0,0,1291.023496851155
;74956.8,0,0,0,0,1296.023496851155
;74956.8,0,0,0,0,1301.023496851155
;74956.8,0,0,0,0,1306.023496851155
;74956.8,0,0,0,0,1311.023496851155
;74956.8,0,0,0,0,1316.023496851155
;74956.8,0,0,0,0,1321.023496851155
;74956.8,0,0,0,0,1326.023496851155
;74956.8,0,0,0,0,1331.023496851155
;74956.8,0,0,0,0,1336.023496851155
;74956.8,0,0,0,0,1341.023496851155
;74956.8,0,0,0,0,1346.023496851155
;74956.8,0,0,0,0,1351.023496851155
;74956.8,0,0,0,0,1356.023496851155
;74956.8,0,0,0,0,1361.023496851155
;74956.8,0,0,0,0,1366.023496851155
;74956.8,0,0,0,0,1371.023496851155
;74956.8,0,0,0,0,1376.023496851155
;74956.8,0,0,0,0,1381.023496851155
;74956.8,0,0,0,0,1386.023496851155
;74956.8,0,0,0,0,1391.023496851155
;74956.8,0,0,0,0,1396.023496851155
;74956.8,0,0,0,0,1401.023496851155
;74956.8,0,0,0,0,1406.023496851155
;74956.8,0,0,0,0,1411.023496851155
;74956.8,0,0,0,0,1416.023496851155
;74956.8,0,0,0,0,1421.023496851155
;74956.8,0,0,0,0,1426.023496851155
;74956.8,0,0,0,0,1431.023496851155
;74956.8,0,0,0,0,1436.023496851155
;74956.8,0,0,0,0,1441.023496851155
;74956.8,0,0,0,0,1446.023496851155
;74956.8,0,0,0,0,1451.023496851155
;74956.8,0,0,0,0,1456.023496851155
;74956.8,0,0,0,0,1461.023496851155
;74956.8,0,0,0,0,1466.023496851155
;74956.8,0,0,0,0,1471.023496851155
;74956.8,0,0,0,0,1476.023496851155
;74956.8,0,0,0,0,1481.023496851155
;74956.8,0,0,0,0,1486.023496851155
;74956.8,0,0,0,0,1491.023496851155
;74956.8,0,0,0,0,1496.023496851155
;74956.8,0,0,0,0,1501.023496851155
;74956.8,0,0,0,0,1506.023496851155
;74956.8,0,0,0,0,1511.023496851155
;74956.8,0,0,0,0,1516.023496851155
;74956.8,0,0,0,0,1521.023496851155
;74956.8,0,0,0,0,1526.023496851155
;74956.8,0,0,0,0,1531.023496851155
;74956.8,0,0,0,0,1536.023496851155
;74956.8,0,0,0,0,1541.023496851155
;74956.8,0,0,0,0,1546.023496851155
;74956.8,0,0,0,0,1551.023496851155
;74956.8,0,0,0,0,1556.023496851155
;74956.8,0,0,0,0,1561.023496851155
;74956.8,0,0,0,0,1566.023496851155
;74956.8,0,0,0,0,1571.023496851155
;74956.8,0,0,0,0,1576.023496851155
;74956.8,0,0,0,0,1581.023496851155
;74956.8,0,0,0,0,1586.023496851155
;74956.8,0,0,0,0,1591.023496851155
;74956.8,0,0,0,0,1596.023496851155
;74956.8,0,0,0,0,1601.023496851155
;74956.8,0,0,0,0,1606.023496851155
;74956.8,0,0,0,0,1611.023496851155
;74956.8,0,0,0,0,1616.023496851155
;74956.8,0,0,0,0,1621.023496851155
;74956.8,0,0,0,0,1626.023496851155
;74956.8,0,0,0,0,1631.023496851155
;74956.8,0,0,0,0,1636.023496851155
;74956.8,0,0,0,0,1641.023496851155
;74956.8,0,0,0,0,1646.023496851155
;74956.8,0,0,0,0,1651.023496851155
;74956.8,0,0,0,0,1656.023496851155
;74956.8,0,0,0,0,1661.023496851155
;74956.8,0,0,0,0,1666.023496851155
;74956.8,0,0,0,0,1671.023496851155
;74956.8,0,0,0,0,1676.023496851155
;74956.8,0,0,0,0,1681.023496851155
;74956.8,0,0,0,0,1686.023496851155
;74956.8,0,0,0,0,1691.023496851155
;74956.8,0,0,0,0,1696.023496851155
;74956.8,0,0,0,0,1701.023496851155
;74956.8,0,0,0,0,1706.023496851155
;74956.8,0,0,0,0,1711.023496851155
;74956.8,0,0,0,0,1716.023496851155
;74956.8,0,0,0,0,1721.023496851155
;74956.8,0,0,0,0,1726.023496851155
;74956.8,0,0,0,0,1731.023496851155
;74956.8,0,0,0,0,1736.023496851155
;74956.8,0,0,0,0,1741.023496851155
;74956.8,0,0,0,0,1746.023496851155
;74956.8,0,0,0,0,1751.023496851155
;74956.8,0,0,0,0,1756.023496851155
;74956.8,0,0,0,0,1761.023496851155
;74956.8,0,0,0,0,1766.023496851155
;74956.8,0,0,0,0,1771.023496851155
;74956.8,0,0,0,0,1776.023496851155
;74956.8,0,0,0,0,1781.023496851155
;74956.8,0,0,0,0,1786.023496851155
;74956.8,0,0,0,0,1791.023496851155
;74956.8,0,0,0,0,1796.023496851155
;74956.8,0,0,0,0,1801.023496851155
;74956.8,0,0,0,0,1806.023496851155
;74956.8,0,0,0,0,1811.023496851155
;74956.8,0,0,0,0,1816.023496851155
;74956.8,0,0,0,0,1821.023496851155
;74956.8,0,0,0,0,1826.023496851155
;74956.8,0,0,0,0,1831.023496851155
;74956.8,0,0,0,0,1836.023496851155
;74956.8,0,0,0,0,1841.023496851155
;74956.8,0,0,0,0,1846.023496851155
;74956.8,0,0,0,0,1851.023496851155
;74956.8,0,0,0,0,1856.023496851155
;74956.8,0,0,0,0,1861.023496851155
;74956.8,0,0,0,0,1866.023496851155
;74956.8,0,0,0,0,1871.023496851155
;74956.8,0,0,0,0,1876.023496851155
;74956.8,0,0,0,0,1881.023496851155
;74956.8,0,0,0,0,1886.023496851155
;74956.8,0,0,0,0,1891.023496851155
;74956.8,0,0,0,0,1896.023496851155
;74956.8,0,0,0,0,1901.023496851155
;74956.8,0,0,0,0,1906.023496851155
;74956.8,0,0,0,0,1911.023496851155
;74956.8,0,0,0,0,1916.023496851155
;74956.8,0,0,0,0,1921.023496851155
;74956.8,0,0,0,0,1926.023496851155
;74956.8,0,0,0,0,1931.023496851155
;74956.8,0,0,0,0,1936.023496851155
;74956.8,0,0,0,0,1941.023496851155
;74956.8,0,0,0,0,1946.023496851155
;74956.8,0,0,0,0,1951.023496851155
;74956.8,0,0,0,0,1956.023496851155
;74956.8,0,0,0,0,1961.023496851155
;74956.8,0,0,0,0,1966.023496851155
;74956.8,0,0,0,0,1971.023496851155
;74956.8,0,0,0,0,1976.023496851155
;74956.8,0,0,0,0,1981.023496851155
;74956.8,0,0,0,0,1986.023496851155
;74956.8,0,0,0,0,1991.023496851155
;74956.8,0,0,0,0,1996.023496851155
;143770,0,0,0,0,1.023496851155
;143770,0,0,0,0,6.023496851155
;130662,0,0,0,0,1.023496851155
;130662,0,0,0,0,6.023496851155
;145408,0,0,0,0,1.023496851155
;145408,0,0,0,0,6.023496851155
;93798.4,0,0,0,0,1.023496851155
;93798.4,0,0,0,0,6.023496851155
;71680,0,0,0,0,1.023496851155
;71680,0,0,0,0,6.023496851155
;103629,0,0,0,0,1.023496851155
;103629,0,0,0,0,6.023496851155
;115098,0,0,0,0,1.023496851155
;115098,0,0,0,0,6.023496851155
;98713.6,0,0,0,0,1.023496851155
;98713.6,0,0,0,0,6.023496851155
;113459,0,0,0,0,1.023496851155
;113459,0,0,0,0,6.023496851155
;87244.8,0,0,0,0,1.023496851155
;87244.8,0,0,0,0,6.023496851155
;128205,0,0,0,0,1.023496851155
;128205,0,0,0,0,6.023496851155
;126515,0,0,0,0,11.023496851155
;145408,0,0,0,0,1.023496851155
;145408,0,0,0,0,6.023496851155
;145408,0,0,0,0,11.023496851155
;100352,0,0,0,0,1.023496851155
;100352,0,0,0,0,6.023496851155
;82329.6,0,0,0,0,1.023496851155
;82329.6,0,0,0,0,6.023496851155
;142950,0,0,0,0,1.023496851155
;142950,0,0,0,0,6.023496851155
;72499.2,0,0,0,0,1.023496851155
;72499.2,0,0,0,0,6.023496851155
;82329.6,0,0,0,0,1.023496851155
;82329.6,0,0,0,0,6.023496851155
;134758,0,0,0,0,1.023496851155
;134758,0,0,0,0,6.023496851155
;124928,0,0,0,0,1.023496851155
;124928,0,0,0,0,6.023496851155
;105267,0,0,0,0,1.023496851155
;105267,0,0,0,0,6.023496851155
;106086,0,0,0,0,1.023496851155
;106086,0,0,0,0,6.023496851155
;78233.6,0,0,0,0,1.023496851155
;78233.6,0,0,0,0,6.023496851155
;79052.8,0,0,0,0,1.023496851155
;79052.8,0,0,0,0,6.023496851155
;79052.8,0,0,0,0,11.023496851155
;96256,0,0,0,0,1.023496851155
;96256,0,0,0,0,6.023496851155
;112640,0,0,0,0,1.023496851155
;112640,0,0,0,0,6.023496851155
;112640,0,0,0,0,11.023496851155
;138035,0,0,0,0,1.023496851155
;138035,0,0,0,0,6.023496851155
;88883.2,0,0,0,0,1.023496851155
;88883.2,0,0,0,0,6.023496851155
;149504,0,0,0,0,1.023496851155
;149504,0,0,0,0,6.023496851155
;149504,0,0,0,0,11.023496851155
;149504,0,0,0,0,16.023496851155
;149504,0,0,0,0,21.023496851155
;149504,0,0,0,0,26.023496851155
;149504,0,0,0,0,31.023496851155
;149504,0,0,0,0,36.023496851155
;149504,0,0,0,0,41.023496851155
;149504,0,0,0,0,46.023496851155
;149504,0,0,0,0,51.023496851155
;149504,0,0,0,0,56.023496851155
;149504,0,0,0,0,61.023496851155
;149504,0,0,0,0,66.023496851155
;149504,0,0,0,0,71.023496851155
;149504,0,0,0,0,76.023496851155
;149504,0,0,0,0,81.023496851155
;149504,0,0,0,0,86.023496851155
;149504,0,0,0,0,91.023496851155
;149504,0,0,0,0,96.023496851155
;149504,0,0,0,0,101.023496851155
;149504,0,0,0,0,106.023496851155
;149504,0,0,0,0,111.023496851155
;149504,0,0,0,0,116.023496851155
;149504,0,0,0,0,121.023496851155
;149504,0,0,0,0,126.023496851155
;149504,0,0,0,0,131.023496851155
;149504,0,0,0,0,136.023496851155
;149504,0,0,0,0,141.023496851155
;149504,0,0,0,0,146.023496851155
;149504,0,0,0,0,151.023496851155
;149504,0,0,0,0,156.023496851155
;149504,0,0,0,0,161.023496851155
;149504,0,0,0,0,166.023496851155
;149504,0,0,0,0,171.023496851155
;149504,0,0,0,0,176.023496851155
;149504,0,0,0,0,181.023496851155
;149504,0,0,0,0,186.023496851155
;149504,0,0,0,0,191.023496851155
;149504,0,0,0,0,196.023496851155
;149504,0,0,0,0,201.023496851155
;149504,0,0,0,0,206.023496851155
;149504,0,0,0,0,211.023496851155
;149504,0,0,0,0,216.023496851155
;149504,0,0,0,0,221.023496851155
;149504,0,0,0,0,226.023496851155
;149504,0,0,0,0,231.023496851155
;149504,0,0,0,0,236.023496851155
;149504,0,0,0,0,241.023496851155
;149504,0,0,0,0,246.023496851155
;149504,0,0,0,0,251.023496851155
;149504,0,0,0,0,256.023496851155
;149504,0,0,0,0,261.023496851155
;149504,0,0,0,0,266.023496851155
;149504,0,0,0,0,271.023496851155
;149504,0,0,0,0,276.023496851155
;149504,0,0,0,0,281.023496851155
;149504,0,0,0,0,286.023496851155
;149504,0,0,0,0,291.023496851155
;149504,0,0,0,0,296.023496851155
;149504,0,0,0,0,301.023496851155
;149504,0,0,0,0,306.023496851155
;149504,0,0,0,0,311.023496851155
;149504,0,0,0,0,316.023496851155
;149504,0,0,0,0,321.023496851155
;149504,0,0,0,0,326.023496851155
;149504,0,0,0,0,331.023496851155
;149504,0,0,0,0,336.023496851155
;149504,0,0,0,0,341.023496851155
;149504,0,0,0,0,346.023496851155
;149504,0,0,0,0,351.023496851155
;149504,0,0,0,0,356.023496851155
;149504,0,0,0,0,361.023496851155
;149504,0,0,0,0,366.023496851155
;149504,0,0,0,0,371.023496851155
;149504,0,0,0,0,376.023496851155
;149504,0,0,0,0,381.023496851155
;149504,0,0,0,0,386.023496851155
;149504,0,0,0,0,391.023496851155
;149504,0,0,0,0,396.023496851155
;149504,0,0,0,0,401.023496851155
;149504,0,0,0,0,406.023496851155
;149504,0,0,0,0,411.023496851155
;149504,0,0,0,0,416.023496851155
;149504,0,0,0,0,421.023496851155
;149504,0,0,0,0,426.023496851155
;149504,0,0,0,0,431.023496851155
;149504,0,0,0,0,436.023496851155
;149504,0,0,0,0,441.023496851155
;149504,0,0,0,0,446.023496851155
;149504,0,0,0,0,451.023496851155
;149504,0,0,0,0,456.023496851155
;149504,0,0,0,0,461.023496851155
;149504,0,0,0,0,466.023496851155
;149504,0,0,0,0,471.023496851155
;149504,0,0,0,0,476.023496851155
;149504,0,0,0,0,481.023496851155
;149504,0,0,0,0,486.023496851155
;149504,0,0,0,0,491.023496851155
;149504,0,0,0,0,496.023496851155
;149504,0,0,0,0,501.023496851155
;149504,0,0,0,0,506.023496851155
;149504,0,0,0,0,511.023496851155
;149504,0,0,0,0,516.023496851155
;149504,0,0,0,0,521.023496851155
;149504,0,0,0,0,526.023496851155
;149504,0,0,0,0,531.023496851155
;149504,0,0,0,0,536.023496851155
;149504,0,0,0,0,541.023496851155
;149504,0,0,0,0,546.023496851155
;149504,0,0,0,0,551.023496851155
;149504,0,0,0,0,556.023496851155
;149504,0,0,0,0,561.023496851155
;149504,0,0,0,0,566.023496851155
;149504,0,0,0,0,571.023496851155
;149504,0,0,0,0,576.023496851155
;149504,0,0,0,0,581.023496851155
;149504,0,0,0,0,586.023496851155
;149504,0,0,0,0,591.023496851155
;149504,0,0,0,0,596.023496851155
;149504,0,0,0,0,601.023496851155
;149504,0,0,0,0,606.023496851155
;149504,0,0,0,0,611.023496851155
;149504,0,0,0,0,616.023496851155
;149504,0,0,0,0,621.023496851155
;149504,0,0,0,0,626.023496851155
;149504,0,0,0,0,631.023496851155
;149504,0,0,0,0,636.023496851155
;149504,0,0,0,0,641.023496851155
;149504,0,0,0,0,646.023496851155
;149504,0,0,0,0,651.023496851155
;149504,0,0,0,0,656.023496851155
;149504,0,0,0,0,661.023496851155
;149504,0,0,0,0,666.023496851155
;149504,0,0,0,0,671.023496851155
;149504,0,0,0,0,676.023496851155
;149504,0,0,0,0,681.023496851155
;149504,0,0,0,0,686.023496851155
;149504,0,0,0,0,691.023496851155
;149504,0,0,0,0,696.023496851155
;149504,0,0,0,0,701.023496851155
;149504,0,0,0,0,706.023496851155
;149504,0,0,0,0,711.023496851155
;149504,0,0,0,0,716.023496851155
;149504,0,0,0,0,721.023496851155
;149504,0,0,0,0,726.023496851155
;149504,0,0,0,0,731.023496851155
;149504,0,0,0,0,736.023496851155
;149504,0,0,0,0,741.023496851155
;149504,0,0,0,0,746.023496851155
;149504,0,0,0,0,751.023496851155
;149504,0,0,0,0,756.023496851155
;149504,0,0,0,0,761.023496851155
;149504,0,0,0,0,766.023496851155
;149504,0,0,0,0,771.023496851155
;149504,0,0,0,0,776.023496851155
;149504,0,0,0,0,781.023496851155
;149504,0,0,0,0,786.023496851155
;149504,0,0,0,0,791.023496851155
;149504,0,0,0,0,796.023496851155
;149504,0,0,0,0,801.023496851155
;149504,0,0,0,0,806.023496851155
;149504,0,0,0,0,811.023496851155
;149504,0,0,0,0,816.023496851155
;149504,0,0,0,0,821.023496851155
;149504,0,0,0,0,826.023496851155
;149504,0,0,0,0,831.023496851155
;149504,0,0,0,0,836.023496851155
;149504,0,0,0,0,841.023496851155
;149504,0,0,0,0,846.023496851155
;149504,0,0,0,0,851.023496851155
;149504,0,0,0,0,856.023496851155
;149504,0,0,0,0,861.023496851155
;149504,0,0,0,0,866.023496851155
;149504,0,0,0,0,871.023496851155
;149504,0,0,0,0,876.023496851155
;149504,0,0,0,0,881.023496851155
;149504,0,0,0,0,886.023496851155
;149504,0,0,0,0,891.023496851155
;149504,0,0,0,0,896.023496851155
;149504,0,0,0,0,901.023496851155
;149504,0,0,0,0,906.023496851155
;149504,0,0,0,0,911.023496851155
;149504,0,0,0,0,916.023496851155
;149504,0,0,0,0,921.023496851155
;149504,0,0,0,0,926.023496851155
;149504,0,0,0,0,931.023496851155
;149504,0,0,0,0,936.023496851155
;149504,0,0,0,0,941.023496851155
;149504,0,0,0,0,946.023496851155
;149504,0,0,0,0,951.023496851155
;149504,0,0,0,0,956.023496851155
;149504,0,0,0,0,961.023496851155
;149504,0,0,0,0,966.023496851155
;149504,0,0,0,0,971.023496851155
;149504,0,0,0,0,976.023496851155
;149504,0,0,0,0,981.023496851155
;149504,0,0,0,0,986.023496851155
;149504,0,0,0,0,991.023496851155
;149504,0,0,0,0,996.023496851155
;149504,0,0,0,0,1001.023496851155
;149504,0,0,0,0,1006.023496851155
;149504,0,0,0,0,1011.023496851155
;149504,0,0,0,0,1016.023496851155
;149504,0,0,0,0,1021.023496851155
;149504,0,0,0,0,1026.023496851155
;149504,0,0,0,0,1031.023496851155
;149504,0,0,0,0,1036.023496851155
;149504,0,0,0,0,1041.023496851155
;149504,0,0,0,0,1046.023496851155
;149504,0,0,0,0,1051.023496851155
;149504,0,0,0,0,1056.023496851155
;149504,0,0,0,0,1061.023496851155
;149504,0,0,0,0,1066.023496851155
;149504,0,0,0,0,1071.023496851155
;149504,0,0,0,0,1076.023496851155
;149504,0,0,0,0,1081.023496851155
;149504,0,0,0,0,1086.023496851155
;149504,0,0,0,0,1091.023496851155
;149504,0,0,0,0,1096.023496851155
;149504,0,0,0,0,1101.023496851155
;149504,0,0,0,0,1106.023496851155
;149504,0,0,0,0,1111.023496851155
;149504,0,0,0,0,1116.023496851155
;149504,0,0,0,0,1121.023496851155
;149504,0,0,0,0,1126.023496851155
;149504,0,0,0,0,1131.023496851155
;149504,0,0,0,0,1136.023496851155
;149504,0,0,0,0,1141.023496851155
;149504,0,0,0,0,1146.023496851155
;149504,0,0,0,0,1151.023496851155
;149504,0,0,0,0,1156.023496851155
;149504,0,0,0,0,1161.023496851155
;149504,0,0,0,0,1166.023496851155
;149504,0,0,0,0,1171.023496851155
;149504,0,0,0,0,1176.023496851155
;149504,0,0,0,0,1181.023496851155
;149504,0,0,0,0,1186.023496851155
;149504,0,0,0,0,1191.023496851155
;149504,0,0,0,0,1196.023496851155
;149504,0,0,0,0,1201.023496851155
;149504,0,0,0,0,1206.023496851155
;149504,0,0,0,0,1211.023496851155
;149504,0,0,0,0,1216.023496851155
;149504,0,0,0,0,1221.023496851155
;149504,0,0,0,0,1226.023496851155
;149504,0,0,0,0,1231.023496851155
;149504,0,0,0,0,1236.023496851155
;149504,0,0,0,0,1241.023496851155
;149504,0,0,0,0,1246.023496851155
;149504,0,0,0,0,1251.023496851155
;149504,0,0,0,0,1256.023496851155
;149504,0,0,0,0,1261.023496851155
;149504,0,0,0,0,1266.023496851155
;149504,0,0,0,0,1271.023496851155
;149504,0,0,0,0,1276.023496851155
;149504,0,0,0,0,1281.023496851155
;149504,0,0,0,0,1286.023496851155
;149504,0,0,0,0,1291.023496851155
;149504,0,0,0,0,1296.023496851155
;149504,0,0,0,0,1301.023496851155
;149504,0,0,0,0,1306.023496851155
;149504,0,0,0,0,1311.023496851155
;149504,0,0,0,0,1316.023496851155
;149504,0,0,0,0,1321.023496851155
;149504,0,0,0,0,1326.023496851155
;149504,0,0,0,0,1331.023496851155
;149504,0,0,0,0,1336.023496851155
;149504,0,0,0,0,1341.023496851155
;149504,0,0,0,0,1346.023496851155
;149504,0,0,0,0,1351.023496851155
;149504,0,0,0,0,1356.023496851155
;149504,0,0,0,0,1361.023496851155
;149504,0,0,0,0,1366.023496851155
;149504,0,0,0,0,1371.023496851155
;149504,0,0,0,0,1376.023496851155
;129024,0,0,0,0,1.023496851155
;129024,0,0,0,0,6.023496851155
;129024,0,0,0,0,11.023496851155
;129024,0,0,0,0,16.023496851155
;129024,0,0,0,0,21.023496851155
;129024,0,0,0,0,26.023496851155
;129024,0,0,0,0,31.023496851155
;129024,0,0,0,0,36.023496851155
;129024,0,0,0,0,41.023496851155
;129024,0,0,0,0,46.023496851155
;129024,0,0,0,0,51.023496851155
;129024,0,0,0,0,56.023496851155
;129024,0,0,0,0,61.023496851155
;129024,0,0,0,0,66.023496851155
;129024,0,0,0,0,71.023496851155
;129024,0,0,0,0,76.023496851155
;129024,0,0,0,0,81.023496851155
;129024,0,0,0,0,86.023496851155
;129024,0,0,0,0,91.023496851155
;129024,0,0,0,0,96.023496851155
;129024,0,0,0,0,101.023496851155
;129024,0,0,0,0,106.023496851155
;129024,0,0,0,0,111.023496851155
;129024,0,0,0,0,116.023496851155
;129024,0,0,0,0,121.023496851155
;129024,0,0,0,0,126.023496851155
;129024,0,0,0,0,131.023496851155
;129024,0,0,0,0,136.023496851155
;129024,0,0,0,0,141.023496851155
;129024,0,0,0,0,146.023496851155
;129024,0,0,0,0,151.023496851155
;129024,0,0,0,0,156.023496851155
;129024,0,0,0,0,161.023496851155
;129024,0,0,0,0,166.023496851155
;129024,0,0,0,0,171.023496851155
;129024,0,0,0,0,176.023496851155
;129024,0,0,0,0,181.023496851155
;129024,0,0,0,0,186.023496851155
;129024,0,0,0,0,191.023496851155
;129024,0,0,0,0,196.023496851155
;129024,0,0,0,0,201.023496851155
;129024,0,0,0,0,206.023496851155
;129024,0,0,0,0,211.023496851155
;129024,0,0,0,0,216.023496851155
;129024,0,0,0,0,221.023496851155
;129024,0,0,0,0,226.023496851155
;129024,0,0,0,0,231.023496851155
;129024,0,0,0,0,236.023496851155
;129024,0,0,0,0,241.023496851155
;129024,0,0,0,0,246.023496851155
;129024,0,0,0,0,251.023496851155
;129024,0,0,0,0,256.023496851155
;129024,0,0,0,0,261.023496851155
;129024,0,0,0,0,266.023496851155
;129024,0,0,0,0,271.023496851155
;129024,0,0,0,0,276.023496851155
;129024,0,0,0,0,281.023496851155
;129024,0,0,0,0,286.023496851155
;129024,0,0,0,0,291.023496851155
;129024,0,0,0,0,296.023496851155
;129024,0,0,0,0,301.023496851155
;129024,0,0,0,0,306.023496851155
;129024,0,0,0,0,311.023496851155
;129024,0,0,0,0,316.023496851155
;129024,0,0,0,0,321.023496851155
;129024,0,0,0,0,326.023496851155
;129024,0,0,0,0,331.023496851155
;129024,0,0,0,0,336.023496851155
;129024,0,0,0,0,341.023496851155
;129024,0,0,0,0,346.023496851155
;129024,0,0,0,0,351.023496851155
;129024,0,0,0,0,356.023496851155
;129024,0,0,0,0,361.023496851155
;129024,0,0,0,0,366.023496851155
;129024,0,0,0,0,371.023496851155
;129024,0,0,0,0,376.023496851155
;129024,0,0,0,0,381.023496851155
;129024,0,0,0,0,386.023496851155
;129024,0,0,0,0,391.023496851155
;129024,0,0,0,0,396.023496851155
;129024,0,0,0,0,401.023496851155
;129024,0,0,0,0,406.023496851155
;129024,0,0,0,0,411.023496851155
;129024,0,0,0,0,416.023496851155
;129024,0,0,0,0,421.023496851155
;129024,0,0,0,0,426.023496851155
;129024,0,0,0,0,431.023496851155
;129024,0,0,0,0,436.023496851155
;129024,0,0,0,0,441.023496851155
;129024,0,0,0,0,446.023496851155
;129024,0,0,0,0,451.023496851155
;129024,0,0,0,0,456.023496851155
;129024,0,0,0,0,461.023496851155
;129024,0,0,0,0,466.023496851155
;129024,0,0,0,0,471.023496851155
;129024,0,0,0,0,476.023496851155
;129024,0,0,0,0,481.023496851155
;129024,0,0,0,0,486.023496851155
;129024,0,0,0,0,491.023496851155
;129024,0,0,0,0,496.023496851155
;129024,0,0,0,0,501.023496851155
;129024,0,0,0,0,506.023496851155
;129024,0,0,0,0,511.023496851155
;129024,0,0,0,0,516.023496851155
;129024,0,0,0,0,521.023496851155
;129024,0,0,0,0,526.023496851155
;129024,0,0,0,0,531.023496851155
;129024,0,0,0,0,536.023496851155
;129024,0,0,0,0,541.023496851155
;129024,0,0,0,0,546.023496851155
;129024,0,0,0,0,551.023496851155
;129024,0,0,0,0,556.023496851155
;129024,0,0,0,0,561.023496851155
;129024,0,0,0,0,566.023496851155
;129024,0,0,0,0,571.023496851155
;129024,0,0,0,0,576.023496851155
;129024,0,0,0,0,581.023496851155
;129024,0,0,0,0,586.023496851155
;129024,0,0,0,0,591.023496851155
;129024,0,0,0,0,596.023496851155
;129024,0,0,0,0,601.023496851155
;129024,0,0,0,0,606.023496851155
;129024,0,0,0,0,611.023496851155
;129024,0,0,0,0,616.023496851155
;129024,0,0,0,0,621.023496851155
;129024,0,0,0,0,626.023496851155
;129024,0,0,0,0,631.023496851155
;129024,0,0,0,0,636.023496851155
;129024,0,0,0,0,641.023496851155
;129024,0,0,0,0,646.023496851155
;129024,0,0,0,0,651.023496851155
;129024,0,0,0,0,656.023496851155
;129024,0,0,0,0,661.023496851155
;129024,0,0,0,0,666.023496851155
;129024,0,0,0,0,671.023496851155
;129024,0,0,0,0,676.023496851155
;129024,0,0,0,0,681.023496851155
;129024,0,0,0,0,686.023496851155
;129024,0,0,0,0,691.023496851155
;129024,0,0,0,0,696.023496851155
;129024,0,0,0,0,701.023496851155
;129024,0,0,0,0,706.023496851155
;129024,0,0,0,0,711.023496851155
;129024,0,0,0,0,716.023496851155
;129024,0,0,0,0,721.023496851155
;129024,0,0,0,0,726.023496851155
;129024,0,0,0,0,731.023496851155
;129024,0,0,0,0,736.023496851155
;129024,0,0,0,0,741.023496851155
;129024,0,0,0,0,746.023496851155
;129024,0,0,0,0,751.023496851155
;129024,0,0,0,0,756.023496851155
;129024,0,0,0,0,761.023496851155
;129024,0,0,0,0,766.023496851155
;129024,0,0,0,0,771.023496851155
;129024,0,0,0,0,776.023496851155
;129024,0,0,0,0,781.023496851155
;129024,0,0,0,0,786.023496851155
;129024,0,0,0,0,791.023496851155
;129024,0,0,0,0,796.023496851155
;129024,0,0,0,0,801.023496851155
;129024,0,0,0,0,806.023496851155
;129024,0,0,0,0,811.023496851155
;129024,0,0,0,0,816.023496851155
;129024,0,0,0,0,821.023496851155
;129024,0,0,0,0,826.023496851155
;129024,0,0,0,0,831.023496851155
;129024,0,0,0,0,836.023496851155
;129024,0,0,0,0,841.023496851155
;129024,0,0,0,0,846.023496851155
;129024,0,0,0,0,851.023496851155
;129024,0,0,0,0,856.023496851155
;129024,0,0,0,0,861.023496851155
;129024,0,0,0,0,866.023496851155
;129024,0,0,0,0,871.023496851155
;129024,0,0,0,0,876.023496851155
;129024,0,0,0,0,881.023496851155
;129024,0,0,0,0,886.023496851155
;129024,0,0,0,0,891.023496851155
;129024,0,0,0,0,896.023496851155
;129024,0,0,0,0,901.023496851155
;129024,0,0,0,0,906.023496851155
;129024,0,0,0,0,911.023496851155
;129024,0,0,0,0,916.023496851155
;129024,0,0,0,0,921.023496851155
;129024,0,0,0,0,926.023496851155
;129024,0,0,0,0,931.023496851155
;129024,0,0,0,0,936.023496851155
;129024,0,0,0,0,941.023496851155
;129024,0,0,0,0,946.023496851155
;129024,0,0,0,0,951.023496851155
;129024,0,0,0,0,956.023496851155
;129024,0,0,0,0,961.023496851155
;129024,0,0,0,0,966.023496851155
;129024,0,0,0,0,971.023496851155
;129024,0,0,0,0,976.023496851155
;129024,0,0,0,0,981.023496851155
;129024,0,0,0,0,986.023496851155
;129024,0,0,0,0,991.023496851155
;129024,0,0,0,0,996.023496851155
;129024,0,0,0,0,1001.023496851155
;129024,0,0,0,0,1006.023496851155
;129024,0,0,0,0,1011.023496851155
;129024,0,0,0,0,1016.023496851155
;129024,0,0,0,0,1021.023496851155
;129024,0,0,0,0,1026.023496851155
;129024,0,0,0,0,1031.023496851155
;129024,0,0,0,0,1036.023496851155
;129024,0,0,0,0,1041.023496851155
;129024,0,0,0,0,1046.023496851155
;129024,0,0,0,0,1051.023496851155
;129024,0,0,0,0,1056.023496851155
;129024,0,0,0,0,1061.023496851155
;129024,0,0,0,0,1066.023496851155
;129024,0,0,0,0,1071.023496851155
;129024,0,0,0,0,1076.023496851155
;129024,0,0,0,0,1081.023496851155
;129024,0,0,0,0,1086.023496851155
;129024,0,0,0,0,1091.023496851155
;129024,0,0,0,0,1096.023496851155
;129024,0,0,0,0,1101.023496851155
;129024,0,0,0,0,1106.023496851155
;129024,0,0,0,0,1111.023496851155
;129024,0,0,0,0,1116.023496851155
;129024,0,0,0,0,1121.023496851155
;129024,0,0,0,0,1126.023496851155
;129024,0,0,0,0,1131.023496851155
;129024,0,0,0,0,1136.023496851155
;129024,0,0,0,0,1141.023496851155
;129024,0,0,0,0,1146.023496851155
;129024,0,0,0,0,1151.023496851155
;129024,0,0,0,0,1156.023496851155
;129024,0,0,0,0,1161.023496851155
;129024,0,0,0,0,1166.023496851155
;129024,0,0,0,0,1171.023496851155
;129024,0,0,0,0,1176.023496851155
;129024,0,0,0,0,1181.023496851155
;129024,0,0,0,0,1186.023496851155
;129024,0,0,0,0,1191.023496851155
;129024,0,0,0,0,1196.023496851155
;129024,0,0,0,0,1201.023496851155
;129024,0,0,0,0,1206.023496851155
;129024,0,0,0,0,1211.023496851155
;129024,0,0,0,0,1216.023496851155
;129024,0,0,0,0,1221.023496851155
;129024,0,0,0,0,1226.023496851155
;129024,0,0,0,0,1231.023496851155
;129024,0,0,0,0,1236.023496851155
;129024,0,0,0,0,1241.023496851155
;129024,0,0,0,0,1246.023496851155
;129024,0,0,0,0,1251.023496851155
;129024,0,0,0,0,1256.023496851155
;129024,0,0,0,0,1261.023496851155
;129024,0,0,0,0,1266.023496851155
;129024,0,0,0,0,1271.023496851155
;129024,0,0,0,0,1276.023496851155
;129024,0,0,0,0,1281.023496851155
;129024,0,0,0,0,1286.023496851155
;129024,0,0,0,0,1291.023496851155
;129024,0,0,0,0,1296.023496851155
;129024,0,0,0,0,1301.023496851155
;129024,0,0,0,0,1306.023496851155
;129024,0,0,0,0,1311.023496851155
;129024,0,0,0,0,1316.023496851155
;129024,0,0,0,0,1321.023496851155
;129024,0,0,0,0,1326.023496851155
;129024,0,0,0,0,1331.023496851155
;129024,0,0,0,0,1336.023496851155
;129024,0,0,0,0,1341.023496851155
;129024,0,0,0,0,1346.023496851155
;129024,0,0,0,0,1351.023496851155
;129024,0,0,0,0,1356.023496851155
;129024,0,0,0,0,1361.023496851155
;129024,0,0,0,0,1366.023496851155
;129024,0,0,0,0,1371.023496851155
;129024,0,0,0,0,1376.023496851155
;129024,0,0,0,0,1381.023496851155
;129024,0,0,0,0,1386.023496851155
;129024,0,0,0,0,1391.023496851155
;129024,0,0,0,0,1396.023496851155
;129024,0,0,0,0,1401.023496851155
;129024,0,0,0,0,1406.023496851155
;129024,0,0,0,0,1411.023496851155
;129024,0,0,0,0,1416.023496851155
;129024,0,0,0,0,1421.023496851155
;129024,0,0,0,0,1426.023496851155
;129024,0,0,0,0,1431.023496851155
;129024,0,0,0,0,1436.023496851155
;129024,0,0,0,0,1441.023496851155
;129024,0,0,0,0,1446.023496851155
;129024,0,0,0,0,1451.023496851155
;129024,0,0,0,0,1456.023496851155
;129024,0,0,0,0,1461.023496851155
;129024,0,0,0,0,1466.023496851155
;129024,0,0,0,0,1471.023496851155
;129024,0,0,0,0,1476.023496851155
;129024,0,0,0,0,1481.023496851155
;129024,0,0,0,0,1486.023496851155
;129024,0,0,0,0,1491.023496851155
;129024,0,0,0,0,1496.023496851155
;129024,0,0,0,0,1501.023496851155
;129024,0,0,0,0,1506.023496851155
;129024,0,0,0,0,1511.023496851155
;129024,0,0,0,0,1516.023496851155
;129024,0,0,0,0,1521.023496851155
;129024,0,0,0,0,1526.023496851155
;129024,0,0,0,0,1531.023496851155
;129024,0,0,0,0,1536.023496851155
;129024,0,0,0,0,1541.023496851155
;129024,0,0,0,0,1546.023496851155
;129024,0,0,0,0,1551.023496851155
;129024,0,0,0,0,1556.023496851155
;129024,0,0,0,0,1561.023496851155
;129024,0,0,0,0,1566.023496851155
;129024,0,0,0,0,1571.023496851155
;129024,0,0,0,0,1576.023496851155
;129024,0,0,0,0,1581.023496851155
;129024,0,0,0,0,1586.023496851155
;129024,0,0,0,0,1591.023496851155
;129024,0,0,0,0,1596.023496851155
;129024,0,0,0,0,1601.023496851155
;129024,0,0,0,0,1606.023496851155
;129024,0,0,0,0,1611.023496851155
;129024,0,0,0,0,1616.023496851155
;129024,0,0,0,0,1621.023496851155
;129024,0,0,0,0,1626.023496851155
;129024,0,0,0,0,1631.023496851155
;129024,0,0,0,0,1636.023496851155
;129024,0,0,0,0,1641.023496851155
;129024,0,0,0,0,1646.023496851155
;129024,0,0,0,0,1651.023496851155
;129024,0,0,0,0,1656.023496851155
;129024,0,0,0,0,1661.023496851155
;129024,0,0,0,0,1666.023496851155
;129024,0,0,0,0,1671.023496851155
;129024,0,0,0,0,1676.023496851155
;129024,0,0,0,0,1681.023496851155
;129024,0,0,0,0,1686.023496851155
;129024,0,0,0,0,1691.023496851155
;129024,0,0,0,0,1696.023496851155
;129024,0,0,0,0,1701.023496851155
;129024,0,0,0,0,1706.023496851155
;129024,0,0,0,0,1711.023496851155
;129024,0,0,0,0,1716.023496851155
;129024,0,0,0,0,1721.023496851155
;129024,0,0,0,0,1726.023496851155
;129024,0,0,0,0,1731.023496851155
;129024,0,0,0,0,1736.023496851155
;129024,0,0,0,0,1741.023496851155
;129024,0,0,0,0,1746.023496851155
;129024,0,0,0,0,1751.023496851155
;129024,0,0,0,0,1756.023496851155
;129024,0,0,0,0,1761.023496851155
;129024,0,0,0,0,1766.023496851155
;129024,0,0,0,0,1771.023496851155
;129024,0,0,0,0,1776.023496851155
;129024,0,0,0,0,1781.023496851155
;129024,0,0,0,0,1786.023496851155
;129024,0,0,0,0,1791.023496851155
;129024,0,0,0,0,1796.023496851155
;129024,0,0,0,0,1801.023496851155
;129024,0,0,0,0,1806.023496851155
;129024,0,0,0,0,1811.023496851155
;129024,0,0,0,0,1816.023496851155
;129024,0,0,0,0,1821.023496851155
;129024,0,0,0,0,1826.023496851155
;129024,0,0,0,0,1831.023496851155
;129024,0,0,0,0,1836.023496851155
;129024,0,0,0,0,1841.023496851155
;129024,0,0,0,0,1846.023496851155
;129024,0,0,0,0,1851.023496851155
;129024,0,0,0,0,1856.023496851155
;129024,0,0,0,0,1861.023496851155
;129024,0,0,0,0,1866.023496851155
;129024,0,0,0,0,1871.023496851155
;129024,0,0,0,0,1876.023496851155
;129024,0,0,0,0,1881.023496851155
;129024,0,0,0,0,1886.023496851155
;129024,0,0,0,0,1891.023496851155
;129024,0,0,0,0,1896.023496851155
;129024,0,0,0,0,1901.023496851155
;129024,0,0,0,0,1906.023496851155
;129024,0,0,0,0,1911.023496851155
;129024,0,0,0,0,1916.023496851155
;129024,0,0,0,0,1921.023496851155
;129024,0,0,0,0,1926.023496851155
;129024,0,0,0,0,1931.023496851155
;129024,0,0,0,0,1936.023496851155
;129024,0,0,0,0,1941.023496851155
;129024,0,0,0,0,1946.023496851155
;129024,0,0,0,0,1951.023496851155
;129024,0,0,0,0,1956.023496851155
;129024,0,0,0,0,1961.023496851155
;129024,0,0,0,0,1966.023496851155
;129024,0,0,0,0,1971.023496851155
;129024,0,0,0,0,1976.023496851155
;129024,0,0,0,0,1981.023496851155
;129024,0,0,0,0,1986.023496851155
;129024,0,0,0,0,1991.023496851155
;129024,0,0,0,0,1996.023496851155
;150323,0,0,0,0,1.023496851155
;150323,0,0,0,0,6.023496851155
;150323,0,0,0,0,11.023496851155
;150323,0,0,0,0,16.023496851155
;150323,0,0,0,0,21.023496851155
;150323,0,0,0,0,26.023496851155
;150323,0,0,0,0,31.023496851155
;150323,0,0,0,0,36.023496851155
;150323,0,0,0,0,41.023496851155
;150323,0,0,0,0,46.023496851155
;150323,0,0,0,0,51.023496851155
;150323,0,0,0,0,56.023496851155
;150323,0,0,0,0,61.023496851155
;150323,0,0,0,0,66.023496851155
;150323,0,0,0,0,71.023496851155
;150323,0,0,0,0,76.023496851155
;150323,0,0,0,0,81.023496851155
;150323,0,0,0,0,86.023496851155
;150323,0,0,0,0,91.023496851155
;150323,0,0,0,0,96.023496851155
;150323,0,0,0,0,101.023496851155
;150323,0,0,0,0,106.023496851155
;150323,0,0,0,0,111.023496851155
;150323,0,0,0,0,116.023496851155
;150323,0,0,0,0,121.023496851155
;150323,0,0,0,0,126.023496851155
;150323,0,0,0,0,131.023496851155
;150323,0,0,0,0,136.023496851155
;150323,0,0,0,0,141.023496851155
;150323,0,0,0,0,146.023496851155
;150323,0,0,0,0,151.023496851155
;150323,0,0,0,0,156.023496851155
;150323,0,0,0,0,161.023496851155
;150323,0,0,0,0,166.023496851155
;150323,0,0,0,0,171.023496851155
;150323,0,0,0,0,176.023496851155
;150323,0,0,0,0,181.023496851155
;150323,0,0,0,0,186.023496851155
;150323,0,0,0,0,191.023496851155
;150323,0,0,0,0,196.023496851155
;150323,0,0,0,0,201.023496851155
;150323,0,0,0,0,206.023496851155
;150323,0,0,0,0,211.023496851155
;150323,0,0,0,0,216.023496851155
;150323,0,0,0,0,221.023496851155
;150323,0,0,0,0,226.023496851155
;150323,0,0,0,0,231.023496851155
;150323,0,0,0,0,236.023496851155
;150323,0,0,0,0,241.023496851155
;150323,0,0,0,0,246.023496851155
;150323,0,0,0,0,251.023496851155
;150323,0,0,0,0,256.023496851155
;150323,0,0,0,0,261.023496851155
;150323,0,0,0,0,266.023496851155
;150323,0,0,0,0,271.023496851155
;150323,0,0,0,0,276.023496851155
;150323,0,0,0,0,281.023496851155
;150323,0,0,0,0,286.023496851155
;150323,0,0,0,0,291.023496851155
;150323,0,0,0,0,296.023496851155
;150323,0,0,0,0,301.023496851155
;150323,0,0,0,0,306.023496851155
;150323,0,0,0,0,311.023496851155
;150323,0,0,0,0,316.023496851155
;150323,0,0,0,0,321.023496851155
;150323,0,0,0,0,326.023496851155
;150323,0,0,0,0,331.023496851155
;150323,0,0,0,0,336.023496851155
;150323,0,0,0,0,341.023496851155
;150323,0,0,0,0,346.023496851155
;150323,0,0,0,0,351.023496851155
;150323,0,0,0,0,356.023496851155
;150323,0,0,0,0,361.023496851155
;150323,0,0,0,0,366.023496851155
;150323,0,0,0,0,371.023496851155
;150323,0,0,0,0,376.023496851155
;150323,0,0,0,0,381.023496851155
;150323,0,0,0,0,386.023496851155
;150323,0,0,0,0,391.023496851155
;150323,0,0,0,0,396.023496851155
;150323,0,0,0,0,401.023496851155
;150323,0,0,0,0,406.023496851155
;150323,0,0,0,0,411.023496851155
;150323,0,0,0,0,416.023496851155
;150323,0,0,0,0,421.023496851155
;150323,0,0,0,0,426.023496851155
;150323,0,0,0,0,431.023496851155
;150323,0,0,0,0,436.023496851155
;150323,0,0,0,0,441.023496851155
;150323,0,0,0,0,446.023496851155
;150323,0,0,0,0,451.023496851155
;150323,0,0,0,0,456.023496851155
;150323,0,0,0,0,461.023496851155
;150323,0,0,0,0,466.023496851155
;150323,0,0,0,0,471.023496851155
;150323,0,0,0,0,476.023496851155
;150323,0,0,0,0,481.023496851155
;150323,0,0,0,0,486.023496851155
;150323,0,0,0,0,491.023496851155
;150323,0,0,0,0,496.023496851155
;150323,0,0,0,0,501.023496851155
;150323,0,0,0,0,506.023496851155
;150323,0,0,0,0,511.023496851155
;150323,0,0,0,0,516.023496851155
;150323,0,0,0,0,521.023496851155
;150323,0,0,0,0,526.023496851155
;150323,0,0,0,0,531.023496851155
;150323,0,0,0,0,536.023496851155
;150323,0,0,0,0,541.023496851155
;150323,0,0,0,0,546.023496851155
;150323,0,0,0,0,551.023496851155
;150323,0,0,0,0,556.023496851155
;150323,0,0,0,0,561.023496851155
;150323,0,0,0,0,566.023496851155
;150323,0,0,0,0,571.023496851155
;150323,0,0,0,0,576.023496851155
;150323,0,0,0,0,581.023496851155
;150323,0,0,0,0,586.023496851155
;150323,0,0,0,0,591.023496851155
;150323,0,0,0,0,596.023496851155
;150323,0,0,0,0,601.023496851155
;150323,0,0,0,0,606.023496851155
;150323,0,0,0,0,611.023496851155
;150323,0,0,0,0,616.023496851155
;150323,0,0,0,0,621.023496851155
;150323,0,0,0,0,626.023496851155
;150323,0,0,0,0,631.023496851155
;150323,0,0,0,0,636.023496851155
;150323,0,0,0,0,641.023496851155
;150323,0,0,0,0,646.023496851155
;150323,0,0,0,0,651.023496851155
;150323,0,0,0,0,656.023496851155
;150323,0,0,0,0,661.023496851155
;150323,0,0,0,0,666.023496851155
;150323,0,0,0,0,671.023496851155
;150323,0,0,0,0,676.023496851155
;150323,0,0,0,0,681.023496851155
;150323,0,0,0,0,686.023496851155
;150323,0,0,0,0,691.023496851155
;150323,0,0,0,0,696.023496851155
;150323,0,0,0,0,701.023496851155
;150323,0,0,0,0,706.023496851155
;150323,0,0,0,0,711.023496851155
;150323,0,0,0,0,716.023496851155
;150323,0,0,0,0,721.023496851155
;150323,0,0,0,0,726.023496851155
;150323,0,0,0,0,731.023496851155
;150323,0,0,0,0,736.023496851155
;150323,0,0,0,0,741.023496851155
;150323,0,0,0,0,746.023496851155
;150323,0,0,0,0,751.023496851155
;150323,0,0,0,0,756.023496851155
;150323,0,0,0,0,761.023496851155
;150323,0,0,0,0,766.023496851155
;150323,0,0,0,0,771.023496851155
;150323,0,0,0,0,776.023496851155
;150323,0,0,0,0,781.023496851155
;150323,0,0,0,0,786.023496851155
;150323,0,0,0,0,791.023496851155
;150323,0,0,0,0,796.023496851155
;150323,0,0,0,0,801.023496851155
;150323,0,0,0,0,806.023496851155
;150323,0,0,0,0,811.023496851155
;150323,0,0,0,0,816.023496851155
;150323,0,0,0,0,821.023496851155
;150323,0,0,0,0,826.023496851155
;150323,0,0,0,0,831.023496851155
;150323,0,0,0,0,836.023496851155
;150323,0,0,0,0,841.023496851155
;150323,0,0,0,0,846.023496851155
;150323,0,0,0,0,851.023496851155
;150323,0,0,0,0,856.023496851155
;150323,0,0,0,0,861.023496851155
;150323,0,0,0,0,866.023496851155
;150323,0,0,0,0,871.023496851155
;150323,0,0,0,0,876.023496851155
;150323,0,0,0,0,881.023496851155
;150323,0,0,0,0,886.023496851155
;150323,0,0,0,0,891.023496851155
;150323,0,0,0,0,896.023496851155
;150323,0,0,0,0,901.023496851155
;150323,0,0,0,0,906.023496851155
;150323,0,0,0,0,911.023496851155
;150323,0,0,0,0,916.023496851155
;150323,0,0,0,0,921.023496851155
;150323,0,0,0,0,926.023496851155
;150323,0,0,0,0,931.023496851155
;150323,0,0,0,0,936.023496851155
;150323,0,0,0,0,941.023496851155
;150323,0,0,0,0,946.023496851155
;150323,0,0,0,0,951.023496851155
;150323,0,0,0,0,956.023496851155
;150323,0,0,0,0,961.023496851155
;150323,0,0,0,0,966.023496851155
;150323,0,0,0,0,971.023496851155
;150323,0,0,0,0,976.023496851155
;150323,0,0,0,0,981.023496851155
;150323,0,0,0,0,986.023496851155
;150323,0,0,0,0,991.023496851155
;150323,0,0,0,0,996.023496851155
;150323,0,0,0,0,1001.023496851155
;150323,0,0,0,0,1006.023496851155
;150323,0,0,0,0,1011.023496851155
;150323,0,0,0,0,1016.023496851155
;150323,0,0,0,0,1021.023496851155
;150323,0,0,0,0,1026.023496851155
;150323,0,0,0,0,1031.023496851155
;150323,0,0,0,0,1036.023496851155
;150323,0,0,0,0,1041.023496851155
;150323,0,0,0,0,1046.023496851155
;150323,0,0,0,0,1051.023496851155
;150323,0,0,0,0,1056.023496851155
;150323,0,0,0,0,1061.023496851155
;150323,0,0,0,0,1066.023496851155
;150323,0,0,0,0,1071.023496851155
;150323,0,0,0,0,1076.023496851155
;150323,0,0,0,0,1081.023496851155
;150323,0,0,0,0,1086.023496851155
;150323,0,0,0,0,1091.023496851155
;150323,0,0,0,0,1096.023496851155
;150323,0,0,0,0,1101.023496851155
;150323,0,0,0,0,1106.023496851155
;150323,0,0,0,0,1111.023496851155
;150323,0,0,0,0,1116.023496851155
;150323,0,0,0,0,1121.023496851155
;150323,0,0,0,0,1126.023496851155
;150323,0,0,0,0,1131.023496851155
;150323,0,0,0,0,1136.023496851155
;150323,0,0,0,0,1141.023496851155
;150323,0,0,0,0,1146.023496851155
;150323,0,0,0,0,1151.023496851155
;150323,0,0,0,0,1156.023496851155
;150323,0,0,0,0,1161.023496851155
;150323,0,0,0,0,1166.023496851155
;150323,0,0,0,0,1171.023496851155
;150323,0,0,0,0,1176.023496851155
;150323,0,0,0,0,1181.023496851155
;150323,0,0,0,0,1186.023496851155
;150323,0,0,0,0,1191.023496851155
;150323,0,0,0,0,1196.023496851155
;150323,0,0,0,0,1201.023496851155
;150323,0,0,0,0,1206.023496851155
;150323,0,0,0,0,1211.023496851155
;150323,0,0,0,0,1216.023496851155
;150323,0,0,0,0,1221.023496851155
;150323,0,0,0,0,1226.023496851155
;150323,0,0,0,0,1231.023496851155
;150323,0,0,0,0,1236.023496851155
;150323,0,0,0,0,1241.023496851155
;150323,0,0,0,0,1246.023496851155
;150323,0,0,0,0,1251.023496851155
;150323,0,0,0,0,1256.023496851155
;150323,0,0,0,0,1261.023496851155
;150323,0,0,0,0,1266.023496851155
;150323,0,0,0,0,1271.023496851155
;150323,0,0,0,0,1276.023496851155
;150323,0,0,0,0,1281.023496851155
;150323,0,0,0,0,1286.023496851155
;150323,0,0,0,0,1291.023496851155
;150323,0,0,0,0,1296.023496851155
;150323,0,0,0,0,1301.023496851155
;150323,0,0,0,0,1306.023496851155
;150323,0,0,0,0,1311.023496851155
;150323,0,0,0,0,1316.023496851155
;150323,0,0,0,0,1321.023496851155
;150323,0,0,0,0,1326.023496851155
;150323,0,0,0,0,1331.023496851155
;150323,0,0,0,0,1336.023496851155
;150323,0,0,0,0,1341.023496851155
;150323,0,0,0,0,1346.023496851155
;150323,0,0,0,0,1351.023496851155
;150323,0,0,0,0,1356.023496851155
;150323,0,0,0,0,1361.023496851155
;150323,0,0,0,0,1366.023496851155
;150323,0,0,0,0,1371.023496851155
;150323,0,0,0,0,1376.023496851155
;150323,0,0,0,0,1381.023496851155
;150323,0,0,0,0,1386.023496851155
;150323,0,0,0,0,1391.023496851155
;150323,0,0,0,0,1396.023496851155
;150323,0,0,0,0,1401.023496851155
;150323,0,0,0,0,1406.023496851155
;150323,0,0,0,0,1411.023496851155
;150323,0,0,0,0,1416.023496851155
;150323,0,0,0,0,1421.023496851155
;150323,0,0,0,0,1426.023496851155
;150323,0,0,0,0,1431.023496851155
;150323,0,0,0,0,1436.023496851155
;150323,0,0,0,0,1441.023496851155
;150323,0,0,0,0,1446.023496851155
;150323,0,0,0,0,1451.023496851155
;150323,0,0,0,0,1456.023496851155
;150323,0,0,0,0,1461.023496851155
;150323,0,0,0,0,1466.023496851155
;150323,0,0,0,0,1471.023496851155
;150323,0,0,0,0,1476.023496851155
;150323,0,0,0,0,1481.023496851155
;150323,0,0,0,0,1486.023496851155
;150323,0,0,0,0,1491.023496851155
;150323,0,0,0,0,1496.023496851155
;150323,0,0,0,0,1501.023496851155
;150323,0,0,0,0,1506.023496851155
;150323,0,0,0,0,1511.023496851155
;150323,0,0,0,0,1516.023496851155
;150323,0,0,0,0,1521.023496851155
;150323,0,0,0,0,1526.023496851155
;150323,0,0,0,0,1531.023496851155
;150323,0,0,0,0,1536.023496851155
;150323,0,0,0,0,1541.023496851155
;150323,0,0,0,0,1546.023496851155
;150323,0,0,0,0,1551.023496851155
;150323,0,0,0,0,1556.023496851155
;150323,0,0,0,0,1561.023496851155
;150323,0,0,0,0,1566.023496851155
;150323,0,0,0,0,1571.023496851155
;150323,0,0,0,0,1576.023496851155
;150323,0,0,0,0,1581.023496851155
;150323,0,0,0,0,1586.023496851155
;150323,0,0,0,0,1591.023496851155
;150323,0,0,0,0,1596.023496851155
;150323,0,0,0,0,1601.023496851155
;150323,0,0,0,0,1606.023496851155
;150323,0,0,0,0,1611.023496851155
;150323,0,0,0,0,1616.023496851155
;150323,0,0,0,0,1621.023496851155
;150323,0,0,0,0,1626.023496851155
;150323,0,0,0,0,1631.023496851155
;150323,0,0,0,0,1636.023496851155
;150323,0,0,0,0,1641.023496851155
;150323,0,0,0,0,1646.023496851155
;150323,0,0,0,0,1651.023496851155
;150323,0,0,0,0,1656.023496851155
;150323,0,0,0,0,1661.023496851155
;150323,0,0,0,0,1666.023496851155
;150323,0,0,0,0,1671.023496851155
;150323,0,0,0,0,1676.023496851155
;150323,0,0,0,0,1681.023496851155
;150323,0,0,0,0,1686.023496851155
;150323,0,0,0,0,1691.023496851155
;150323,0,0,0,0,1696.023496851155
;150323,0,0,0,0,1701.023496851155
;150323,0,0,0,0,1706.023496851155
;150323,0,0,0,0,1711.023496851155
;150323,0,0,0,0,1716.023496851155
;150323,0,0,0,0,1721.023496851155
;150323,0,0,0,0,1726.023496851155
;150323,0,0,0,0,1731.023496851155
;150323,0,0,0,0,1736.023496851155
;150323,0,0,0,0,1741.023496851155
;150323,0,0,0,0,1746.023496851155
;150323,0,0,0,0,1751.023496851155
;150323,0,0,0,0,1756.023496851155
;150323,0,0,0,0,1761.023496851155
;150323,0,0,0,0,1766.023496851155
;150323,0,0,0,0,1771.023496851155
;150323,0,0,0,0,1776.023496851155
;150323,0,0,0,0,1781.023496851155
;150323,0,0,0,0,1786.023496851155
;150323,0,0,0,0,1791.023496851155
;150323,0,0,0,0,1796.023496851155
;150323,0,0,0,0,1801.023496851155
;150323,0,0,0,0,1806.023496851155
;150323,0,0,0,0,1811.023496851155
;150323,0,0,0,0,1816.023496851155
;150323,0,0,0,0,1821.023496851155
;150323,0,0,0,0,1826.023496851155
;150323,0,0,0,0,1831.023496851155
;150323,0,0,0,0,1836.023496851155
;150323,0,0,0,0,1841.023496851155
;150323,0,0,0,0,1846.023496851155
;150323,0,0,0,0,1851.023496851155
;150323,0,0,0,0,1856.023496851155
;150323,0,0,0,0,1861.023496851155
;150323,0,0,0,0,1866.023496851155
;150323,0,0,0,0,1871.023496851155
;150323,0,0,0,0,1876.023496851155
;150323,0,0,0,0,1881.023496851155
;150323,0,0,0,0,1886.023496851155
;150323,0,0,0,0,1891.023496851155
;150323,0,0,0,0,1896.023496851155
;150323,0,0,0,0,1901.023496851155
;150323,0,0,0,0,1906.023496851155
;150323,0,0,0,0,1911.023496851155
;150323,0,0,0,0,1916.023496851155
;150323,0,0,0,0,1921.023496851155
;106906,0,0,0,0,1.023496851155
;106906,0,0,0,0,6.023496851155
;106906,0,0,0,0,11.023496851155
;106906,0,0,0,0,16.023496851155
;106906,0,0,0,0,21.023496851155
;106906,0,0,0,0,26.023496851155
;106906,0,0,0,0,31.023496851155
;106906,0,0,0,0,36.023496851155
;106906,0,0,0,0,41.023496851155
;106906,0,0,0,0,46.023496851155
;106906,0,0,0,0,51.023496851155
;106906,0,0,0,0,56.023496851155
;106906,0,0,0,0,61.023496851155
;106906,0,0,0,0,66.023496851155
;106906,0,0,0,0,71.023496851155
;106906,0,0,0,0,76.023496851155
;106906,0,0,0,0,81.023496851155
;106906,0,0,0,0,86.023496851155
;106906,0,0,0,0,91.023496851155
;106906,0,0,0,0,96.023496851155
;106906,0,0,0,0,101.023496851155
;106906,0,0,0,0,106.023496851155
;106906,0,0,0,0,111.023496851155
;106906,0,0,0,0,116.023496851155
;129843,0,0,0,0,1.023496851155
;129843,0,0,0,0,6.023496851155
;129843,0,0,0,0,11.023496851155
;129843,0,0,0,0,16.023496851155
;129843,0,0,0,0,21.023496851155
;129843,0,0,0,0,26.023496851155
;129843,0,0,0,0,31.023496851155
;129843,0,0,0,0,36.023496851155
;129843,0,0,0,0,41.023496851155
;129843,0,0,0,0,46.023496851155
;129843,0,0,0,0,51.023496851155
;129843,0,0,0,0,56.023496851155
;129843,0,0,0,0,61.023496851155
;129843,0,0,0,0,66.023496851155
;129843,0,0,0,0,71.023496851155
;129843,0,0,0,0,76.023496851155
;129843,0,0,0,0,81.023496851155
;129843,0,0,0,0,86.023496851155
;129843,0,0,0,0,91.023496851155
;129843,0,0,0,0,96.023496851155
;129843,0,0,0,0,101.023496851155
;129843,0,0,0,0,106.023496851155
;129843,0,0,0,0,111.023496851155
;129843,0,0,0,0,116.023496851155
;129843,0,0,0,0,121.023496851155
;121651,0,0,0,0,1.023496851155
;121651,0,0,0,0,6.023496851155
;121651,0,0,0,0,11.023496851155
;121651,0,0,0,0,16.023496851155
;121651,0,0,0,0,21.023496851155
;121651,0,0,0,0,26.023496851155
;121651,0,0,0,0,31.023496851155
;78233.6,0,0,0,0,1.023496851155
;78233.6,0,0,0,0,6.023496851155
;78233.6,0,0,0,0,11.023496851155
;78233.6,0,0,0,0,16.023496851155
;78233.6,0,0,0,0,21.023496851155
;78233.6,0,0,0,0,26.023496851155
;78233.6,0,0,0,0,31.023496851155
;78233.6,0,0,0,0,36.023496851155
;78233.6,0,0,0,0,41.023496851155
;78233.6,0,0,0,0,46.023496851155
;78233.6,0,0,0,0,51.023496851155
;78233.6,0,0,0,0,56.023496851155
;78233.6,0,0,0,0,61.023496851155
;78233.6,0,0,0,0,66.023496851155
;78233.6,0,0,0,0,71.023496851155
;78233.6,0,0,0,0,76.023496851155
;78233.6,0,0,0,0,81.023496851155
;78233.6,0,0,0,0,86.023496851155
;78233.6,0,0,0,0,91.023496851155
;78233.6,0,0,0,0,96.023496851155
;78233.6,0,0,0,0,101.023496851155
;78233.6,0,0,0,0,106.023496851155
;78233.6,0,0,0,0,111.023496851155
;78233.6,0,0,0,0,116.023496851155
;78233.6,0,0,0,0,121.023496851155
;78233.6,0,0,0,0,126.023496851155
;78233.6,0,0,0,0,131.023496851155
;78233.6,0,0,0,0,136.023496851155
;78233.6,0,0,0,0,141.023496851155
;78233.6,0,0,0,0,146.023496851155
;78233.6,0,0,0,0,151.023496851155
;78233.6,0,0,0,0,156.023496851155
;78233.6,0,0,0,0,161.023496851155
;78233.6,0,0,0,0,166.023496851155
;78233.6,0,0,0,0,171.023496851155
;78233.6,0,0,0,0,176.023496851155
;78233.6,0,0,0,0,181.023496851155
;78233.6,0,0,0,0,186.023496851155
;78233.6,0,0,0,0,191.023496851155
;78233.6,0,0,0,0,196.023496851155
;78233.6,0,0,0,0,201.023496851155
;78233.6,0,0,0,0,206.023496851155
;78233.6,0,0,0,0,211.023496851155
;78233.6,0,0,0,0,216.023496851155
;78233.6,0,0,0,0,221.023496851155
;78233.6,0,0,0,0,226.023496851155
;78233.6,0,0,0,0,231.023496851155
;78233.6,0,0,0,0,236.023496851155
;78233.6,0,0,0,0,241.023496851155
;78233.6,0,0,0,0,246.023496851155
;78233.6,0,0,0,0,251.023496851155
;78233.6,0,0,0,0,256.023496851155
;78233.6,0,0,0,0,261.023496851155
;78233.6,0,0,0,0,266.023496851155
;78233.6,0,0,0,0,271.023496851155
;78233.6,0,0,0,0,276.023496851155
;78233.6,0,0,0,0,281.023496851155
;78233.6,0,0,0,0,286.023496851155
;78233.6,0,0,0,0,291.023496851155
;78233.6,0,0,0,0,296.023496851155
;78233.6,0,0,0,0,301.023496851155
;78233.6,0,0,0,0,306.023496851155
;78233.6,0,0,0,0,311.023496851155
;78233.6,0,0,0,0,316.023496851155
;78233.6,0,0,0,0,321.023496851155
;78233.6,0,0,0,0,326.023496851155
;78233.6,0,0,0,0,331.023496851155
;78233.6,0,0,0,0,336.023496851155
;78233.6,0,0,0,0,341.023496851155
;78233.6,0,0,0,0,346.023496851155
;78233.6,0,0,0,0,351.023496851155
;78233.6,0,0,0,0,356.023496851155
;78233.6,0,0,0,0,361.023496851155
;78233.6,0,0,0,0,366.023496851155
;105267,0,0,0,0,1.023496851155
;105267,0,0,0,0,6.023496851155
;105267,0,0,0,0,11.023496851155
;105267,0,0,0,0,16.023496851155
;105267,0,0,0,0,21.023496851155
;105267,0,0,0,0,26.023496851155
;105267,0,0,0,0,31.023496851155
;105267,0,0,0,0,36.023496851155
;105267,0,0,0,0,41.023496851155
;105267,0,0,0,0,46.023496851155
;105267,0,0,0,0,51.023496851155
;105267,0,0,0,0,56.023496851155
;105267,0,0,0,0,61.023496851155
;105267,0,0,0,0,66.023496851155
;105267,0,0,0,0,71.023496851155
;105267,0,0,0,0,76.023496851155
;105267,0,0,0,0,81.023496851155
;105267,0,0,0,0,86.023496851155
;105267,0,0,0,0,91.023496851155
;105267,0,0,0,0,96.023496851155
;105267,0,0,0,0,101.023496851155
;105267,0,0,0,0,106.023496851155
;105267,0,0,0,0,111.023496851155
;105267,0,0,0,0,116.023496851155
;105267,0,0,0,0,121.023496851155
;105267,0,0,0,0,126.023496851155
;105267,0,0,0,0,131.023496851155
;105267,0,0,0,0,136.023496851155
;105267,0,0,0,0,141.023496851155
;105267,0,0,0,0,146.023496851155
;105267,0,0,0,0,151.023496851155
;105267,0,0,0,0,156.023496851155
;105267,0,0,0,0,161.023496851155
;105267,0,0,0,0,166.023496851155
;105267,0,0,0,0,171.023496851155
;105267,0,0,0,0,176.023496851155
;105267,0,0,0,0,181.023496851155
;105267,0,0,0,0,186.023496851155
;105267,0,0,0,0,191.023496851155
;105267,0,0,0,0,196.023496851155
;105267,0,0,0,0,201.023496851155
;105267,0,0,0,0,206.023496851155
;105267,0,0,0,0,211.023496851155
;105267,0,0,0,0,216.023496851155
;105267,0,0,0,0,221.023496851155
;105267,0,0,0,0,226.023496851155
;105267,0,0,0,0,231.023496851155
;105267,0,0,0,0,236.023496851155
;105267,0,0,0,0,241.023496851155
;105267,0,0,0,0,246.023496851155
;105267,0,0,0,0,251.023496851155
;105267,0,0,0,0,256.023496851155
;105267,0,0,0,0,261.023496851155
;105267,0,0,0,0,266.023496851155
;105267,0,0,0,0,271.023496851155
;105267,0,0,0,0,276.023496851155
;105267,0,0,0,0,281.023496851155
;105267,0,0,0,0,286.023496851155
;105267,0,0,0,0,291.023496851155
;105267,0,0,0,0,296.023496851155
;105267,0,0,0,0,301.023496851155
;105267,0,0,0,0,306.023496851155
;105267,0,0,0,0,311.023496851155
;105267,0,0,0,0,316.023496851155
;105267,0,0,0,0,321.023496851155
;105267,0,0,0,0,326.023496851155
;105267,0,0,0,0,331.023496851155
;105267,0,0,0,0,336.023496851155
;105267,0,0,0,0,341.023496851155
;105267,0,0,0,0,346.023496851155
;105267,0,0,0,0,351.023496851155
;105267,0,0,0,0,356.023496851155
;105267,0,0,0,0,361.023496851155
;105267,0,0,0,0,366.023496851155
;105267,0,0,0,0,371.023496851155
;105267,0,0,0,0,376.023496851155
;105267,0,0,0,0,381.023496851155
;105267,0,0,0,0,386.023496851155
;105267,0,0,0,0,391.023496851155
;105267,0,0,0,0,396.023496851155
;105267,0,0,0,0,401.023496851155
;105267,0,0,0,0,406.023496851155
;105267,0,0,0,0,411.023496851155
;105267,0,0,0,0,416.023496851155
;105267,0,0,0,0,421.023496851155
;105267,0,0,0,0,426.023496851155
;105267,0,0,0,0,431.023496851155
;105267,0,0,0,0,436.023496851155
;105267,0,0,0,0,441.023496851155
;105267,0,0,0,0,446.023496851155
;105267,0,0,0,0,451.023496851155
;105267,0,0,0,0,456.023496851155
;105267,0,0,0,0,461.023496851155
;105267,0,0,0,0,466.023496851155
;105267,0,0,0,0,471.023496851155
;105267,0,0,0,0,476.023496851155
;105267,0,0,0,0,481.023496851155
;105267,0,0,0,0,486.023496851155
;105267,0,0,0,0,491.023496851155
;105267,0,0,0,0,496.023496851155
;105267,0,0,0,0,501.023496851155
;105267,0,0,0,0,506.023496851155
;105267,0,0,0,0,511.023496851155
;105267,0,0,0,0,516.023496851155
;105267,0,0,0,0,521.023496851155
;105267,0,0,0,0,526.023496851155
;105267,0,0,0,0,531.023496851155
;105267,0,0,0,0,536.023496851155
;105267,0,0,0,0,541.023496851155
;105267,0,0,0,0,546.023496851155
;105267,0,0,0,0,551.023496851155
;105267,0,0,0,0,556.023496851155
;105267,0,0,0,0,561.023496851155
;105267,0,0,0,0,566.023496851155
;105267,0,0,0,0,571.023496851155
;105267,0,0,0,0,576.023496851155
;105267,0,0,0,0,581.023496851155
;105267,0,0,0,0,586.023496851155
;105267,0,0,0,0,591.023496851155
;105267,0,0,0,0,596.023496851155
;105267,0,0,0,0,601.023496851155
;105267,0,0,0,0,606.023496851155
;105267,0,0,0,0,611.023496851155
;105267,0,0,0,0,616.023496851155
;105267,0,0,0,0,621.023496851155
;105267,0,0,0,0,626.023496851155
;105267,0,0,0,0,631.023496851155
;105267,0,0,0,0,636.023496851155
;105267,0,0,0,0,641.023496851155
;105267,0,0,0,0,646.023496851155
;105267,0,0,0,0,651.023496851155
;105267,0,0,0,0,656.023496851155
;105267,0,0,0,0,661.023496851155
;105267,0,0,0,0,666.023496851155
;105267,0,0,0,0,671.023496851155
;105267,0,0,0,0,676.023496851155
;105267,0,0,0,0,681.023496851155
;105267,0,0,0,0,686.023496851155
;105267,0,0,0,0,691.023496851155
;105267,0,0,0,0,696.023496851155
;105267,0,0,0,0,701.023496851155
;105267,0,0,0,0,706.023496851155
;105267,0,0,0,0,711.023496851155
;105267,0,0,0,0,716.023496851155
;105267,0,0,0,0,721.023496851155
;105267,0,0,0,0,726.023496851155
;105267,0,0,0,0,731.023496851155
;105267,0,0,0,0,736.023496851155
;105267,0,0,0,0,741.023496851155
;105267,0,0,0,0,746.023496851155
;105267,0,0,0,0,751.023496851155
;105267,0,0,0,0,756.023496851155
;105267,0,0,0,0,761.023496851155
;105267,0,0,0,0,766.023496851155
;105267,0,0,0,0,771.023496851155
;105267,0,0,0,0,776.023496851155
;105267,0,0,0,0,781.023496851155
;105267,0,0,0,0,786.023496851155
;105267,0,0,0,0,791.023496851155
;105267,0,0,0,0,796.023496851155
;105267,0,0,0,0,801.023496851155
;105267,0,0,0,0,806.023496851155
;105267,0,0,0,0,811.023496851155
;105267,0,0,0,0,816.023496851155
;105267,0,0,0,0,821.023496851155
;105267,0,0,0,0,826.023496851155
;105267,0,0,0,0,831.023496851155
;105267,0,0,0,0,836.023496851155
;105267,0,0,0,0,841.023496851155
;105267,0,0,0,0,846.023496851155
;105267,0,0,0,0,851.023496851155
;105267,0,0,0,0,856.023496851155
;105267,0,0,0,0,861.023496851155
;105267,0,0,0,0,866.023496851155
;105267,0,0,0,0,871.023496851155
;105267,0,0,0,0,876.023496851155
;105267,0,0,0,0,881.023496851155
;105267,0,0,0,0,886.023496851155
;105267,0,0,0,0,891.023496851155
;105267,0,0,0,0,896.023496851155
;105267,0,0,0,0,901.023496851155
;105267,0,0,0,0,906.023496851155
;105267,0,0,0,0,911.023496851155
;105267,0,0,0,0,916.023496851155
;105267,0,0,0,0,921.023496851155
;105267,0,0,0,0,926.023496851155
;105267,0,0,0,0,931.023496851155
;105267,0,0,0,0,936.023496851155
;105267,0,0,0,0,941.023496851155
;105267,0,0,0,0,946.023496851155
;105267,0,0,0,0,951.023496851155
;105267,0,0,0,0,956.023496851155
;105267,0,0,0,0,961.023496851155
;105267,0,0,0,0,966.023496851155
;105267,0,0,0,0,971.023496851155
;105267,0,0,0,0,976.023496851155
;105267,0,0,0,0,981.023496851155
;105267,0,0,0,0,986.023496851155
;105267,0,0,0,0,991.023496851155
;105267,0,0,0,0,996.023496851155
;105267,0,0,0,0,1001.023496851155
;105267,0,0,0,0,1006.023496851155
;105267,0,0,0,0,1011.023496851155
;105267,0,0,0,0,1016.023496851155
;105267,0,0,0,0,1021.023496851155
;105267,0,0,0,0,1026.023496851155
;105267,0,0,0,0,1031.023496851155
;105267,0,0,0,0,1036.023496851155
;105267,0,0,0,0,1041.023496851155
;105267,0,0,0,0,1046.023496851155
;105267,0,0,0,0,1051.023496851155
;105267,0,0,0,0,1056.023496851155
;105267,0,0,0,0,1061.023496851155
;105267,0,0,0,0,1066.023496851155
;105267,0,0,0,0,1071.023496851155
;105267,0,0,0,0,1076.023496851155
;105267,0,0,0,0,1081.023496851155
;105267,0,0,0,0,1086.023496851155
;105267,0,0,0,0,1091.023496851155
;105267,0,0,0,0,1096.023496851155
;105267,0,0,0,0,1101.023496851155
;105267,0,0,0,0,1106.023496851155
;105267,0,0,0,0,1111.023496851155
;105267,0,0,0,0,1116.023496851155
;105267,0,0,0,0,1121.023496851155
;105267,0,0,0,0,1126.023496851155
;105267,0,0,0,0,1131.023496851155
;105267,0,0,0,0,1136.023496851155
;105267,0,0,0,0,1141.023496851155
;105267,0,0,0,0,1146.023496851155
;105267,0,0,0,0,1151.023496851155
;105267,0,0,0,0,1156.023496851155
;105267,0,0,0,0,1161.023496851155
;105267,0,0,0,0,1166.023496851155
;105267,0,0,0,0,1171.023496851155
;105267,0,0,0,0,1176.023496851155
;105267,0,0,0,0,1181.023496851155
;105267,0,0,0,0,1186.023496851155
;105267,0,0,0,0,1191.023496851155
;105267,0,0,0,0,1196.023496851155
;105267,0,0,0,0,1201.023496851155
;105267,0,0,0,0,1206.023496851155
;105267,0,0,0,0,1211.023496851155
;105267,0,0,0,0,1216.023496851155
;105267,0,0,0,0,1221.023496851155
;105267,0,0,0,0,1226.023496851155
;105267,0,0,0,0,1231.023496851155
;105267,0,0,0,0,1236.023496851155
;105267,0,0,0,0,1241.023496851155
;105267,0,0,0,0,1246.023496851155
;105267,0,0,0,0,1251.023496851155
;105267,0,0,0,0,1256.023496851155
;105267,0,0,0,0,1261.023496851155
;105267,0,0,0,0,1266.023496851155
;105267,0,0,0,0,1271.023496851155
;105267,0,0,0,0,1276.023496851155
;105267,0,0,0,0,1281.023496851155
;105267,0,0,0,0,1286.023496851155
;105267,0,0,0,0,1291.023496851155
;105267,0,0,0,0,1296.023496851155
;105267,0,0,0,0,1301.023496851155
;105267,0,0,0,0,1306.023496851155
;105267,0,0,0,0,1311.023496851155
;105267,0,0,0,0,1316.023496851155
;105267,0,0,0,0,1321.023496851155
;105267,0,0,0,0,1326.023496851155
;105267,0,0,0,0,1331.023496851155
;105267,0,0,0,0,1336.023496851155
;105267,0,0,0,0,1341.023496851155
;105267,0,0,0,0,1346.023496851155
;105267,0,0,0,0,1351.023496851155
;105267,0,0,0,0,1356.023496851155
;105267,0,0,0,0,1361.023496851155
;105267,0,0,0,0,1366.023496851155
;105267,0,0,0,0,1371.023496851155
;105267,0,0,0,0,1376.023496851155
;105267,0,0,0,0,1381.023496851155
;105267,0,0,0,0,1386.023496851155
;105267,0,0,0,0,1391.023496851155
;105267,0,0,0,0,1396.023496851155
;105267,0,0,0,0,1401.023496851155
;105267,0,0,0,0,1406.023496851155
;105267,0,0,0,0,1411.023496851155
;105267,0,0,0,0,1416.023496851155
;105267,0,0,0,0,1421.023496851155
;105267,0,0,0,0,1426.023496851155
;105267,0,0,0,0,1431.023496851155
;105267,0,0,0,0,1436.023496851155
;105267,0,0,0,0,1441.023496851155
;105267,0,0,0,0,1446.023496851155
;105267,0,0,0,0,1451.023496851155
;105267,0,0,0,0,1456.023496851155
;105267,0,0,0,0,1461.023496851155
;105267,0,0,0,0,1466.023496851155
;105267,0,0,0,0,1471.023496851155
;105267,0,0,0,0,1476.023496851155
;105267,0,0,0,0,1481.023496851155
;105267,0,0,0,0,1486.023496851155
;105267,0,0,0,0,1491.023496851155
;105267,0,0,0,0,1496.023496851155
;105267,0,0,0,0,1501.023496851155
;105267,0,0,0,0,1506.023496851155
;105267,0,0,0,0,1511.023496851155
;105267,0,0,0,0,1516.023496851155
;105267,0,0,0,0,1521.023496851155
;105267,0,0,0,0,1526.023496851155
;105267,0,0,0,0,1531.023496851155
;105267,0,0,0,0,1536.023496851155
;105267,0,0,0,0,1541.023496851155
;105267,0,0,0,0,1546.023496851155
;105267,0,0,0,0,1551.023496851155
;105267,0,0,0,0,1556.023496851155
;105267,0,0,0,0,1561.023496851155
;105267,0,0,0,0,1566.023496851155
;105267,0,0,0,0,1571.023496851155
;105267,0,0,0,0,1576.023496851155
;105267,0,0,0,0,1581.023496851155
;105267,0,0,0,0,1586.023496851155
;105267,0,0,0,0,1591.023496851155
;105267,0,0,0,0,1596.023496851155
;105267,0,0,0,0,1601.023496851155
;105267,0,0,0,0,1606.023496851155
;105267,0,0,0,0,1611.023496851155
;105267,0,0,0,0,1616.023496851155
;105267,0,0,0,0,1621.023496851155
;105267,0,0,0,0,1626.023496851155
;105267,0,0,0,0,1631.023496851155
;105267,0,0,0,0,1636.023496851155
;105267,0,0,0,0,1641.023496851155
;105267,0,0,0,0,1646.023496851155
;105267,0,0,0,0,1651.023496851155
;105267,0,0,0,0,1656.023496851155
;105267,0,0,0,0,1661.023496851155
;105267,0,0,0,0,1666.023496851155
;105267,0,0,0,0,1671.023496851155
;105267,0,0,0,0,1676.023496851155
;105267,0,0,0,0,1681.023496851155
;105267,0,0,0,0,1686.023496851155
;105267,0,0,0,0,1691.023496851155
;105267,0,0,0,0,1696.023496851155
;105267,0,0,0,0,1701.023496851155
;105267,0,0,0,0,1706.023496851155
;105267,0,0,0,0,1711.023496851155
;105267,0,0,0,0,1716.023496851155
;105267,0,0,0,0,1721.023496851155
;105267,0,0,0,0,1726.023496851155
;105267,0,0,0,0,1731.023496851155
;105267,0,0,0,0,1736.023496851155
;105267,0,0,0,0,1741.023496851155
;105267,0,0,0,0,1746.023496851155
;105267,0,0,0,0,1751.023496851155
;105267,0,0,0,0,1756.023496851155
;105267,0,0,0,0,1761.023496851155
;105267,0,0,0,0,1766.023496851155
;105267,0,0,0,0,1771.023496851155
;105267,0,0,0,0,1776.023496851155
;105267,0,0,0,0,1781.023496851155
;105267,0,0,0,0,1786.023496851155
;105267,0,0,0,0,1791.023496851155
;105267,0,0,0,0,1796.023496851155
;105267,0,0,0,0,1801.023496851155
;105267,0,0,0,0,1806.023496851155
;105267,0,0,0,0,1811.023496851155
;105267,0,0,0,0,1816.023496851155
;105267,0,0,0,0,1821.023496851155
;105267,0,0,0,0,1826.023496851155
;105267,0,0,0,0,1831.023496851155
;105267,0,0,0,0,1836.023496851155
;105267,0,0,0,0,1841.023496851155
;105267,0,0,0,0,1846.023496851155
;105267,0,0,0,0,1851.023496851155
;105267,0,0,0,0,1856.023496851155
;105267,0,0,0,0,1861.023496851155
;105267,0,0,0,0,1866.023496851155
;105267,0,0,0,0,1871.023496851155
;105267,0,0,0,0,1876.023496851155
;105267,0,0,0,0,1881.023496851155
;105267,0,0,0,0,1886.023496851155
;105267,0,0,0,0,1891.023496851155
;105267,0,0,0,0,1896.023496851155
;105267,0,0,0,0,1901.023496851155
;105267,0,0,0,0,1906.023496851155
;105267,0,0,0,0,1911.023496851155
;105267,0,0,0,0,1916.023496851155
;105267,0,0,0,0,1921.023496851155
;105267,0,0,0,0,1926.023496851155
;105267,0,0,0,0,1931.023496851155
;105267,0,0,0,0,1936.023496851155
;105267,0,0,0,0,1941.023496851155
;105267,0,0,0,0,1946.023496851155
;105267,0,0,0,0,1951.023496851155
;105267,0,0,0,0,1956.023496851155
;105267,0,0,0,0,1961.023496851155
;105267,0,0,0,0,1966.023496851155
;105267,0,0,0,0,1971.023496851155
;105267,0,0,0,0,1976.023496851155
;105267,0,0,0,0,1981.023496851155
;105267,0,0,0,0,1986.023496851155
;105267,0,0,0,0,1991.023496851155
;105267,0,0,0,0,1996.023496851155
;117555,0,0,0,0,1.044806359059
;114278,0,0,0,0,1.044806359059
;114278,0,0,0,0,6.044806359059
;114278,0,0,0,0,11.044806359059
;114278,0,0,0,0,16.044806359059
;114278,0,0,0,0,21.044806359059
;114278,0,0,0,0,26.044806359059
;114278,0,0,0,0,31.044806359059
