|||;24678,24678,24678,24678,0,0,0,0,1.061301514043
|||;24678,24678,24678,24678,0,0,0,0,6.061301514043
|||;24678,24678,24678,24678,0,0,0,0,11.061301514043
|||;24678,24678,24678,24678,0,0,0,0,16.061301514043
|||;24678,24678,24678,24678,0,0,0,0,21.061301514043
|||;24678,24678,24678,24678,0,0,0,0,26.061301514043
|||;24678,24678,24678,24678,0,0,0,0,31.061301514043
|||;24678,24678,24678,24678,0,0,0,0,36.061301514043
|||;24678,24678,24678,24678,0,0,0,0,41.061301514043
|||;24678,24678,24678,24678,0,0,0,0,46.061301514043
|||;24678,24678,24678,24678,0,0,0,0,51.061301514043
|||;24678,24678,24678,24678,0,0,0,0,56.061301514043
|||;24678,24678,24678,24678,0,0,0,0,61.061301514043
|||;24678,24678,24678,24678,0,0,0,0,66.061301514043
|||;24678,24678,24678,24678,0,0,0,0,71.061301514043
|||;24678,24678,24678,24678,0,0,0,0,76.061301514043
|||;24678,24678,24678,24678,0,0,0,0,81.061301514043
|||;24678,24678,24678,24678,0,0,0,0,86.061301514043
|||;24678,24678,24678,24678,0,0,0,0,91.061301514043
|||;24678,24678,24678,24678,0,0,0,0,96.061301514043
|||;24678,24678,24678,24678,0,0,0,0,101.061301514043
|||;24678,24678,24678,24678,0,0,0,0,106.061301514043
|||;24678,24678,24678,24678,0,0,0,0,111.061301514043
|||;24678,24678,24678,24678,0,0,0,0,116.061301514043
|||;24678,24678,24678,24678,0,0,0,0,121.061301514043
|||;24678,24678,24678,24678,0,0,0,0,126.061301514043
|||;24678,24678,24678,24678,0,0,0,0,131.061301514043
|||;24678,24678,24678,24678,0,0,0,0,136.061301514043
|||;24678,24678,24678,24678,0,0,0,0,141.061301514043
|||;24678,24678,24678,24678,0,0,0,0,146.061301514043
|||;24678,24678,24678,24678,0,0,0,0,151.061301514043
|||;24678,24678,24678,24678,0,0,0,0,156.061301514043
|||;24678,24678,24678,24678,0,0,0,0,161.061301514043
|||;24678,24678,24678,24678,0,0,0,0,166.061301514043
|||;24678,24678,24678,24678,0,0,0,0,171.061301514043
|||;24678,24678,24678,24678,0,0,0,0,176.061301514043
|||;24678,24678,24678,24678,0,0,0,0,181.061301514043
|||;24678,24678,24678,24678,0,0,0,0,186.061301514043
|||;24678,24678,24678,24678,0,0,0,0,191.061301514043
|||;24678,24678,24678,24678,0,0,0,0,196.061301514043
|||;24678,24678,24678,24678,0,0,0,0,201.061301514043
|||;24678,24678,24678,24678,0,0,0,0,206.061301514043
|||;24678,24678,24678,24678,0,0,0,0,211.061301514043
|||;24678,24678,24678,24678,0,0,0,0,216.061301514043
|||;24678,24678,24678,24678,0,0,0,0,221.061301514043
|||;24678,24678,24678,24678,0,0,0,0,226.061301514043
|||;24678,24678,24678,24678,0,0,0,0,231.061301514043
|||;24678,24678,24678,24678,0,0,0,0,236.061301514043
|||;24678,24678,24678,24678,0,0,0,0,241.061301514043
|||;24678,24678,24678,24678,0,0,0,0,246.061301514043
|||;24678,24678,24678,24678,0,0,0,0,251.061301514043
|||;24678,24678,24678,24678,0,0,0,0,256.061301514043
|||;24678,24678,24678,24678,0,0,0,0,261.061301514043
|||;24678,24678,24678,24678,0,0,0,0,266.061301514043
|||;24678,24678,24678,24678,0,0,0,0,271.061301514043
|||;24678,24678,24678,24678,0,0,0,0,276.061301514043
|||;24678,24678,24678,24678,0,0,0,0,281.061301514043
|||;24678,24678,24678,24678,0,0,0,0,286.061301514043
|||;24678,24678,24678,24678,0,0,0,0,291.061301514043
|||;24678,24678,24678,24678,0,0,0,0,296.061301514043
|||;24678,24678,24678,24678,0,0,0,0,301.061301514043
|||;24678,24678,24678,24678,0,0,0,0,306.061301514043
|||;24678,24678,24678,24678,0,0,0,0,311.061301514043
|||;24678,24678,24678,24678,0,0,0,0,316.061301514043
|||;24678,24678,24678,24678,0,0,0,0,321.061301514043
|||;24678,24678,24678,24678,0,0,0,0,326.061301514043
|||;24678,24678,24678,24678,0,0,0,0,331.061301514043
|||;24678,24678,24678,24678,0,0,0,0,336.061301514043
|||;24678,24678,24678,24678,0,0,0,0,341.061301514043
|||;24678,24678,24678,24678,0,0,0,0,346.061301514043
|||;24678,24678,24678,24678,0,0,0,0,351.061301514043
|||;24678,24678,24678,24678,0,0,0,0,356.061301514043
|||;24678,24678,24678,24678,0,0,0,0,361.061301514043
|||;24678,24678,24678,24678,0,0,0,0,366.061301514043
|||;24678,24678,24678,24678,0,0,0,0,371.061301514043
|||;24678,24678,24678,24678,0,0,0,0,376.061301514043
|||;24678,24678,24678,24678,0,0,0,0,381.061301514043
|||;24678,24678,24678,24678,0,0,0,0,386.061301514043
|||;24678,24678,24678,24678,0,0,0,0,391.061301514043
|||;24678,24678,24678,24678,0,0,0,0,396.061301514043
|||;24678,24678,24678,24678,0,0,0,0,401.061301514043
|||;24678,24678,24678,24678,0,0,0,0,406.061301514043
|||;24678,24678,24678,24678,0,0,0,0,411.061301514043
|||;24678,24678,24678,24678,0,0,0,0,416.061301514043
|||;24678,24678,24678,24678,0,0,0,0,421.061301514043
|||;24678,24678,24678,24678,0,0,0,0,426.061301514043
|||;24678,24678,24678,24678,0,0,0,0,431.061301514043
|||;24678,24678,24678,24678,0,0,0,0,436.061301514043
|||;24678,24678,24678,24678,0,0,0,0,441.061301514043
|||;24678,24678,24678,24678,0,0,0,0,446.061301514043
|||;24678,24678,24678,24678,0,0,0,0,451.061301514043
|||;24678,24678,24678,24678,0,0,0,0,456.061301514043
|||;24678,24678,24678,24678,0,0,0,0,461.061301514043
|||;24678,24678,24678,24678,0,0,0,0,466.061301514043
|||;24678,24678,24678,24678,0,0,0,0,471.061301514043
|||;24678,24678,24678,24678,0,0,0,0,476.061301514043
|||;24678,24678,24678,24678,0,0,0,0,481.061301514043
|||;24678,24678,24678,24678,0,0,0,0,486.061301514043
|||;24678,24678,24678,24678,0,0,0,0,491.061301514043
|||;24678,24678,24678,24678,0,0,0,0,496.061301514043
|||;24678,24678,24678,24678,0,0,0,0,501.061301514043
|||;24678,24678,24678,24678,0,0,0,0,506.061301514043
|||;24678,24678,24678,24678,0,0,0,0,511.061301514043
|||;24678,24678,24678,24678,0,0,0,0,516.061301514043
|||;24678,24678,24678,24678,0,0,0,0,521.061301514043
|||;24678,24678,24678,24678,0,0,0,0,526.061301514043
|||;24678,24678,24678,24678,0,0,0,0,531.061301514043
|||;24678,24678,24678,24678,0,0,0,0,536.061301514043
|||;24678,24678,24678,24678,0,0,0,0,541.061301514043
|||;24678,24678,24678,24678,0,0,0,0,546.061301514043
|||;24678,24678,24678,24678,0,0,0,0,551.061301514043
|||;24678,24678,24678,24678,0,0,0,0,556.061301514043
|||;24678,24678,24678,24678,0,0,0,0,561.061301514043
|||;24678,24678,24678,24678,0,0,0,0,566.061301514043
|||;24678,24678,24678,24678,0,0,0,0,571.061301514043
|||;24678,24678,24678,24678,0,0,0,0,576.061301514043
|||;24678,24678,24678,24678,0,0,0,0,581.061301514043
|||;24678,24678,24678,24678,0,0,0,0,586.061301514043
|||;24678,24678,24678,24678,0,0,0,0,591.061301514043
|||;24678,24678,24678,24678,0,0,0,0,596.061301514043
|||;24678,24678,24678,24678,0,0,0,0,601.061301514043
|||;24678,24678,24678,24678,0,0,0,0,606.061301514043
|||;24678,24678,24678,24678,0,0,0,0,611.061301514043
|||;24678,24678,24678,24678,0,0,0,0,616.061301514043
|||;24678,24678,24678,24678,0,0,0,0,621.061301514043
|||;24678,24678,24678,24678,0,0,0,0,626.061301514043
|||;24678,24678,24678,24678,0,0,0,0,631.061301514043
|||;24678,24678,24678,24678,0,0,0,0,636.061301514043
|||;24678,24678,24678,24678,0,0,0,0,641.061301514043
|||;24678,24678,24678,24678,0,0,0,0,646.061301514043
|||;24678,24678,24678,24678,0,0,0,0,651.061301514043
|||;24678,24678,24678,24678,0,0,0,0,656.061301514043
|||;24678,24678,24678,24678,0,0,0,0,661.061301514043
|||;24678,24678,24678,24678,0,0,0,0,666.061301514043
|||;24678,24678,24678,24678,0,0,0,0,671.061301514043
|||;24678,24678,24678,24678,0,0,0,0,676.061301514043
|||;24678,24678,24678,24678,0,0,0,0,681.061301514043
|||;24678,24678,24678,24678,0,0,0,0,686.061301514043
|||;24678,24678,24678,24678,0,0,0,0,691.061301514043
|||;24678,24678,24678,24678,0,0,0,0,696.061301514043
|||;24678,24678,24678,24678,0,0,0,0,701.061301514043
|||;24678,24678,24678,24678,0,0,0,0,706.061301514043
|||;24678,24678,24678,24678,0,0,0,0,711.061301514043
|||;24678,24678,24678,24678,0,0,0,0,716.061301514043
|||;24678,24678,24678,24678,0,0,0,0,721.061301514043
|||;24678,24678,24678,24678,0,0,0,0,726.061301514043
|||;24678,24678,24678,24678,0,0,0,0,731.061301514043
|||;24678,24678,24678,24678,0,0,0,0,736.061301514043
|||;24678,24678,24678,24678,0,0,0,0,741.061301514043
|||;24678,24678,24678,24678,0,0,0,0,746.061301514043
|||;24678,24678,24678,24678,0,0,0,0,751.061301514043
|||;24678,24678,24678,24678,0,0,0,0,756.061301514043
|||;24678,24678,24678,24678,0,0,0,0,761.061301514043
|||;24678,24678,24678,24678,0,0,0,0,766.061301514043
|||;24678,24678,24678,24678,0,0,0,0,771.061301514043
|||;24678,24678,24678,24678,0,0,0,0,776.061301514043
|||;24678,24678,24678,24678,0,0,0,0,781.061301514043
|||;24678,24678,24678,24678,0,0,0,0,786.061301514043
|||;24678,24678,24678,24678,0,0,0,0,791.061301514043
|||;24678,24678,24678,24678,0,0,0,0,796.061301514043
|||;24678,24678,24678,24678,0,0,0,0,801.061301514043
|||;24678,24678,24678,24678,0,0,0,0,806.061301514043
|||;24678,24678,24678,24678,0,0,0,0,811.061301514043
|||;24678,24678,24678,24678,0,0,0,0,816.061301514043
|||;24678,24678,24678,24678,0,0,0,0,821.061301514043
|||;24678,24678,24678,24678,0,0,0,0,826.061301514043
|||;24678,24678,24678,24678,0,0,0,0,831.061301514043
|||;24678,24678,24678,24678,0,0,0,0,836.061301514043
|||;24678,24678,24678,24678,0,0,0,0,841.061301514043
|||;24678,24678,24678,24678,0,0,0,0,846.061301514043
|||;24678,24678,24678,24678,0,0,0,0,851.061301514043
|||;24678,24678,24678,24678,0,0,0,0,856.061301514043
|||;24678,24678,24678,24678,0,0,0,0,861.061301514043
|||;24678,24678,24678,24678,0,0,0,0,866.061301514043
|||;24678,24678,24678,24678,0,0,0,0,871.061301514043
|||;24678,24678,24678,24678,0,0,0,0,876.061301514043
|||;24678,24678,24678,24678,0,0,0,0,881.061301514043
|||;24678,24678,24678,24678,0,0,0,0,886.061301514043
|||;24678,24678,24678,24678,0,0,0,0,891.061301514043
|||;24678,24678,24678,24678,0,0,0,0,896.061301514043
|||;24678,24678,24678,24678,0,0,0,0,901.061301514043
|||;24678,24678,24678,24678,0,0,0,0,906.061301514043
|||;24678,24678,24678,24678,0,0,0,0,911.061301514043
|||;24678,24678,24678,24678,0,0,0,0,916.061301514043
|||;24678,24678,24678,24678,0,0,0,0,921.061301514043
|||;24678,24678,24678,24678,0,0,0,0,926.061301514043
|||;24678,24678,24678,24678,0,0,0,0,931.061301514043
|||;24678,24678,24678,24678,0,0,0,0,936.061301514043
|||;24678,24678,24678,24678,0,0,0,0,941.061301514043
|||;24678,24678,24678,24678,0,0,0,0,946.061301514043
|||;24678,24678,24678,24678,0,0,0,0,951.061301514043
|||;24678,24678,24678,24678,0,0,0,0,956.061301514043
|||;24678,24678,24678,24678,0,0,0,0,961.061301514043
|||;24678,24678,24678,24678,0,0,0,0,966.061301514043
|||;24678,24678,24678,24678,0,0,0,0,971.061301514043
|||;24678,24678,24678,24678,0,0,0,0,976.061301514043
|||;24678,24678,24678,24678,0,0,0,0,981.061301514043
|||;24678,24678,24678,24678,0,0,0,0,986.061301514043
|||;24678,24678,24678,24678,0,0,0,0,991.061301514043
|||;24678,24678,24678,24678,0,0,0,0,996.061301514043
|||;24678,24678,24678,24678,0,0,0,0,1001.061301514043
|||;24678,24678,24678,24678,0,0,0,0,1006.061301514043
|||;24678,24678,24678,24678,0,0,0,0,1011.061301514043
|||;24678,24678,24678,24678,0,0,0,0,1016.061301514043
|||;24678,24678,24678,24678,0,0,0,0,1021.061301514043
|||;24678,24678,24678,24678,0,0,0,0,1026.061301514043
|||;24678,24678,24678,24678,0,0,0,0,1031.061301514043
|||;24678,24678,24678,24678,0,0,0,0,1036.061301514043
|||;24678,24678,24678,24678,0,0,0,0,1041.061301514043
|||;24678,24678,24678,24678,0,0,0,0,1046.061301514043
|||;24678,24678,24678,24678,0,0,0,0,1051.061301514043
|||;24678,24678,24678,24678,0,0,0,0,1056.061301514043
|||;24678,24678,24678,24678,0,0,0,0,1061.061301514043
|||;24678,24678,24678,24678,0,0,0,0,1066.061301514043
|||;24678,24678,24678,24678,0,0,0,0,1071.061301514043
|||;24678,24678,24678,24678,0,0,0,0,1076.061301514043
|||;24678,24678,24678,24678,0,0,0,0,1081.061301514043
|||;24678,24678,24678,24678,0,0,0,0,1086.061301514043
|||;24678,24678,24678,24678,0,0,0,0,1091.061301514043
|||;24678,24678,24678,24678,0,0,0,0,1096.061301514043
|||;24678,24678,24678,24678,0,0,0,0,1101.061301514043
|||;24678,24678,24678,24678,0,0,0,0,1106.061301514043
|||;24678,24678,24678,24678,0,0,0,0,1111.061301514043
|||;24678,24678,24678,24678,0,0,0,0,1116.061301514043
|||;24678,24678,24678,24678,0,0,0,0,1121.061301514043
|||;24678,24678,24678,24678,0,0,0,0,1126.061301514043
|||;24678,24678,24678,24678,0,0,0,0,1131.061301514043
|||;24678,24678,24678,24678,0,0,0,0,1136.061301514043
|||;24678,24678,24678,24678,0,0,0,0,1141.061301514043
|||;24678,24678,24678,24678,0,0,0,0,1146.061301514043
|||;24678,24678,24678,24678,0,0,0,0,1151.061301514043
|||;24678,24678,24678,24678,0,0,0,0,1156.061301514043
|||;24678,24678,24678,24678,0,0,0,0,1161.061301514043
|||;24678,24678,24678,24678,0,0,0,0,1166.061301514043
|||;24678,24678,24678,24678,0,0,0,0,1171.061301514043
|||;24678,24678,24678,24678,0,0,0,0,1176.061301514043
|||;24678,24678,24678,24678,0,0,0,0,1181.061301514043
|||;24678,24678,24678,24678,0,0,0,0,1186.061301514043
|||;24678,24678,24678,24678,0,0,0,0,1191.061301514043
|||;24678,24678,24678,24678,0,0,0,0,1196.061301514043
|||;24678,24678,24678,24678,0,0,0,0,1201.061301514043
|||;24678,24678,24678,24678,0,0,0,0,1206.061301514043
|||;24678,24678,24678,24678,0,0,0,0,1211.061301514043
|||;24678,24678,24678,24678,0,0,0,0,1216.061301514043
|||;24678,24678,24678,24678,0,0,0,0,1221.061301514043
|||;24678,24678,24678,24678,0,0,0,0,1226.061301514043
|||;24678,24678,24678,24678,0,0,0,0,1231.061301514043
|||;24678,24678,24678,24678,0,0,0,0,1236.061301514043
|||;24678,24678,24678,24678,0,0,0,0,1241.061301514043
|||;24678,24678,24678,24678,0,0,0,0,1246.061301514043
|||;24678,24678,24678,24678,0,0,0,0,1251.061301514043
|||;24678,24678,24678,24678,0,0,0,0,1256.061301514043
|||;24678,24678,24678,24678,0,0,0,0,1261.061301514043
|||;24678,24678,24678,24678,0,0,0,0,1266.061301514043
|||;24678,24678,24678,24678,0,0,0,0,1271.061301514043
|||;24678,24678,24678,24678,0,0,0,0,1276.061301514043
|||;24678,24678,24678,24678,0,0,0,0,1281.061301514043
|||;24678,24678,24678,24678,0,0,0,0,1286.061301514043
|||;24678,24678,24678,24678,0,0,0,0,1291.061301514043
|||;24678,24678,24678,24678,0,0,0,0,1296.061301514043
|||;24678,24678,24678,24678,0,0,0,0,1301.061301514043
|||;24678,24678,24678,24678,0,0,0,0,1306.061301514043
|||;24678,24678,24678,24678,0,0,0,0,1311.061301514043
|||;24678,24678,24678,24678,0,0,0,0,1316.061301514043
|||;24678,24678,24678,24678,0,0,0,0,1321.061301514043
|||;24678,24678,24678,24678,0,0,0,0,1326.061301514043
|||;24678,24678,24678,24678,0,0,0,0,1331.061301514043
|||;24678,24678,24678,24678,0,0,0,0,1336.061301514043
|||;24678,24678,24678,24678,0,0,0,0,1341.061301514043
|||;24678,24678,24678,24678,0,0,0,0,1346.061301514043
|||;24678,24678,24678,24678,0,0,0,0,1351.061301514043
|||;24678,24678,24678,24678,0,0,0,0,1356.061301514043
|||;24678,24678,24678,24678,0,0,0,0,1361.061301514043
|||;24678,24678,24678,24678,0,0,0,0,1366.061301514043
|||;24678,24678,24678,24678,0,0,0,0,1371.061301514043
|||;24678,24678,24678,24678,0,0,0,0,1376.061301514043
|||;24678,24678,24678,24678,0,0,0,0,1381.061301514043
|||;24678,24678,24678,24678,0,0,0,0,1386.061301514043
|||;24678,24678,24678,24678,0,0,0,0,1391.061301514043
|||;24678,24678,24678,24678,0,0,0,0,1396.061301514043
|||;24678,24678,24678,24678,0,0,0,0,1401.061301514043
|||;24678,24678,24678,24678,0,0,0,0,1406.061301514043
|||;24678,24678,24678,24678,0,0,0,0,1411.061301514043
|||;24678,24678,24678,24678,0,0,0,0,1416.061301514043
|||;24678,24678,24678,24678,0,0,0,0,1421.061301514043
|||;24678,24678,24678,24678,0,0,0,0,1426.061301514043
|||;24678,24678,24678,24678,0,0,0,0,1431.061301514043
|||;24678,24678,24678,24678,0,0,0,0,1436.061301514043
|||;24678,24678,24678,24678,0,0,0,0,1441.061301514043
|||;24678,24678,24678,24678,0,0,0,0,1446.061301514043
|||;24678,24678,24678,24678,0,0,0,0,1451.061301514043
|||;24678,24678,24678,24678,0,0,0,0,1456.061301514043
|||;24678,24678,24678,24678,0,0,0,0,1461.061301514043
|||;24678,24678,24678,24678,0,0,0,0,1466.061301514043
|||;24678,24678,24678,24678,0,0,0,0,1471.061301514043
|||;24678,24678,24678,24678,0,0,0,0,1476.061301514043
|||;24678,24678,24678,24678,0,0,0,0,1481.061301514043
|||;24678,24678,24678,24678,0,0,0,0,1486.061301514043
|||;24678,24678,24678,24678,0,0,0,0,1491.061301514043
|||;24678,24678,24678,24678,0,0,0,0,1496.061301514043
|||;24678,24678,24678,24678,0,0,0,0,1501.061301514043
|||;24678,24678,24678,24678,0,0,0,0,1506.061301514043
|||;24678,24678,24678,24678,0,0,0,0,1511.061301514043
|||;24678,24678,24678,24678,0,0,0,0,1516.061301514043
|||;24678,24678,24678,24678,0,0,0,0,1521.061301514043
|||;24678,24678,24678,24678,0,0,0,0,1526.061301514043
|||;24678,24678,24678,24678,0,0,0,0,1531.061301514043
|||;24678,24678,24678,24678,0,0,0,0,1536.061301514043
|||;24678,24678,24678,24678,0,0,0,0,1541.061301514043
|||;24678,24678,24678,24678,0,0,0,0,1546.061301514043
|||;24678,24678,24678,24678,0,0,0,0,1551.061301514043
|||;24678,24678,24678,24678,0,0,0,0,1556.061301514043
|||;24678,24678,24678,24678,0,0,0,0,1561.061301514043
|||;24678,24678,24678,24678,0,0,0,0,1566.061301514043
|||;24678,24678,24678,24678,0,0,0,0,1571.061301514043
|||;24678,24678,24678,24678,0,0,0,0,1576.061301514043
|||;24678,24678,24678,24678,0,0,0,0,1581.061301514043
|||;24678,24678,24678,24678,0,0,0,0,1586.061301514043
|||;24678,24678,24678,24678,0,0,0,0,1591.061301514043
|||;24678,24678,24678,24678,0,0,0,0,1596.061301514043
|||;24678,24678,24678,24678,0,0,0,0,1601.061301514043
|||;24678,24678,24678,24678,0,0,0,0,1606.061301514043
|||;24678,24678,24678,24678,0,0,0,0,1611.061301514043
|||;24678,24678,24678,24678,0,0,0,0,1616.061301514043
|||;24678,24678,24678,24678,0,0,0,0,1621.061301514043
903gkxhr(2),|903gkxhr(2),|903gkxhr(2),|903gkxhr(2),;21728.9,22711.9,21728.9,22711.9,13.505017508654,8.611891070784,13.505017508654,8.611891070784,1626.061301514043
903gkxhr(2),|903gkxhr(2),|903gkxhr(2),|903gkxhr(2),;21728.9,22711.9,21728.9,22711.9,8.505017508654,3.611891070784,8.505017508654,3.611891070784,1631.061301514043
903gkxhr(2),||903gkxhr(2),|;21728.9,24678,21728.9,24678,3.505017508654,0,3.505017508654,0,1636.061301514043
|||;24678,24678,24678,24678,0,0,0,0,1641.061301514043
|||;24678,24678,24678,24678,0,0,0,0,1646.061301514043
|||;24678,24678,24678,24678,0,0,0,0,1651.061301514043
|||;24678,24678,24678,24678,0,0,0,0,1656.061301514043
|||;24678,24678,24678,24678,0,0,0,0,1661.061301514043
|||;24678,24678,24678,24678,0,0,0,0,1666.061301514043
|||;24678,24678,24678,24678,0,0,0,0,1671.061301514043
|||;24678,24678,24678,24678,0,0,0,0,1676.061301514043
|||;24678,24678,24678,24678,0,0,0,0,1681.061301514043
|||;24678,24678,24678,24678,0,0,0,0,1686.061301514043
|||;24678,24678,24678,24678,0,0,0,0,1691.061301514043
|||;24678,24678,24678,24678,0,0,0,0,1696.061301514043
|||;24678,24678,24678,24678,0,0,0,0,1701.061301514043
|||;24678,24678,24678,24678,0,0,0,0,1706.061301514043
|||;24678,24678,24678,24678,0,0,0,0,1711.061301514043
|||;24678,24678,24678,24678,0,0,0,0,1716.061301514043
|||;24678,24678,24678,24678,0,0,0,0,1721.061301514043
|||;24678,24678,24678,24678,0,0,0,0,1726.061301514043
|||;24678,24678,24678,24678,0,0,0,0,1731.061301514043
|||;24678,24678,24678,24678,0,0,0,0,1736.061301514043
|||;24678,24678,24678,24678,0,0,0,0,1741.061301514043
|||;24678,24678,24678,24678,0,0,0,0,1746.061301514043
|||;24678,24678,24678,24678,0,0,0,0,1751.061301514043
|||;24678,24678,24678,24678,0,0,0,0,1756.061301514043
|||;24678,24678,24678,24678,0,0,0,0,1761.061301514043
|||;24678,24678,24678,24678,0,0,0,0,1766.061301514043
|||;24678,24678,24678,24678,0,0,0,0,1771.061301514043
|||;24678,24678,24678,24678,0,0,0,0,1776.061301514043
|||;24678,24678,24678,24678,0,0,0,0,1781.061301514043
|||;24678,24678,24678,24678,0,0,0,0,1786.061301514043
|||;24678,24678,24678,24678,0,0,0,0,1791.061301514043
|||;24678,24678,24678,24678,0,0,0,0,1796.061301514043
|||;24678,24678,24678,24678,0,0,0,0,1801.061301514043
|||;24678,24678,24678,24678,0,0,0,0,1806.061301514043
|||;24678,24678,24678,24678,0,0,0,0,1811.061301514043
|||;24678,24678,24678,24678,0,0,0,0,1816.061301514043
|||;24678,24678,24678,24678,0,0,0,0,1821.061301514043
|||;24678,24678,24678,24678,0,0,0,0,1826.061301514043
|||;24678,24678,24678,24678,0,0,0,0,1831.061301514043
|||;24678,24678,24678,24678,0,0,0,0,1836.061301514043
|||;24678,24678,24678,24678,0,0,0,0,1841.061301514043
|||;24678,24678,24678,24678,0,0,0,0,1846.061301514043
|||;24678,24678,24678,24678,0,0,0,0,1851.061301514043
|||;24678,24678,24678,24678,0,0,0,0,1856.061301514043
|||;24678,24678,24678,24678,0,0,0,0,1861.061301514043
|||;24678,24678,24678,24678,0,0,0,0,1866.061301514043
|||;24678,24678,24678,24678,0,0,0,0,1871.061301514043
|||;24678,24678,24678,24678,0,0,0,0,1876.061301514043
|||;24678,24678,24678,24678,0,0,0,0,1881.061301514043
|||;24678,24678,24678,24678,0,0,0,0,1886.061301514043
|||;24678,24678,24678,24678,0,0,0,0,1891.061301514043
|||;24678,24678,24678,24678,0,0,0,0,1896.061301514043
|||;24678,24678,24678,24678,0,0,0,0,1901.061301514043
|||;24678,24678,24678,24678,0,0,0,0,1906.061301514043
|||;24678,24678,24678,24678,0,0,0,0,1911.061301514043
|||;24678,24678,24678,24678,0,0,0,0,1916.061301514043
|||;24678,24678,24678,24678,0,0,0,0,1921.061301514043
|||;24678,24678,24678,24678,0,0,0,0,1926.061301514043
|||;24678,24678,24678,24678,0,0,0,0,1931.061301514043
|||;24678,24678,24678,24678,0,0,0,0,1936.061301514043
|||;24678,24678,24678,24678,0,0,0,0,1941.061301514043
|||;24678,24678,24678,24678,0,0,0,0,1946.061301514043
|||;24678,24678,24678,24678,0,0,0,0,1951.061301514043
|||;24678,24678,24678,24678,0,0,0,0,1956.061301514043
|||;24678,24678,24678,24678,0,0,0,0,1961.061301514043
|||;24678,24678,24678,24678,0,0,0,0,1966.061301514043
|||;24678,24678,24678,24678,0,0,0,0,1971.061301514043
|||;24678,24678,24678,24678,0,0,0,0,1976.061301514043
|||;24678,24678,24678,24678,0,0,0,0,1981.061301514043
|||;24678,24678,24678,24678,0,0,0,0,1986.061301514043
|||;24678,24678,24678,24678,0,0,0,0,1991.061301514043
|||;24678,24678,24678,24678,0,0,0,0,1996.061301514043
|||;34508,34508,34508,34508,0,0,0,0,1.061301514043
|||;25497,25497,25497,25497,0,0,0,0,1.061301514043
|||;25497,25497,25497,25497,0,0,0,0,6.061301514043
|||;24473,24473,24473,24473,0,0,0,0,1.061301514043
|||;24473,24473,24473,24473,0,0,0,0,6.061301514043
|||;24473,24473,24473,24473,0,0,0,0,11.061301514043
|||;24473,24473,24473,24473,0,0,0,0,16.061301514043
|||;24473,24473,24473,24473,0,0,0,0,21.061301514043
|||;24473,24473,24473,24473,0,0,0,0,26.061301514043
|||;24473,24473,24473,24473,0,0,0,0,31.061301514043
|||;24473,24473,24473,24473,0,0,0,0,36.061301514043
|||;24473,24473,24473,24473,0,0,0,0,41.061301514043
|||;24473,24473,24473,24473,0,0,0,0,46.061301514043
|||;24473,24473,24473,24473,0,0,0,0,51.061301514043
|||;24473,24473,24473,24473,0,0,0,0,56.061301514043
|||;32665,32665,32665,32665,0,0,0,0,1.061301514043
|||;32665,32665,32665,32665,0,0,0,0,6.061301514043
|||;19148,19148,19148,19148,0,0,0,0,1.061301514043
|||;28979,28979,28979,28979,0,0,0,0,1.061301514043
|||;26316,26316,26316,26316,0,0,0,0,1.061301514043
|||;31232,31232,31232,31232,0,0,0,0,1.061301514043
|||;25292,25292,25292,25292,0,0,0,0,1.061301514043
|||;25292,25292,25292,25292,0,0,0,0,6.061301514043
|||;19353,19353,19353,19353,0,0,0,0,1.061301514043
|||;18534,18534,18534,18534,0,0,0,0,1.061301514043
|||;34918,34918,34918,34918,0,0,0,0,1.061301514043
|||;34918,34918,34918,34918,0,0,0,0,6.061301514043
|||;33484,33484,33484,33484,0,0,0,0,1.061301514043
|||;33484,33484,33484,33484,0,0,0,0,6.061301514043
|||;30822,30822,30822,30822,0,0,0,0,1.061301514043
