|||;38195,38195,38195,38195,0,0,0,0,1.119121798605
|||;38195,38195,38195,38195,0,0,0,0,6.119121798605
|||;38195,38195,38195,38195,0,0,0,0,11.119121798605
|||;38195,38195,38195,38195,0,0,0,0,16.119121798605
|||;38195,38195,38195,38195,0,0,0,0,21.119121798605
|||;38195,38195,38195,38195,0,0,0,0,26.119121798605
|||;38195,38195,38195,38195,0,0,0,0,31.119121798605
|||;38195,38195,38195,38195,0,0,0,0,36.119121798605
|||;38195,38195,38195,38195,0,0,0,0,41.119121798605
|||;38195,38195,38195,38195,0,0,0,0,46.119121798605
|||;38195,38195,38195,38195,0,0,0,0,51.119121798605
|||;38195,38195,38195,38195,0,0,0,0,56.119121798605
|||;38195,38195,38195,38195,0,0,0,0,61.119121798605
|||;38195,38195,38195,38195,0,0,0,0,66.119121798605
|||;38195,38195,38195,38195,0,0,0,0,71.119121798605
|||;38195,38195,38195,38195,0,0,0,0,76.119121798605
|||;38195,38195,38195,38195,0,0,0,0,81.119121798605
|||;38195,38195,38195,38195,0,0,0,0,86.119121798605
|||;38195,38195,38195,38195,0,0,0,0,91.119121798605
|||;38195,38195,38195,38195,0,0,0,0,96.119121798605
|||;38195,38195,38195,38195,0,0,0,0,101.119121798605
|||;38195,38195,38195,38195,0,0,0,0,106.119121798605
|||;38195,38195,38195,38195,0,0,0,0,111.119121798605
|||;38195,38195,38195,38195,0,0,0,0,116.119121798605
|||;38195,38195,38195,38195,0,0,0,0,121.119121798605
|||;38195,38195,38195,38195,0,0,0,0,126.119121798605
|||;38195,38195,38195,38195,0,0,0,0,131.119121798605
|||;38195,38195,38195,38195,0,0,0,0,136.119121798605
|||;38195,38195,38195,38195,0,0,0,0,141.119121798605
|||;38195,38195,38195,38195,0,0,0,0,146.119121798605
|||;38195,38195,38195,38195,0,0,0,0,151.119121798605
|||;38195,38195,38195,38195,0,0,0,0,156.119121798605
|||;38195,38195,38195,38195,0,0,0,0,161.119121798605
|||;38195,38195,38195,38195,0,0,0,0,166.119121798605
|||;38195,38195,38195,38195,0,0,0,0,171.119121798605
|||;38195,38195,38195,38195,0,0,0,0,176.119121798605
|||;38195,38195,38195,38195,0,0,0,0,181.119121798605
|||;38195,38195,38195,38195,0,0,0,0,186.119121798605
|||;38195,38195,38195,38195,0,0,0,0,191.119121798605
|||;38195,38195,38195,38195,0,0,0,0,196.119121798605
|||;38195,38195,38195,38195,0,0,0,0,201.119121798605
|||;38195,38195,38195,38195,0,0,0,0,206.119121798605
|||;38195,38195,38195,38195,0,0,0,0,211.119121798605
|||;38195,38195,38195,38195,0,0,0,0,216.119121798605
|||;38195,38195,38195,38195,0,0,0,0,221.119121798605
|||;38195,38195,38195,38195,0,0,0,0,226.119121798605
|||;38195,38195,38195,38195,0,0,0,0,231.119121798605
|||;38195,38195,38195,38195,0,0,0,0,236.119121798605
|||;38195,38195,38195,38195,0,0,0,0,241.119121798605
|||;38195,38195,38195,38195,0,0,0,0,246.119121798605
|||;38195,38195,38195,38195,0,0,0,0,251.119121798605
|||;38195,38195,38195,38195,0,0,0,0,256.119121798605
|||;38195,38195,38195,38195,0,0,0,0,261.119121798605
|||;38195,38195,38195,38195,0,0,0,0,266.119121798605
|||;38195,38195,38195,38195,0,0,0,0,271.119121798605
|||;38195,38195,38195,38195,0,0,0,0,276.119121798605
|||;38195,38195,38195,38195,0,0,0,0,281.119121798605
|||;38195,38195,38195,38195,0,0,0,0,286.119121798605
|||;38195,38195,38195,38195,0,0,0,0,291.119121798605
|||;38195,38195,38195,38195,0,0,0,0,296.119121798605
|||;38195,38195,38195,38195,0,0,0,0,301.119121798605
|||;38195,38195,38195,38195,0,0,0,0,306.119121798605
|||;38195,38195,38195,38195,0,0,0,0,311.119121798605
|||;38195,38195,38195,38195,0,0,0,0,316.119121798605
|||;38195,38195,38195,38195,0,0,0,0,321.119121798605
|||;38195,38195,38195,38195,0,0,0,0,326.119121798605
|||;38195,38195,38195,38195,0,0,0,0,331.119121798605
|||;38195,38195,38195,38195,0,0,0,0,336.119121798605
|||;38195,38195,38195,38195,0,0,0,0,341.119121798605
|||;38195,38195,38195,38195,0,0,0,0,346.119121798605
|||;38195,38195,38195,38195,0,0,0,0,351.119121798605
|||;38195,38195,38195,38195,0,0,0,0,356.119121798605
|||;38195,38195,38195,38195,0,0,0,0,361.119121798605
|||;38195,38195,38195,38195,0,0,0,0,366.119121798605
|||;38195,38195,38195,38195,0,0,0,0,371.119121798605
|||;38195,38195,38195,38195,0,0,0,0,376.119121798605
|||;38195,38195,38195,38195,0,0,0,0,381.119121798605
|||;38195,38195,38195,38195,0,0,0,0,386.119121798605
|||;38195,38195,38195,38195,0,0,0,0,391.119121798605
|||;38195,38195,38195,38195,0,0,0,0,396.119121798605
|||;38195,38195,38195,38195,0,0,0,0,401.119121798605
|||;38195,38195,38195,38195,0,0,0,0,406.119121798605
|||;38195,38195,38195,38195,0,0,0,0,411.119121798605
|||;38195,38195,38195,38195,0,0,0,0,416.119121798605
|||;38195,38195,38195,38195,0,0,0,0,421.119121798605
|||;38195,38195,38195,38195,0,0,0,0,426.119121798605
|||;38195,38195,38195,38195,0,0,0,0,431.119121798605
|||;38195,38195,38195,38195,0,0,0,0,436.119121798605
|||;38195,38195,38195,38195,0,0,0,0,441.119121798605
|||;38195,38195,38195,38195,0,0,0,0,446.119121798605
|||;38195,38195,38195,38195,0,0,0,0,451.119121798605
|||;38195,38195,38195,38195,0,0,0,0,456.119121798605
|||;38195,38195,38195,38195,0,0,0,0,461.119121798605
|||;38195,38195,38195,38195,0,0,0,0,466.119121798605
|||;38195,38195,38195,38195,0,0,0,0,471.119121798605
|||;38195,38195,38195,38195,0,0,0,0,476.119121798605
|||;38195,38195,38195,38195,0,0,0,0,481.119121798605
|||;38195,38195,38195,38195,0,0,0,0,486.119121798605
|||;38195,38195,38195,38195,0,0,0,0,491.119121798605
|||;38195,38195,38195,38195,0,0,0,0,496.119121798605
|||;38195,38195,38195,38195,0,0,0,0,501.119121798605
|||;38195,38195,38195,38195,0,0,0,0,506.119121798605
|||;38195,38195,38195,38195,0,0,0,0,511.119121798605
|||;38195,38195,38195,38195,0,0,0,0,516.119121798605
|||;38195,38195,38195,38195,0,0,0,0,521.119121798605
|||;38195,38195,38195,38195,0,0,0,0,526.119121798605
|||;38195,38195,38195,38195,0,0,0,0,531.119121798605
|||;38195,38195,38195,38195,0,0,0,0,536.119121798605
|||;38195,38195,38195,38195,0,0,0,0,541.119121798605
|||;38195,38195,38195,38195,0,0,0,0,546.119121798605
|||;38195,38195,38195,38195,0,0,0,0,551.119121798605
|||;38195,38195,38195,38195,0,0,0,0,556.119121798605
|||;38195,38195,38195,38195,0,0,0,0,561.119121798605
|||;38195,38195,38195,38195,0,0,0,0,566.119121798605
|||;38195,38195,38195,38195,0,0,0,0,571.119121798605
|||;38195,38195,38195,38195,0,0,0,0,576.119121798605
|||;38195,38195,38195,38195,0,0,0,0,581.119121798605
|||;38195,38195,38195,38195,0,0,0,0,586.119121798605
|||;38195,38195,38195,38195,0,0,0,0,591.119121798605
|||;38195,38195,38195,38195,0,0,0,0,596.119121798605
|||;38195,38195,38195,38195,0,0,0,0,601.119121798605
|||;38195,38195,38195,38195,0,0,0,0,606.119121798605
|||;38195,38195,38195,38195,0,0,0,0,611.119121798605
|||;38195,38195,38195,38195,0,0,0,0,616.119121798605
|||;38195,38195,38195,38195,0,0,0,0,621.119121798605
|||;38195,38195,38195,38195,0,0,0,0,626.119121798605
|||;38195,38195,38195,38195,0,0,0,0,631.119121798605
|||;38195,38195,38195,38195,0,0,0,0,636.119121798605
|||;38195,38195,38195,38195,0,0,0,0,641.119121798605
|||;38195,38195,38195,38195,0,0,0,0,646.119121798605
|||;38195,38195,38195,38195,0,0,0,0,651.119121798605
|||;38195,38195,38195,38195,0,0,0,0,656.119121798605
|||;38195,38195,38195,38195,0,0,0,0,661.119121798605
|||;38195,38195,38195,38195,0,0,0,0,666.119121798605
|||;38195,38195,38195,38195,0,0,0,0,671.119121798605
|||;38195,38195,38195,38195,0,0,0,0,676.119121798605
|||;38195,38195,38195,38195,0,0,0,0,681.119121798605
|||;38195,38195,38195,38195,0,0,0,0,686.119121798605
|||;38195,38195,38195,38195,0,0,0,0,691.119121798605
|||;38195,38195,38195,38195,0,0,0,0,696.119121798605
|||;38195,38195,38195,38195,0,0,0,0,701.119121798605
|||;38195,38195,38195,38195,0,0,0,0,706.119121798605
|||;38195,38195,38195,38195,0,0,0,0,711.119121798605
|||;38195,38195,38195,38195,0,0,0,0,716.119121798605
|||;38195,38195,38195,38195,0,0,0,0,721.119121798605
|||;38195,38195,38195,38195,0,0,0,0,726.119121798605
|||;38195,38195,38195,38195,0,0,0,0,731.119121798605
|||;38195,38195,38195,38195,0,0,0,0,736.119121798605
|||;38195,38195,38195,38195,0,0,0,0,741.119121798605
|||;38195,38195,38195,38195,0,0,0,0,746.119121798605
|||;38195,38195,38195,38195,0,0,0,0,751.119121798605
|||;38195,38195,38195,38195,0,0,0,0,756.119121798605
|||;38195,38195,38195,38195,0,0,0,0,761.119121798605
|||;38195,38195,38195,38195,0,0,0,0,766.119121798605
|||;38195,38195,38195,38195,0,0,0,0,771.119121798605
|||;38195,38195,38195,38195,0,0,0,0,776.119121798605
|||;38195,38195,38195,38195,0,0,0,0,781.119121798605
|||;38195,38195,38195,38195,0,0,0,0,786.119121798605
|||;38195,38195,38195,38195,0,0,0,0,791.119121798605
|||;38195,38195,38195,38195,0,0,0,0,796.119121798605
|||;38195,38195,38195,38195,0,0,0,0,801.119121798605
|||;38195,38195,38195,38195,0,0,0,0,806.119121798605
|||;38195,38195,38195,38195,0,0,0,0,811.119121798605
|||;38195,38195,38195,38195,0,0,0,0,816.119121798605
|||;38195,38195,38195,38195,0,0,0,0,821.119121798605
|||;38195,38195,38195,38195,0,0,0,0,826.119121798605
|||;38195,38195,38195,38195,0,0,0,0,831.119121798605
|||;38195,38195,38195,38195,0,0,0,0,836.119121798605
|||;38195,38195,38195,38195,0,0,0,0,841.119121798605
|||;38195,38195,38195,38195,0,0,0,0,846.119121798605
|||;38195,38195,38195,38195,0,0,0,0,851.119121798605
|||;38195,38195,38195,38195,0,0,0,0,856.119121798605
|||;38195,38195,38195,38195,0,0,0,0,861.119121798605
|||;38195,38195,38195,38195,0,0,0,0,866.119121798605
|||;38195,38195,38195,38195,0,0,0,0,871.119121798605
|||;38195,38195,38195,38195,0,0,0,0,876.119121798605
|||;38195,38195,38195,38195,0,0,0,0,881.119121798605
|||;38195,38195,38195,38195,0,0,0,0,886.119121798605
|||;38195,38195,38195,38195,0,0,0,0,891.119121798605
|||;38195,38195,38195,38195,0,0,0,0,896.119121798605
|||;38195,38195,38195,38195,0,0,0,0,901.119121798605
|||;38195,38195,38195,38195,0,0,0,0,906.119121798605
|||;38195,38195,38195,38195,0,0,0,0,911.119121798605
|||;38195,38195,38195,38195,0,0,0,0,916.119121798605
|||;38195,38195,38195,38195,0,0,0,0,921.119121798605
|||;38195,38195,38195,38195,0,0,0,0,926.119121798605
|||;38195,38195,38195,38195,0,0,0,0,931.119121798605
|||;38195,38195,38195,38195,0,0,0,0,936.119121798605
|||;38195,38195,38195,38195,0,0,0,0,941.119121798605
|||;38195,38195,38195,38195,0,0,0,0,946.119121798605
|||;38195,38195,38195,38195,0,0,0,0,951.119121798605
|||;38195,38195,38195,38195,0,0,0,0,956.119121798605
|||;38195,38195,38195,38195,0,0,0,0,961.119121798605
|||;38195,38195,38195,38195,0,0,0,0,966.119121798605
|||;38195,38195,38195,38195,0,0,0,0,971.119121798605
|||;38195,38195,38195,38195,0,0,0,0,976.119121798605
|||;38195,38195,38195,38195,0,0,0,0,981.119121798605
|||;38195,38195,38195,38195,0,0,0,0,986.119121798605
|||;38195,38195,38195,38195,0,0,0,0,991.119121798605
|||;38195,38195,38195,38195,0,0,0,0,996.119121798605
|||;38195,38195,38195,38195,0,0,0,0,1001.119121798605
|||;38195,38195,38195,38195,0,0,0,0,1006.119121798605
|||;38195,38195,38195,38195,0,0,0,0,1011.119121798605
|||;38195,38195,38195,38195,0,0,0,0,1016.119121798605
|||;38195,38195,38195,38195,0,0,0,0,1021.119121798605
|||;38195,38195,38195,38195,0,0,0,0,1026.119121798605
|||;38195,38195,38195,38195,0,0,0,0,1031.119121798605
|||;38195,38195,38195,38195,0,0,0,0,1036.119121798605
|||;38195,38195,38195,38195,0,0,0,0,1041.119121798605
|||;38195,38195,38195,38195,0,0,0,0,1046.119121798605
|||;38195,38195,38195,38195,0,0,0,0,1051.119121798605
|||;38195,38195,38195,38195,0,0,0,0,1056.119121798605
|||;38195,38195,38195,38195,0,0,0,0,1061.119121798605
|||;38195,38195,38195,38195,0,0,0,0,1066.119121798605
|||;38195,38195,38195,38195,0,0,0,0,1071.119121798605
|||;38195,38195,38195,38195,0,0,0,0,1076.119121798605
|||;38195,38195,38195,38195,0,0,0,0,1081.119121798605
|||;38195,38195,38195,38195,0,0,0,0,1086.119121798605
|||;38195,38195,38195,38195,0,0,0,0,1091.119121798605
|||;38195,38195,38195,38195,0,0,0,0,1096.119121798605
|||;38195,38195,38195,38195,0,0,0,0,1101.119121798605
|||;38195,38195,38195,38195,0,0,0,0,1106.119121798605
|||;38195,38195,38195,38195,0,0,0,0,1111.119121798605
|||;38195,38195,38195,38195,0,0,0,0,1116.119121798605
|||;38195,38195,38195,38195,0,0,0,0,1121.119121798605
|||;38195,38195,38195,38195,0,0,0,0,1126.119121798605
|||;38195,38195,38195,38195,0,0,0,0,1131.119121798605
|||;38195,38195,38195,38195,0,0,0,0,1136.119121798605
|||;38195,38195,38195,38195,0,0,0,0,1141.119121798605
|||;38195,38195,38195,38195,0,0,0,0,1146.119121798605
|||;38195,38195,38195,38195,0,0,0,0,1151.119121798605
|||;38195,38195,38195,38195,0,0,0,0,1156.119121798605
|||;38195,38195,38195,38195,0,0,0,0,1161.119121798605
|||;38195,38195,38195,38195,0,0,0,0,1166.119121798605
|||;38195,38195,38195,38195,0,0,0,0,1171.119121798605
|||;38195,38195,38195,38195,0,0,0,0,1176.119121798605
|||;38195,38195,38195,38195,0,0,0,0,1181.119121798605
|||;38195,38195,38195,38195,0,0,0,0,1186.119121798605
|||;38195,38195,38195,38195,0,0,0,0,1191.119121798605
|||;38195,38195,38195,38195,0,0,0,0,1196.119121798605
|||;38195,38195,38195,38195,0,0,0,0,1201.119121798605
|||;38195,38195,38195,38195,0,0,0,0,1206.119121798605
|||;38195,38195,38195,38195,0,0,0,0,1211.119121798605
|||;38195,38195,38195,38195,0,0,0,0,1216.119121798605
|||;38195,38195,38195,38195,0,0,0,0,1221.119121798605
|||;38195,38195,38195,38195,0,0,0,0,1226.119121798605
|||;38195,38195,38195,38195,0,0,0,0,1231.119121798605
|||;38195,38195,38195,38195,0,0,0,0,1236.119121798605
|||;38195,38195,38195,38195,0,0,0,0,1241.119121798605
|||;38195,38195,38195,38195,0,0,0,0,1246.119121798605
|||;38195,38195,38195,38195,0,0,0,0,1251.119121798605
|||;38195,38195,38195,38195,0,0,0,0,1256.119121798605
|||;38195,38195,38195,38195,0,0,0,0,1261.119121798605
|||;38195,38195,38195,38195,0,0,0,0,1266.119121798605
|||;38195,38195,38195,38195,0,0,0,0,1271.119121798605
|||;38195,38195,38195,38195,0,0,0,0,1276.119121798605
|||;38195,38195,38195,38195,0,0,0,0,1281.119121798605
|||;38195,38195,38195,38195,0,0,0,0,1286.119121798605
|||;38195,38195,38195,38195,0,0,0,0,1291.119121798605
|||;38195,38195,38195,38195,0,0,0,0,1296.119121798605
|||;38195,38195,38195,38195,0,0,0,0,1301.119121798605
|||;38195,38195,38195,38195,0,0,0,0,1306.119121798605
|||;38195,38195,38195,38195,0,0,0,0,1311.119121798605
|||;38195,38195,38195,38195,0,0,0,0,1316.119121798605
|||;38195,38195,38195,38195,0,0,0,0,1321.119121798605
|||;38195,38195,38195,38195,0,0,0,0,1326.119121798605
|||;38195,38195,38195,38195,0,0,0,0,1331.119121798605
|||;38195,38195,38195,38195,0,0,0,0,1336.119121798605
|||;38195,38195,38195,38195,0,0,0,0,1341.119121798605
|||;38195,38195,38195,38195,0,0,0,0,1346.119121798605
|||;38195,38195,38195,38195,0,0,0,0,1351.119121798605
|||;38195,38195,38195,38195,0,0,0,0,1356.119121798605
|||;38195,38195,38195,38195,0,0,0,0,1361.119121798605
|||;38195,38195,38195,38195,0,0,0,0,1366.119121798605
|||;38195,38195,38195,38195,0,0,0,0,1371.119121798605
|||;38195,38195,38195,38195,0,0,0,0,1376.119121798605
|||;38195,38195,38195,38195,0,0,0,0,1381.119121798605
|||;38195,38195,38195,38195,0,0,0,0,1386.119121798605
|||;38195,38195,38195,38195,0,0,0,0,1391.119121798605
|||;38195,38195,38195,38195,0,0,0,0,1396.119121798605
|||;38195,38195,38195,38195,0,0,0,0,1401.119121798605
|||;38195,38195,38195,38195,0,0,0,0,1406.119121798605
|||;38195,38195,38195,38195,0,0,0,0,1411.119121798605
|||;38195,38195,38195,38195,0,0,0,0,1416.119121798605
|||;38195,38195,38195,38195,0,0,0,0,1421.119121798605
|||;38195,38195,38195,38195,0,0,0,0,1426.119121798605
|||;38195,38195,38195,38195,0,0,0,0,1431.119121798605
|||;38195,38195,38195,38195,0,0,0,0,1436.119121798605
|||;38195,38195,38195,38195,0,0,0,0,1441.119121798605
|||;38195,38195,38195,38195,0,0,0,0,1446.119121798605
|||;38195,38195,38195,38195,0,0,0,0,1451.119121798605
|||;38195,38195,38195,38195,0,0,0,0,1456.119121798605
|||;38195,38195,38195,38195,0,0,0,0,1461.119121798605
|||;38195,38195,38195,38195,0,0,0,0,1466.119121798605
|||;38195,38195,38195,38195,0,0,0,0,1471.119121798605
|||;38195,38195,38195,38195,0,0,0,0,1476.119121798605
|||;38195,38195,38195,38195,0,0,0,0,1481.119121798605
|||;38195,38195,38195,38195,0,0,0,0,1486.119121798605
|||;38195,38195,38195,38195,0,0,0,0,1491.119121798605
|||;38195,38195,38195,38195,0,0,0,0,1496.119121798605
|||;38195,38195,38195,38195,0,0,0,0,1501.119121798605
|||;38195,38195,38195,38195,0,0,0,0,1506.119121798605
|||;38195,38195,38195,38195,0,0,0,0,1511.119121798605
|||;38195,38195,38195,38195,0,0,0,0,1516.119121798605
|||;38195,38195,38195,38195,0,0,0,0,1521.119121798605
|||;38195,38195,38195,38195,0,0,0,0,1526.119121798605
|||;38195,38195,38195,38195,0,0,0,0,1531.119121798605
|||;38195,38195,38195,38195,0,0,0,0,1536.119121798605
|||;38195,38195,38195,38195,0,0,0,0,1541.119121798605
|||;38195,38195,38195,38195,0,0,0,0,1546.119121798605
|||;38195,38195,38195,38195,0,0,0,0,1551.119121798605
|||;38195,38195,38195,38195,0,0,0,0,1556.119121798605
|||;38195,38195,38195,38195,0,0,0,0,1561.119121798605
|||;38195,38195,38195,38195,0,0,0,0,1566.119121798605
|||;38195,38195,38195,38195,0,0,0,0,1571.119121798605
|||;38195,38195,38195,38195,0,0,0,0,1576.119121798605
|||;38195,38195,38195,38195,0,0,0,0,1581.119121798605
|||;38195,38195,38195,38195,0,0,0,0,1586.119121798605
|||;38195,38195,38195,38195,0,0,0,0,1591.119121798605
|||;38195,38195,38195,38195,0,0,0,0,1596.119121798605
|||;38195,38195,38195,38195,0,0,0,0,1601.119121798605
|||;38195,38195,38195,38195,0,0,0,0,1606.119121798605
|||;38195,38195,38195,38195,0,0,0,0,1611.119121798605
|||;38195,38195,38195,38195,0,0,0,0,1616.119121798605
|||;38195,38195,38195,38195,0,0,0,0,1621.119121798605
|||;38195,38195,38195,38195,0,0,0,0,1626.119121798605
|||;38195,38195,38195,38195,0,0,0,0,1631.119121798605
|||;38195,38195,38195,38195,0,0,0,0,1636.119121798605
|||;38195,38195,38195,38195,0,0,0,0,1641.119121798605
|||;38195,38195,38195,38195,0,0,0,0,1646.119121798605
|||;38195,38195,38195,38195,0,0,0,0,1651.119121798605
|||;38195,38195,38195,38195,0,0,0,0,1656.119121798605
|||;38195,38195,38195,38195,0,0,0,0,1661.119121798605
|||;38195,38195,38195,38195,0,0,0,0,1666.119121798605
|||;38195,38195,38195,38195,0,0,0,0,1671.119121798605
|||;38195,38195,38195,38195,0,0,0,0,1676.119121798605
|||;38195,38195,38195,38195,0,0,0,0,1681.119121798605
|||;38195,38195,38195,38195,0,0,0,0,1686.119121798605
|||;38195,38195,38195,38195,0,0,0,0,1691.119121798605
|||;38195,38195,38195,38195,0,0,0,0,1696.119121798605
|||;38195,38195,38195,38195,0,0,0,0,1701.119121798605
|||;38195,38195,38195,38195,0,0,0,0,1706.119121798605
|||;38195,38195,38195,38195,0,0,0,0,1711.119121798605
|||;38195,38195,38195,38195,0,0,0,0,1716.119121798605
|||;38195,38195,38195,38195,0,0,0,0,1721.119121798605
|||;38195,38195,38195,38195,0,0,0,0,1726.119121798605
|||;38195,38195,38195,38195,0,0,0,0,1731.119121798605
|||;38195,38195,38195,38195,0,0,0,0,1736.119121798605
|||;38195,38195,38195,38195,0,0,0,0,1741.119121798605
|||;38195,38195,38195,38195,0,0,0,0,1746.119121798605
|||;38195,38195,38195,38195,0,0,0,0,1751.119121798605
|||;38195,38195,38195,38195,0,0,0,0,1756.119121798605
|||;38195,38195,38195,38195,0,0,0,0,1761.119121798605
|||;38195,38195,38195,38195,0,0,0,0,1766.119121798605
|||;38195,38195,38195,38195,0,0,0,0,1771.119121798605
|||;38195,38195,38195,38195,0,0,0,0,1776.119121798605
|||;38195,38195,38195,38195,0,0,0,0,1781.119121798605
|||;38195,38195,38195,38195,0,0,0,0,1786.119121798605
|||;38195,38195,38195,38195,0,0,0,0,1791.119121798605
|||;38195,38195,38195,38195,0,0,0,0,1796.119121798605
|||;38195,38195,38195,38195,0,0,0,0,1801.119121798605
|||;38195,38195,38195,38195,0,0,0,0,1806.119121798605
|||;38195,38195,38195,38195,0,0,0,0,1811.119121798605
|||;38195,38195,38195,38195,0,0,0,0,1816.119121798605
|||;38195,38195,38195,38195,0,0,0,0,1821.119121798605
|||;38195,38195,38195,38195,0,0,0,0,1826.119121798605
|||;38195,38195,38195,38195,0,0,0,0,1831.119121798605
|||;38195,38195,38195,38195,0,0,0,0,1836.119121798605
|||;38195,38195,38195,38195,0,0,0,0,1841.119121798605
|||;38195,38195,38195,38195,0,0,0,0,1846.119121798605
|||;38195,38195,38195,38195,0,0,0,0,1851.119121798605
|||;38195,38195,38195,38195,0,0,0,0,1856.119121798605
|||;38195,38195,38195,38195,0,0,0,0,1861.119121798605
|||;38195,38195,38195,38195,0,0,0,0,1866.119121798605
|||;38195,38195,38195,38195,0,0,0,0,1871.119121798605
|||;38195,38195,38195,38195,0,0,0,0,1876.119121798605
|||;38195,38195,38195,38195,0,0,0,0,1881.119121798605
|||;38195,38195,38195,38195,0,0,0,0,1886.119121798605
|||;38195,38195,38195,38195,0,0,0,0,1891.119121798605
|||;38195,38195,38195,38195,0,0,0,0,1896.119121798605
|||;38195,38195,38195,38195,0,0,0,0,1901.119121798605
|||;38195,38195,38195,38195,0,0,0,0,1906.119121798605
|||;38195,38195,38195,38195,0,0,0,0,1911.119121798605
|||;38195,38195,38195,38195,0,0,0,0,1916.119121798605
|||;38195,38195,38195,38195,0,0,0,0,1921.119121798605
|||;38195,38195,38195,38195,0,0,0,0,1926.119121798605
|||;38195,38195,38195,38195,0,0,0,0,1931.119121798605
|||;38195,38195,38195,38195,0,0,0,0,1936.119121798605
|||;38195,38195,38195,38195,0,0,0,0,1941.119121798605
|||;38195,38195,38195,38195,0,0,0,0,1946.119121798605
|||;38195,38195,38195,38195,0,0,0,0,1951.119121798605
|||;38195,38195,38195,38195,0,0,0,0,1956.119121798605
|||;38195,38195,38195,38195,0,0,0,0,1961.119121798605
|||;38195,38195,38195,38195,0,0,0,0,1966.119121798605
|||;38195,38195,38195,38195,0,0,0,0,1971.119121798605
|||;38195,38195,38195,38195,0,0,0,0,1976.119121798605
|||;38195,38195,38195,38195,0,0,0,0,1981.119121798605
|||;38195,38195,38195,38195,0,0,0,0,1986.119121798605
|||;38195,38195,38195,38195,0,0,0,0,1991.119121798605
|||;38195,38195,38195,38195,0,0,0,0,1996.119121798605
