|||;33894,33894,33894,33894,0,0,0,0,1.122265824962
757odplf(2),|757odplf(2),||;33351.3,33351.3,33894,33894,2.124720903446,2.124720903446,0,0,6.122265824962
757odplf(3),|757odplf(3),||;33351.3,33351.3,33894,33894,0,0,0,0,11.122265824962
757odplf(3),|757odplf(3),||;33351.3,33351.3,33894,33894,0,0,0,0,16.122265824962
757odplf(3),|757odplf(3),||;33351.3,33351.3,33894,33894,0,0,0,0,21.122265824962
757odplf(3),|757odplf(3),||;33351.3,33351.3,33894,33894,0,0,0,0,26.122265824962
757odplf(3),|757odplf(3),||;33351.3,33351.3,33894,33894,0,0,0,0,31.122265824962
757odplf(3),|757odplf(3),||;33351.3,33351.3,33894,33894,0,0,0,0,36.122265824962
757odplf(3),|757odplf(3),||;33351.3,33351.3,33894,33894,0,0,0,0,41.122265824962
757odplf(3),|757odplf(3),||;33351.3,33351.3,33894,33894,0,0,0,0,46.122265824962
757odplf(3),|757odplf(3),||;33351.3,33351.3,33894,33894,0,0,0,0,51.122265824962
757odplf(3),|757odplf(3),||;33351.3,33351.3,33894,33894,0,0,0,0,56.122265824962
|||;33894,33894,33894,33894,0,0,0,0,61.122265824962
|||;33894,33894,33894,33894,0,0,0,0,66.122265824962
|||;33894,33894,33894,33894,0,0,0,0,71.122265824962
|||;33894,33894,33894,33894,0,0,0,0,76.122265824962
|||;33894,33894,33894,33894,0,0,0,0,81.122265824962
|||;33894,33894,33894,33894,0,0,0,0,86.122265824962
|||;33894,33894,33894,33894,0,0,0,0,91.122265824962
|||;33894,33894,33894,33894,0,0,0,0,96.122265824962
|||;33894,33894,33894,33894,0,0,0,0,101.122265824962
|||;33894,33894,33894,33894,0,0,0,0,106.122265824962
|||;33894,33894,33894,33894,0,0,0,0,111.122265824962
|||;33894,33894,33894,33894,0,0,0,0,116.122265824962
|||;33894,33894,33894,33894,0,0,0,0,121.122265824962
|||;33894,33894,33894,33894,0,0,0,0,126.122265824962
|||;33894,33894,33894,33894,0,0,0,0,131.122265824962
|||;33894,33894,33894,33894,0,0,0,0,136.122265824962
|||;33894,33894,33894,33894,0,0,0,0,141.122265824962
|||;33894,33894,33894,33894,0,0,0,0,146.122265824962
|||;33894,33894,33894,33894,0,0,0,0,151.122265824962
|||;33894,33894,33894,33894,0,0,0,0,156.122265824962
|||;33894,33894,33894,33894,0,0,0,0,161.122265824962
|||;33894,33894,33894,33894,0,0,0,0,166.122265824962
|||;33894,33894,33894,33894,0,0,0,0,171.122265824962
|||;33894,33894,33894,33894,0,0,0,0,176.122265824962
|||;33894,33894,33894,33894,0,0,0,0,181.122265824962
|||;33894,33894,33894,33894,0,0,0,0,186.122265824962
|||;33894,33894,33894,33894,0,0,0,0,191.122265824962
|||;33894,33894,33894,33894,0,0,0,0,196.122265824962
|||;33894,33894,33894,33894,0,0,0,0,201.122265824962
|||;33894,33894,33894,33894,0,0,0,0,206.122265824962
|||;33894,33894,33894,33894,0,0,0,0,211.122265824962
|||;33894,33894,33894,33894,0,0,0,0,216.122265824962
|||;33894,33894,33894,33894,0,0,0,0,221.122265824962
|||;33894,33894,33894,33894,0,0,0,0,226.122265824962
|||;33894,33894,33894,33894,0,0,0,0,231.122265824962
|||;33894,33894,33894,33894,0,0,0,0,236.122265824962
|||;33894,33894,33894,33894,0,0,0,0,241.122265824962
|||;33894,33894,33894,33894,0,0,0,0,246.122265824962
|||;33894,33894,33894,33894,0,0,0,0,251.122265824962
|||;33894,33894,33894,33894,0,0,0,0,256.122265824962
|||;33894,33894,33894,33894,0,0,0,0,261.122265824962
|||;33894,33894,33894,33894,0,0,0,0,266.122265824962
|||;33894,33894,33894,33894,0,0,0,0,271.122265824962
|||;33894,33894,33894,33894,0,0,0,0,276.122265824962
|||;33894,33894,33894,33894,0,0,0,0,281.122265824962
|||;33894,33894,33894,33894,0,0,0,0,286.122265824962
|||;33894,33894,33894,33894,0,0,0,0,291.122265824962
|||;33894,33894,33894,33894,0,0,0,0,296.122265824962
|||;33894,33894,33894,33894,0,0,0,0,301.122265824962
|||;33894,33894,33894,33894,0,0,0,0,306.122265824962
|||;33894,33894,33894,33894,0,0,0,0,311.122265824962
|||;33894,33894,33894,33894,0,0,0,0,316.122265824962
|||;33894,33894,33894,33894,0,0,0,0,321.122265824962
|||;33894,33894,33894,33894,0,0,0,0,326.122265824962
|||;33894,33894,33894,33894,0,0,0,0,331.122265824962
|||;33894,33894,33894,33894,0,0,0,0,336.122265824962
|||;33894,33894,33894,33894,0,0,0,0,341.122265824962
|||;33894,33894,33894,33894,0,0,0,0,346.122265824962
|||;33894,33894,33894,33894,0,0,0,0,351.122265824962
|||;33894,33894,33894,33894,0,0,0,0,356.122265824962
|||;33894,33894,33894,33894,0,0,0,0,361.122265824962
|||;33894,33894,33894,33894,0,0,0,0,366.122265824962
|||;33894,33894,33894,33894,0,0,0,0,371.122265824962
|||;33894,33894,33894,33894,0,0,0,0,376.122265824962
|||;33894,33894,33894,33894,0,0,0,0,381.122265824962
|||;33894,33894,33894,33894,0,0,0,0,386.122265824962
|||;33894,33894,33894,33894,0,0,0,0,391.122265824962
|||;33894,33894,33894,33894,0,0,0,0,396.122265824962
|||;33894,33894,33894,33894,0,0,0,0,401.122265824962
|||;33894,33894,33894,33894,0,0,0,0,406.122265824962
|||;33894,33894,33894,33894,0,0,0,0,411.122265824962
|||;33894,33894,33894,33894,0,0,0,0,416.122265824962
|||;33894,33894,33894,33894,0,0,0,0,421.122265824962
|||;33894,33894,33894,33894,0,0,0,0,426.122265824962
|||;33894,33894,33894,33894,0,0,0,0,431.122265824962
|||;33894,33894,33894,33894,0,0,0,0,436.122265824962
|||;33894,33894,33894,33894,0,0,0,0,441.122265824962
|||;33894,33894,33894,33894,0,0,0,0,446.122265824962
|||;33894,33894,33894,33894,0,0,0,0,451.122265824962
|||;33894,33894,33894,33894,0,0,0,0,456.122265824962
|||;33894,33894,33894,33894,0,0,0,0,461.122265824962
|||;33894,33894,33894,33894,0,0,0,0,466.122265824962
|||;33894,33894,33894,33894,0,0,0,0,471.122265824962
|||;33894,33894,33894,33894,0,0,0,0,476.122265824962
|||;33894,33894,33894,33894,0,0,0,0,481.122265824962
|||;33894,33894,33894,33894,0,0,0,0,486.122265824962
|||;33894,33894,33894,33894,0,0,0,0,491.122265824962
|||;33894,33894,33894,33894,0,0,0,0,496.122265824962
|||;33894,33894,33894,33894,0,0,0,0,501.122265824962
|||;33894,33894,33894,33894,0,0,0,0,506.122265824962
|||;33894,33894,33894,33894,0,0,0,0,511.122265824962
|||;33894,33894,33894,33894,0,0,0,0,516.122265824962
|||;33894,33894,33894,33894,0,0,0,0,521.122265824962
|||;33894,33894,33894,33894,0,0,0,0,526.122265824962
|||;33894,33894,33894,33894,0,0,0,0,531.122265824962
|||;33894,33894,33894,33894,0,0,0,0,536.122265824962
|||;33894,33894,33894,33894,0,0,0,0,541.122265824962
|||;33894,33894,33894,33894,0,0,0,0,546.122265824962
|||;33894,33894,33894,33894,0,0,0,0,551.122265824962
|||;33894,33894,33894,33894,0,0,0,0,556.122265824962
|||;33894,33894,33894,33894,0,0,0,0,561.122265824962
|||;33894,33894,33894,33894,0,0,0,0,566.122265824962
|||;33894,33894,33894,33894,0,0,0,0,571.122265824962
|||;33894,33894,33894,33894,0,0,0,0,576.122265824962
|||;33894,33894,33894,33894,0,0,0,0,581.122265824962
|||;33894,33894,33894,33894,0,0,0,0,586.122265824962
|||;33894,33894,33894,33894,0,0,0,0,591.122265824962
|||;33894,33894,33894,33894,0,0,0,0,596.122265824962
|||;33894,33894,33894,33894,0,0,0,0,601.122265824962
|||;33894,33894,33894,33894,0,0,0,0,606.122265824962
|||;33894,33894,33894,33894,0,0,0,0,611.122265824962
|||;33894,33894,33894,33894,0,0,0,0,616.122265824962
|||;33894,33894,33894,33894,0,0,0,0,621.122265824962
|||;33894,33894,33894,33894,0,0,0,0,626.122265824962
|||;33894,33894,33894,33894,0,0,0,0,631.122265824962
|||;33894,33894,33894,33894,0,0,0,0,636.122265824962
|||;33894,33894,33894,33894,0,0,0,0,641.122265824962
|||;33894,33894,33894,33894,0,0,0,0,646.122265824962
|||;33894,33894,33894,33894,0,0,0,0,651.122265824962
|||;33894,33894,33894,33894,0,0,0,0,656.122265824962
|||;33894,33894,33894,33894,0,0,0,0,661.122265824962
|||;33894,33894,33894,33894,0,0,0,0,666.122265824962
|||;33894,33894,33894,33894,0,0,0,0,671.122265824962
|||;33894,33894,33894,33894,0,0,0,0,676.122265824962
|||;33894,33894,33894,33894,0,0,0,0,681.122265824962
|||;33894,33894,33894,33894,0,0,0,0,686.122265824962
|||;33894,33894,33894,33894,0,0,0,0,691.122265824962
|||;33894,33894,33894,33894,0,0,0,0,696.122265824962
|||;33894,33894,33894,33894,0,0,0,0,701.122265824962
|||;33894,33894,33894,33894,0,0,0,0,706.122265824962
|||;33894,33894,33894,33894,0,0,0,0,711.122265824962
|||;33894,33894,33894,33894,0,0,0,0,716.122265824962
|||;33894,33894,33894,33894,0,0,0,0,721.122265824962
|||;33894,33894,33894,33894,0,0,0,0,726.122265824962
|||;33894,33894,33894,33894,0,0,0,0,731.122265824962
|||;33894,33894,33894,33894,0,0,0,0,736.122265824962
|||;33894,33894,33894,33894,0,0,0,0,741.122265824962
|||;33894,33894,33894,33894,0,0,0,0,746.122265824962
|||;33894,33894,33894,33894,0,0,0,0,751.122265824962
|||;33894,33894,33894,33894,0,0,0,0,756.122265824962
|||;33894,33894,33894,33894,0,0,0,0,761.122265824962
|||;33894,33894,33894,33894,0,0,0,0,766.122265824962
|||;33894,33894,33894,33894,0,0,0,0,771.122265824962
|||;33894,33894,33894,33894,0,0,0,0,776.122265824962
|||;33894,33894,33894,33894,0,0,0,0,781.122265824962
|||;33894,33894,33894,33894,0,0,0,0,786.122265824962
|||;33894,33894,33894,33894,0,0,0,0,791.122265824962
|||;33894,33894,33894,33894,0,0,0,0,796.122265824962
|||;33894,33894,33894,33894,0,0,0,0,801.122265824962
|||;33894,33894,33894,33894,0,0,0,0,806.122265824962
|||;33894,33894,33894,33894,0,0,0,0,811.122265824962
|||;33894,33894,33894,33894,0,0,0,0,816.122265824962
|||;33894,33894,33894,33894,0,0,0,0,821.122265824962
|||;33894,33894,33894,33894,0,0,0,0,826.122265824962
|||;33894,33894,33894,33894,0,0,0,0,831.122265824962
|||;33894,33894,33894,33894,0,0,0,0,836.122265824962
|||;33894,33894,33894,33894,0,0,0,0,841.122265824962
|||;33894,33894,33894,33894,0,0,0,0,846.122265824962
|||;33894,33894,33894,33894,0,0,0,0,851.122265824962
|||;33894,33894,33894,33894,0,0,0,0,856.122265824962
|||;33894,33894,33894,33894,0,0,0,0,861.122265824962
|||;33894,33894,33894,33894,0,0,0,0,866.122265824962
|||;33894,33894,33894,33894,0,0,0,0,871.122265824962
|||;33894,33894,33894,33894,0,0,0,0,876.122265824962
|||;33894,33894,33894,33894,0,0,0,0,881.122265824962
|||;33894,33894,33894,33894,0,0,0,0,886.122265824962
|||;33894,33894,33894,33894,0,0,0,0,891.122265824962
|||;33894,33894,33894,33894,0,0,0,0,896.122265824962
|||;33894,33894,33894,33894,0,0,0,0,901.122265824962
|||;33894,33894,33894,33894,0,0,0,0,906.122265824962
|||;33894,33894,33894,33894,0,0,0,0,911.122265824962
|||;33894,33894,33894,33894,0,0,0,0,916.122265824962
|||;33894,33894,33894,33894,0,0,0,0,921.122265824962
|||;33894,33894,33894,33894,0,0,0,0,926.122265824962
|||;33894,33894,33894,33894,0,0,0,0,931.122265824962
|||;33894,33894,33894,33894,0,0,0,0,936.122265824962
|||;33894,33894,33894,33894,0,0,0,0,941.122265824962
|||;33894,33894,33894,33894,0,0,0,0,946.122265824962
|||;33894,33894,33894,33894,0,0,0,0,951.122265824962
|||;33894,33894,33894,33894,0,0,0,0,956.122265824962
|||;33894,33894,33894,33894,0,0,0,0,961.122265824962
|||;33894,33894,33894,33894,0,0,0,0,966.122265824962
|||;33894,33894,33894,33894,0,0,0,0,971.122265824962
|||;33894,33894,33894,33894,0,0,0,0,976.122265824962
|||;33894,33894,33894,33894,0,0,0,0,981.122265824962
|||;33894,33894,33894,33894,0,0,0,0,986.122265824962
|||;33894,33894,33894,33894,0,0,0,0,991.122265824962
|||;33894,33894,33894,33894,0,0,0,0,996.122265824962
|||;33894,33894,33894,33894,0,0,0,0,1001.122265824962
|||;33894,33894,33894,33894,0,0,0,0,1006.122265824962
|||;33894,33894,33894,33894,0,0,0,0,1011.122265824962
|||;33894,33894,33894,33894,0,0,0,0,1016.122265824962
|||;33894,33894,33894,33894,0,0,0,0,1021.122265824962
|||;33894,33894,33894,33894,0,0,0,0,1026.122265824962
|||;33894,33894,33894,33894,0,0,0,0,1031.122265824962
|||;33894,33894,33894,33894,0,0,0,0,1036.122265824962
|||;33894,33894,33894,33894,0,0,0,0,1041.122265824962
|||;33894,33894,33894,33894,0,0,0,0,1046.122265824962
|||;33894,33894,33894,33894,0,0,0,0,1051.122265824962
|||;33894,33894,33894,33894,0,0,0,0,1056.122265824962
|||;33894,33894,33894,33894,0,0,0,0,1061.122265824962
|||;33894,33894,33894,33894,0,0,0,0,1066.122265824962
|||;33894,33894,33894,33894,0,0,0,0,1071.122265824962
|||;33894,33894,33894,33894,0,0,0,0,1076.122265824962
|||;33894,33894,33894,33894,0,0,0,0,1081.122265824962
|||;33894,33894,33894,33894,0,0,0,0,1086.122265824962
|||;33894,33894,33894,33894,0,0,0,0,1091.122265824962
|||;33894,33894,33894,33894,0,0,0,0,1096.122265824962
|||;33894,33894,33894,33894,0,0,0,0,1101.122265824962
|||;33894,33894,33894,33894,0,0,0,0,1106.122265824962
|||;33894,33894,33894,33894,0,0,0,0,1111.122265824962
|||;33894,33894,33894,33894,0,0,0,0,1116.122265824962
|||;33894,33894,33894,33894,0,0,0,0,1121.122265824962
|||;33894,33894,33894,33894,0,0,0,0,1126.122265824962
|||;33894,33894,33894,33894,0,0,0,0,1131.122265824962
|||;33894,33894,33894,33894,0,0,0,0,1136.122265824962
|||;33894,33894,33894,33894,0,0,0,0,1141.122265824962
|||;33894,33894,33894,33894,0,0,0,0,1146.122265824962
|||;33894,33894,33894,33894,0,0,0,0,1151.122265824962
|||;33894,33894,33894,33894,0,0,0,0,1156.122265824962
|||;33894,33894,33894,33894,0,0,0,0,1161.122265824962
|||;33894,33894,33894,33894,0,0,0,0,1166.122265824962
|||;33894,33894,33894,33894,0,0,0,0,1171.122265824962
|||;33894,33894,33894,33894,0,0,0,0,1176.122265824962
|||;33894,33894,33894,33894,0,0,0,0,1181.122265824962
|||;33894,33894,33894,33894,0,0,0,0,1186.122265824962
|||;33894,33894,33894,33894,0,0,0,0,1191.122265824962
|||;33894,33894,33894,33894,0,0,0,0,1196.122265824962
|||;33894,33894,33894,33894,0,0,0,0,1201.122265824962
|||;33894,33894,33894,33894,0,0,0,0,1206.122265824962
|||;33894,33894,33894,33894,0,0,0,0,1211.122265824962
|||;33894,33894,33894,33894,0,0,0,0,1216.122265824962
|||;33894,33894,33894,33894,0,0,0,0,1221.122265824962
|||;33894,33894,33894,33894,0,0,0,0,1226.122265824962
|||;33894,33894,33894,33894,0,0,0,0,1231.122265824962
|||;33894,33894,33894,33894,0,0,0,0,1236.122265824962
|||;33894,33894,33894,33894,0,0,0,0,1241.122265824962
|||;33894,33894,33894,33894,0,0,0,0,1246.122265824962
|||;33894,33894,33894,33894,0,0,0,0,1251.122265824962
|||;33894,33894,33894,33894,0,0,0,0,1256.122265824962
|||;33894,33894,33894,33894,0,0,0,0,1261.122265824962
|||;33894,33894,33894,33894,0,0,0,0,1266.122265824962
|||;33894,33894,33894,33894,0,0,0,0,1271.122265824962
|||;33894,33894,33894,33894,0,0,0,0,1276.122265824962
|||;33894,33894,33894,33894,0,0,0,0,1281.122265824962
|||;33894,33894,33894,33894,0,0,0,0,1286.122265824962
|||;33894,33894,33894,33894,0,0,0,0,1291.122265824962
|||;33894,33894,33894,33894,0,0,0,0,1296.122265824962
|||;33894,33894,33894,33894,0,0,0,0,1301.122265824962
|||;33894,33894,33894,33894,0,0,0,0,1306.122265824962
|||;33894,33894,33894,33894,0,0,0,0,1311.122265824962
|||;33894,33894,33894,33894,0,0,0,0,1316.122265824962
|||;33894,33894,33894,33894,0,0,0,0,1321.122265824962
|||;33894,33894,33894,33894,0,0,0,0,1326.122265824962
|||;33894,33894,33894,33894,0,0,0,0,1331.122265824962
|||;33894,33894,33894,33894,0,0,0,0,1336.122265824962
|||;33894,33894,33894,33894,0,0,0,0,1341.122265824962
|||;33894,33894,33894,33894,0,0,0,0,1346.122265824962
|||;33894,33894,33894,33894,0,0,0,0,1351.122265824962
|||;33894,33894,33894,33894,0,0,0,0,1356.122265824962
|||;33894,33894,33894,33894,0,0,0,0,1361.122265824962
|||;33894,33894,33894,33894,0,0,0,0,1366.122265824962
|||;33894,33894,33894,33894,0,0,0,0,1371.122265824962
|||;33894,33894,33894,33894,0,0,0,0,1376.122265824962
|||;33894,33894,33894,33894,0,0,0,0,1381.122265824962
|||;33894,33894,33894,33894,0,0,0,0,1386.122265824962
|||;33894,33894,33894,33894,0,0,0,0,1391.122265824962
|||;33894,33894,33894,33894,0,0,0,0,1396.122265824962
|||;33894,33894,33894,33894,0,0,0,0,1401.122265824962
|||;33894,33894,33894,33894,0,0,0,0,1406.122265824962
|||;33894,33894,33894,33894,0,0,0,0,1411.122265824962
|||;33894,33894,33894,33894,0,0,0,0,1416.122265824962
|||;33894,33894,33894,33894,0,0,0,0,1421.122265824962
|||;33894,33894,33894,33894,0,0,0,0,1426.122265824962
|||;33894,33894,33894,33894,0,0,0,0,1431.122265824962
|||;33894,33894,33894,33894,0,0,0,0,1436.122265824962
|||;33894,33894,33894,33894,0,0,0,0,1441.122265824962
|||;33894,33894,33894,33894,0,0,0,0,1446.122265824962
|||;33894,33894,33894,33894,0,0,0,0,1451.122265824962
|||;33894,33894,33894,33894,0,0,0,0,1456.122265824962
|||;33894,33894,33894,33894,0,0,0,0,1461.122265824962
|||;33894,33894,33894,33894,0,0,0,0,1466.122265824962
|||;33894,33894,33894,33894,0,0,0,0,1471.122265824962
|||;33894,33894,33894,33894,0,0,0,0,1476.122265824962
|||;33894,33894,33894,33894,0,0,0,0,1481.122265824962
|||;33894,33894,33894,33894,0,0,0,0,1486.122265824962
|||;33894,33894,33894,33894,0,0,0,0,1491.122265824962
|||;33894,33894,33894,33894,0,0,0,0,1496.122265824962
|||;33894,33894,33894,33894,0,0,0,0,1501.122265824962
|||;33894,33894,33894,33894,0,0,0,0,1506.122265824962
|||;33894,33894,33894,33894,0,0,0,0,1511.122265824962
|||;33894,33894,33894,33894,0,0,0,0,1516.122265824962
|||;33894,33894,33894,33894,0,0,0,0,1521.122265824962
|||;33894,33894,33894,33894,0,0,0,0,1526.122265824962
|||;33894,33894,33894,33894,0,0,0,0,1531.122265824962
|||;33894,33894,33894,33894,0,0,0,0,1536.122265824962
|||;33894,33894,33894,33894,0,0,0,0,1541.122265824962
|||;33894,33894,33894,33894,0,0,0,0,1546.122265824962
|||;33894,33894,33894,33894,0,0,0,0,1551.122265824962
|||;33894,33894,33894,33894,0,0,0,0,1556.122265824962
|||;33894,33894,33894,33894,0,0,0,0,1561.122265824962
|||;33894,33894,33894,33894,0,0,0,0,1566.122265824962
|||;33894,33894,33894,33894,0,0,0,0,1571.122265824962
|||;33894,33894,33894,33894,0,0,0,0,1576.122265824962
|||;33894,33894,33894,33894,0,0,0,0,1581.122265824962
|||;33894,33894,33894,33894,0,0,0,0,1586.122265824962
|||;33894,33894,33894,33894,0,0,0,0,1591.122265824962
|||;33894,33894,33894,33894,0,0,0,0,1596.122265824962
|||;33894,33894,33894,33894,0,0,0,0,1601.122265824962
|||;33894,33894,33894,33894,0,0,0,0,1606.122265824962
|||;33894,33894,33894,33894,0,0,0,0,1611.122265824962
|||;33894,33894,33894,33894,0,0,0,0,1616.122265824962
|||;33894,33894,33894,33894,0,0,0,0,1621.122265824962
|||;33894,33894,33894,33894,0,0,0,0,1626.122265824962
|||;33894,33894,33894,33894,0,0,0,0,1631.122265824962
|||;33894,33894,33894,33894,0,0,0,0,1636.122265824962
|||;33894,33894,33894,33894,0,0,0,0,1641.122265824962
|||;33894,33894,33894,33894,0,0,0,0,1646.122265824962
|||;33894,33894,33894,33894,0,0,0,0,1651.122265824962
|||;33894,33894,33894,33894,0,0,0,0,1656.122265824962
|||;33894,33894,33894,33894,0,0,0,0,1661.122265824962
|||;33894,33894,33894,33894,0,0,0,0,1666.122265824962
|||;33894,33894,33894,33894,0,0,0,0,1671.122265824962
|||;33894,33894,33894,33894,0,0,0,0,1676.122265824962
|||;33894,33894,33894,33894,0,0,0,0,1681.122265824962
|||;33894,33894,33894,33894,0,0,0,0,1686.122265824962
|||;33894,33894,33894,33894,0,0,0,0,1691.122265824962
|||;33894,33894,33894,33894,0,0,0,0,1696.122265824962
|||;33894,33894,33894,33894,0,0,0,0,1701.122265824962
|||;33894,33894,33894,33894,0,0,0,0,1706.122265824962
|||;33894,33894,33894,33894,0,0,0,0,1711.122265824962
|||;33894,33894,33894,33894,0,0,0,0,1716.122265824962
|||;33894,33894,33894,33894,0,0,0,0,1721.122265824962
|||;33894,33894,33894,33894,0,0,0,0,1726.122265824962
|||;33894,33894,33894,33894,0,0,0,0,1731.122265824962
|||;33894,33894,33894,33894,0,0,0,0,1736.122265824962
|||;33894,33894,33894,33894,0,0,0,0,1741.122265824962
|||;33894,33894,33894,33894,0,0,0,0,1746.122265824962
|||;33894,33894,33894,33894,0,0,0,0,1751.122265824962
|||;33894,33894,33894,33894,0,0,0,0,1756.122265824962
|||;33894,33894,33894,33894,0,0,0,0,1761.122265824962
|||;33894,33894,33894,33894,0,0,0,0,1766.122265824962
|||;33894,33894,33894,33894,0,0,0,0,1771.122265824962
|||;33894,33894,33894,33894,0,0,0,0,1776.122265824962
|||;33894,33894,33894,33894,0,0,0,0,1781.122265824962
|||;33894,33894,33894,33894,0,0,0,0,1786.122265824962
|||;33894,33894,33894,33894,0,0,0,0,1791.122265824962
|||;33894,33894,33894,33894,0,0,0,0,1796.122265824962
|||;33894,33894,33894,33894,0,0,0,0,1801.122265824962
|||;33894,33894,33894,33894,0,0,0,0,1806.122265824962
|||;33894,33894,33894,33894,0,0,0,0,1811.122265824962
|||;33894,33894,33894,33894,0,0,0,0,1816.122265824962
|||;33894,33894,33894,33894,0,0,0,0,1821.122265824962
|||;33894,33894,33894,33894,0,0,0,0,1826.122265824962
|||;33894,33894,33894,33894,0,0,0,0,1831.122265824962
|||;33894,33894,33894,33894,0,0,0,0,1836.122265824962
|||;33894,33894,33894,33894,0,0,0,0,1841.122265824962
|||;33894,33894,33894,33894,0,0,0,0,1846.122265824962
|||;33894,33894,33894,33894,0,0,0,0,1851.122265824962
|||;33894,33894,33894,33894,0,0,0,0,1856.122265824962
|||;33894,33894,33894,33894,0,0,0,0,1861.122265824962
|||;33894,33894,33894,33894,0,0,0,0,1866.122265824962
|||;33894,33894,33894,33894,0,0,0,0,1871.122265824962
|||;33894,33894,33894,33894,0,0,0,0,1876.122265824962
|||;33894,33894,33894,33894,0,0,0,0,1881.122265824962
|||;33894,33894,33894,33894,0,0,0,0,1886.122265824962
|||;33894,33894,33894,33894,0,0,0,0,1891.122265824962
|||;33894,33894,33894,33894,0,0,0,0,1896.122265824962
|||;33894,33894,33894,33894,0,0,0,0,1901.122265824962
|||;33894,33894,33894,33894,0,0,0,0,1906.122265824962
|||;33894,33894,33894,33894,0,0,0,0,1911.122265824962
|||;33894,33894,33894,33894,0,0,0,0,1916.122265824962
|||;33894,33894,33894,33894,0,0,0,0,1921.122265824962
|||;33894,33894,33894,33894,0,0,0,0,1926.122265824962
|||;33894,33894,33894,33894,0,0,0,0,1931.122265824962
|||;33894,33894,33894,33894,0,0,0,0,1936.122265824962
|||;33894,33894,33894,33894,0,0,0,0,1941.122265824962
|||;33894,33894,33894,33894,0,0,0,0,1946.122265824962
|||;33894,33894,33894,33894,0,0,0,0,1951.122265824962
|||;33894,33894,33894,33894,0,0,0,0,1956.122265824962
|||;33894,33894,33894,33894,0,0,0,0,1961.122265824962
|||;33894,33894,33894,33894,0,0,0,0,1966.122265824962
|||;33894,33894,33894,33894,0,0,0,0,1971.122265824962
|||;33894,33894,33894,33894,0,0,0,0,1976.122265824962
|||;33894,33894,33894,33894,0,0,0,0,1981.122265824962
|||;33894,33894,33894,33894,0,0,0,0,1986.122265824962
|||;33894,33894,33894,33894,0,0,0,0,1991.122265824962
|||;33894,33894,33894,33894,0,0,0,0,1996.122265824962
