|||;28569,28569,28569,28569,0,0,0,0,1.091466052732
844xwpqz(2),767unzrp(0),|844xwpqz(2),767unzrp(0),|844xwpqz(2),767unzrp(0),|844xwpqz(2),767unzrp(0),;26085.8,26085.8,26085.8,26085.8,19.335405775668,19.335405775668,19.335405775668,19.335405775668,6.091466052732
844xwpqz(3),767unzrp(2),|844xwpqz(3),767unzrp(2),|844xwpqz(3),767unzrp(2),|844xwpqz(3),767unzrp(2),;26085.8,26085.8,26085.8,26085.8,14.335405775668,14.335405775668,14.335405775668,14.335405775668,11.091466052732
844xwpqz(3),767unzrp(2),|844xwpqz(3),767unzrp(2),|844xwpqz(3),767unzrp(2),|844xwpqz(3),767unzrp(2),;26085.8,26085.8,26085.8,26085.8,9.335405775668,9.335405775668,9.335405775668,9.335405775668,16.091466052732
844xwpqz(3),|844xwpqz(3),|844xwpqz(3),|844xwpqz(3),;28031.4,28031.4,28031.4,28031.4,4.335405775668,4.335405775668,4.335405775668,4.335405775668,21.091466052732
844xwpqz(3),|844xwpqz(3),|844xwpqz(3),|844xwpqz(3),;28031.4,28031.4,28031.4,28031.4,0,0,0,0,26.091466052732
844xwpqz(3),|844xwpqz(3),|844xwpqz(3),|844xwpqz(3),;28031.4,28031.4,28031.4,28031.4,0,0,0,0,31.091466052732
844xwpqz(3),|844xwpqz(3),|844xwpqz(3),|844xwpqz(3),;28031.4,28031.4,28031.4,28031.4,0,0,0,0,36.091466052732
844xwpqz(3),|844xwpqz(3),|844xwpqz(3),|844xwpqz(3),;28031.4,28031.4,28031.4,28031.4,0,0,0,0,41.091466052732
844xwpqz(3),|844xwpqz(3),|844xwpqz(3),|844xwpqz(3),;28031.4,28031.4,28031.4,28031.4,0,0,0,0,46.091466052732
844xwpqz(3),|844xwpqz(3),|844xwpqz(3),|844xwpqz(3),;28031.4,28031.4,28031.4,28031.4,0,0,0,0,51.091466052732
844xwpqz(3),|844xwpqz(3),|844xwpqz(3),|844xwpqz(3),;28031.4,28031.4,28031.4,28031.4,0,0,0,0,56.091466052732
844xwpqz(3),|844xwpqz(3),|844xwpqz(3),|844xwpqz(3),;28031.4,28031.4,28031.4,28031.4,0,0,0,0,61.091466052732
844xwpqz(3),|844xwpqz(3),|844xwpqz(3),|844xwpqz(3),;28031.4,28031.4,28031.4,28031.4,0,0,0,0,66.091466052732
844xwpqz(3),|844xwpqz(3),|844xwpqz(3),|844xwpqz(3),;28031.4,28031.4,28031.4,28031.4,0,0,0,0,71.091466052732
844xwpqz(3),|844xwpqz(3),|844xwpqz(3),|844xwpqz(3),;28031.4,28031.4,28031.4,28031.4,0,0,0,0,76.091466052732
844xwpqz(3),|844xwpqz(3),|844xwpqz(3),|844xwpqz(3),;28031.4,28031.4,28031.4,28031.4,0,0,0,0,81.091466052732
844xwpqz(3),|844xwpqz(3),|844xwpqz(3),|844xwpqz(3),;28031.4,28031.4,28031.4,28031.4,0,0,0,0,86.091466052732
844xwpqz(3),|844xwpqz(3),|844xwpqz(3),|844xwpqz(3),;28031.4,28031.4,28031.4,28031.4,0,0,0,0,91.091466052732
844xwpqz(3),|844xwpqz(3),|844xwpqz(3),|844xwpqz(3),;28031.4,28031.4,28031.4,28031.4,0,0,0,0,96.091466052732
844xwpqz(3),|844xwpqz(3),|844xwpqz(3),|844xwpqz(3),;28031.4,28031.4,28031.4,28031.4,0,0,0,0,101.091466052732
844xwpqz(3),|844xwpqz(3),|844xwpqz(3),|844xwpqz(3),;28031.4,28031.4,28031.4,28031.4,0,0,0,0,106.091466052732
844xwpqz(3),|844xwpqz(3),|844xwpqz(3),|844xwpqz(3),;28031.4,28031.4,28031.4,28031.4,0,0,0,0,111.091466052732
844xwpqz(3),|844xwpqz(3),|844xwpqz(3),|844xwpqz(3),;28031.4,28031.4,28031.4,28031.4,0,0,0,0,116.091466052732
844xwpqz(3),|844xwpqz(3),|844xwpqz(3),|844xwpqz(3),;28031.4,28031.4,28031.4,28031.4,0,0,0,0,121.091466052732
844xwpqz(3),|844xwpqz(3),|844xwpqz(3),|844xwpqz(3),;28031.4,28031.4,28031.4,28031.4,0,0,0,0,126.091466052732
844xwpqz(3),|844xwpqz(3),|844xwpqz(3),|844xwpqz(3),;28031.4,28031.4,28031.4,28031.4,0,0,0,0,131.091466052732
844xwpqz(3),|844xwpqz(3),|844xwpqz(3),|844xwpqz(3),;28031.4,28031.4,28031.4,28031.4,0,0,0,0,136.091466052732
844xwpqz(3),|844xwpqz(3),|844xwpqz(3),|844xwpqz(3),;28031.4,28031.4,28031.4,28031.4,0,0,0,0,141.091466052732
844xwpqz(3),|844xwpqz(3),|844xwpqz(3),|844xwpqz(3),;28031.4,28031.4,28031.4,28031.4,0,0,0,0,146.091466052732
844xwpqz(3),|844xwpqz(3),|844xwpqz(3),|844xwpqz(3),;28031.4,28031.4,28031.4,28031.4,0,0,0,0,151.091466052732
844xwpqz(3),|844xwpqz(3),|844xwpqz(3),|844xwpqz(3),;28031.4,28031.4,28031.4,28031.4,0,0,0,0,156.091466052732
844xwpqz(3),|844xwpqz(3),|844xwpqz(3),|844xwpqz(3),;28031.4,28031.4,28031.4,28031.4,0,0,0,0,161.091466052732
|||;28569,28569,28569,28569,0,0,0,0,166.091466052732
|||;28569,28569,28569,28569,0,0,0,0,171.091466052732
64yhvdi(2),|64yhvdi(2),|64yhvdi(2),|64yhvdi(2),;25942.4,25942.4,26818,26818,11.501351914438,11.501351914438,5.960566847771,5.960566847771,176.091466052732
64yhvdi(2),|64yhvdi(2),|64yhvdi(2),|64yhvdi(2),;25942.4,25942.4,26818,26818,6.501351914438,6.501351914438,0.960566847771,0.960566847771,181.091466052732
64yhvdi(2),|64yhvdi(2),||;25942.4,25942.4,28569,28569,1.501351914438,1.501351914438,0,0,186.091466052732
|||;28569,28569,28569,28569,0,0,0,0,191.091466052732
|||;28569,28569,28569,28569,0,0,0,0,196.091466052732
|||;28569,28569,28569,28569,0,0,0,0,201.091466052732
|||;28569,28569,28569,28569,0,0,0,0,206.091466052732
|||;28569,28569,28569,28569,0,0,0,0,211.091466052732
|||;28569,28569,28569,28569,0,0,0,0,216.091466052732
|||;28569,28569,28569,28569,0,0,0,0,221.091466052732
|||;28569,28569,28569,28569,0,0,0,0,226.091466052732
|||;28569,28569,28569,28569,0,0,0,0,231.091466052732
|||;28569,28569,28569,28569,0,0,0,0,236.091466052732
|||;28569,28569,28569,28569,0,0,0,0,241.091466052732
884lzsvu(2),|884lzsvu(2),|884lzsvu(2),|884lzsvu(2),;26889.6,26889.6,26050,26050,6.718686935644,6.718686935644,12.032656239348,12.032656239348,246.091466052732
884lzsvu(2),|884lzsvu(2),|884lzsvu(2),|884lzsvu(2),;26889.6,26889.6,26050,26050,1.718686935644,1.718686935644,7.032656239348,7.032656239348,251.091466052732
||884lzsvu(2),|884lzsvu(2),;28569,28569,26050,26050,0,0,2.032656239348,2.032656239348,256.091466052732
|||;28569,28569,28569,28569,0,0,0,0,261.091466052732
|||;28569,28569,28569,28569,0,0,0,0,266.091466052732
|||;28569,28569,28569,28569,0,0,0,0,271.091466052732
|||;28569,28569,28569,28569,0,0,0,0,276.091466052732
|||;28569,28569,28569,28569,0,0,0,0,281.091466052732
|||;28569,28569,28569,28569,0,0,0,0,286.091466052732
|||;28569,28569,28569,28569,0,0,0,0,291.091466052732
|||;28569,28569,28569,28569,0,0,0,0,296.091466052732
|||;28569,28569,28569,28569,0,0,0,0,301.091466052732
|||;28569,28569,28569,28569,0,0,0,0,306.091466052732
|||;28569,28569,28569,28569,0,0,0,0,311.091466052732
|||;28569,28569,28569,28569,0,0,0,0,316.091466052732
|||;28569,28569,28569,28569,0,0,0,0,321.091466052732
|||;28569,28569,28569,28569,0,0,0,0,326.091466052732
|||;28569,28569,28569,28569,0,0,0,0,331.091466052732
|||;28569,28569,28569,28569,0,0,0,0,336.091466052732
|||;28569,28569,28569,28569,0,0,0,0,341.091466052732
|||;28569,28569,28569,28569,0,0,0,0,346.091466052732
|||;28569,28569,28569,28569,0,0,0,0,351.091466052732
|||;28569,28569,28569,28569,0,0,0,0,356.091466052732
|||;28569,28569,28569,28569,0,0,0,0,361.091466052732
|||;28569,28569,28569,28569,0,0,0,0,366.091466052732
|||;28569,28569,28569,28569,0,0,0,0,371.091466052732
|||;28569,28569,28569,28569,0,0,0,0,376.091466052732
|||;28569,28569,28569,28569,0,0,0,0,381.091466052732
|||;28569,28569,28569,28569,0,0,0,0,386.091466052732
|||;28569,28569,28569,28569,0,0,0,0,391.091466052732
|||;28569,28569,28569,28569,0,0,0,0,396.091466052732
|||;28569,28569,28569,28569,0,0,0,0,401.091466052732
|||;28569,28569,28569,28569,0,0,0,0,406.091466052732
|||;28569,28569,28569,28569,0,0,0,0,411.091466052732
|||;28569,28569,28569,28569,0,0,0,0,416.091466052732
|||;28569,28569,28569,28569,0,0,0,0,421.091466052732
|||;28569,28569,28569,28569,0,0,0,0,426.091466052732
|||;28569,28569,28569,28569,0,0,0,0,431.091466052732
|||;28569,28569,28569,28569,0,0,0,0,436.091466052732
|||;28569,28569,28569,28569,0,0,0,0,441.091466052732
|||;28569,28569,28569,28569,0,0,0,0,446.091466052732
|||;28569,28569,28569,28569,0,0,0,0,451.091466052732
|||;28569,28569,28569,28569,0,0,0,0,456.091466052732
|||;28569,28569,28569,28569,0,0,0,0,461.091466052732
|||;28569,28569,28569,28569,0,0,0,0,466.091466052732
|||;28569,28569,28569,28569,0,0,0,0,471.091466052732
|||;28569,28569,28569,28569,0,0,0,0,476.091466052732
|||;28569,28569,28569,28569,0,0,0,0,481.091466052732
|||;28569,28569,28569,28569,0,0,0,0,486.091466052732
|||;28569,28569,28569,28569,0,0,0,0,491.091466052732
|||;28569,28569,28569,28569,0,0,0,0,496.091466052732
|||;28569,28569,28569,28569,0,0,0,0,501.091466052732
|||;28569,28569,28569,28569,0,0,0,0,506.091466052732
|||;28569,28569,28569,28569,0,0,0,0,511.091466052732
|||;28569,28569,28569,28569,0,0,0,0,516.091466052732
|||;28569,28569,28569,28569,0,0,0,0,521.091466052732
|||;28569,28569,28569,28569,0,0,0,0,526.091466052732
|||;28569,28569,28569,28569,0,0,0,0,531.091466052732
|||;28569,28569,28569,28569,0,0,0,0,536.091466052732
|||;28569,28569,28569,28569,0,0,0,0,541.091466052732
|||;28569,28569,28569,28569,0,0,0,0,546.091466052732
|||;28569,28569,28569,28569,0,0,0,0,551.091466052732
|||;28569,28569,28569,28569,0,0,0,0,556.091466052732
|||;28569,28569,28569,28569,0,0,0,0,561.091466052732
|||;28569,28569,28569,28569,0,0,0,0,566.091466052732
|||;28569,28569,28569,28569,0,0,0,0,571.091466052732
|||;28569,28569,28569,28569,0,0,0,0,576.091466052732
|||;28569,28569,28569,28569,0,0,0,0,581.091466052732
|||;28569,28569,28569,28569,0,0,0,0,586.091466052732
|||;28569,28569,28569,28569,0,0,0,0,591.091466052732
|||;28569,28569,28569,28569,0,0,0,0,596.091466052732
|||;28569,28569,28569,28569,0,0,0,0,601.091466052732
|||;28569,28569,28569,28569,0,0,0,0,606.091466052732
|||;28569,28569,28569,28569,0,0,0,0,611.091466052732
|||;28569,28569,28569,28569,0,0,0,0,616.091466052732
|||;28569,28569,28569,28569,0,0,0,0,621.091466052732
|||;28569,28569,28569,28569,0,0,0,0,626.091466052732
|||;28569,28569,28569,28569,0,0,0,0,631.091466052732
|||;28569,28569,28569,28569,0,0,0,0,636.091466052732
|||;28569,28569,28569,28569,0,0,0,0,641.091466052732
|||;28569,28569,28569,28569,0,0,0,0,646.091466052732
|||;28569,28569,28569,28569,0,0,0,0,651.091466052732
|||;28569,28569,28569,28569,0,0,0,0,656.091466052732
|||;28569,28569,28569,28569,0,0,0,0,661.091466052732
|||;28569,28569,28569,28569,0,0,0,0,666.091466052732
|||;28569,28569,28569,28569,0,0,0,0,671.091466052732
|||;28569,28569,28569,28569,0,0,0,0,676.091466052732
|||;28569,28569,28569,28569,0,0,0,0,681.091466052732
|||;28569,28569,28569,28569,0,0,0,0,686.091466052732
|||;28569,28569,28569,28569,0,0,0,0,691.091466052732
|||;28569,28569,28569,28569,0,0,0,0,696.091466052732
|||;28569,28569,28569,28569,0,0,0,0,701.091466052732
|||;28569,28569,28569,28569,0,0,0,0,706.091466052732
|||;28569,28569,28569,28569,0,0,0,0,711.091466052732
|||;28569,28569,28569,28569,0,0,0,0,716.091466052732
|||;28569,28569,28569,28569,0,0,0,0,721.091466052732
|||;28569,28569,28569,28569,0,0,0,0,726.091466052732
|||;28569,28569,28569,28569,0,0,0,0,731.091466052732
|||;28569,28569,28569,28569,0,0,0,0,736.091466052732
|||;28569,28569,28569,28569,0,0,0,0,741.091466052732
|||;28569,28569,28569,28569,0,0,0,0,746.091466052732
|||;28569,28569,28569,28569,0,0,0,0,751.091466052732
|||;28569,28569,28569,28569,0,0,0,0,756.091466052732
|||;28569,28569,28569,28569,0,0,0,0,761.091466052732
|||;28569,28569,28569,28569,0,0,0,0,766.091466052732
|||;28569,28569,28569,28569,0,0,0,0,771.091466052732
|||;28569,28569,28569,28569,0,0,0,0,776.091466052732
|||;28569,28569,28569,28569,0,0,0,0,781.091466052732
|||;28569,28569,28569,28569,0,0,0,0,786.091466052732
|||;28569,28569,28569,28569,0,0,0,0,791.091466052732
|||;28569,28569,28569,28569,0,0,0,0,796.091466052732
|||;28569,28569,28569,28569,0,0,0,0,801.091466052732
|||;28569,28569,28569,28569,0,0,0,0,806.091466052732
|||;28569,28569,28569,28569,0,0,0,0,811.091466052732
|||;28569,28569,28569,28569,0,0,0,0,816.091466052732
|||;28569,28569,28569,28569,0,0,0,0,821.091466052732
|||;28569,28569,28569,28569,0,0,0,0,826.091466052732
|||;28569,28569,28569,28569,0,0,0,0,831.091466052732
|||;28569,28569,28569,28569,0,0,0,0,836.091466052732
|||;28569,28569,28569,28569,0,0,0,0,841.091466052732
|||;28569,28569,28569,28569,0,0,0,0,846.091466052732
|||;28569,28569,28569,28569,0,0,0,0,851.091466052732
|||;28569,28569,28569,28569,0,0,0,0,856.091466052732
|||;28569,28569,28569,28569,0,0,0,0,861.091466052732
|||;28569,28569,28569,28569,0,0,0,0,866.091466052732
|||;28569,28569,28569,28569,0,0,0,0,871.091466052732
|||;28569,28569,28569,28569,0,0,0,0,876.091466052732
|||;28569,28569,28569,28569,0,0,0,0,881.091466052732
|||;28569,28569,28569,28569,0,0,0,0,886.091466052732
|||;28569,28569,28569,28569,0,0,0,0,891.091466052732
|||;28569,28569,28569,28569,0,0,0,0,896.091466052732
|||;28569,28569,28569,28569,0,0,0,0,901.091466052732
|||;28569,28569,28569,28569,0,0,0,0,906.091466052732
|||;28569,28569,28569,28569,0,0,0,0,911.091466052732
|||;28569,28569,28569,28569,0,0,0,0,916.091466052732
|||;28569,28569,28569,28569,0,0,0,0,921.091466052732
|||;28569,28569,28569,28569,0,0,0,0,926.091466052732
|||;28569,28569,28569,28569,0,0,0,0,931.091466052732
|||;28569,28569,28569,28569,0,0,0,0,936.091466052732
|||;28569,28569,28569,28569,0,0,0,0,941.091466052732
|||;28569,28569,28569,28569,0,0,0,0,946.091466052732
|||;28569,28569,28569,28569,0,0,0,0,951.091466052732
|||;28569,28569,28569,28569,0,0,0,0,956.091466052732
|||;28569,28569,28569,28569,0,0,0,0,961.091466052732
|||;28569,28569,28569,28569,0,0,0,0,966.091466052732
|||;28569,28569,28569,28569,0,0,0,0,971.091466052732
|||;28569,28569,28569,28569,0,0,0,0,976.091466052732
|||;28569,28569,28569,28569,0,0,0,0,981.091466052732
|||;28569,28569,28569,28569,0,0,0,0,986.091466052732
|||;28569,28569,28569,28569,0,0,0,0,991.091466052732
|||;28569,28569,28569,28569,0,0,0,0,996.091466052732
|||;28569,28569,28569,28569,0,0,0,0,1001.091466052732
|||;28569,28569,28569,28569,0,0,0,0,1006.091466052732
|||;28569,28569,28569,28569,0,0,0,0,1011.091466052732
|||;28569,28569,28569,28569,0,0,0,0,1016.091466052732
|||;28569,28569,28569,28569,0,0,0,0,1021.091466052732
|||;28569,28569,28569,28569,0,0,0,0,1026.091466052732
|||;28569,28569,28569,28569,0,0,0,0,1031.091466052732
|||;28569,28569,28569,28569,0,0,0,0,1036.091466052732
|||;28569,28569,28569,28569,0,0,0,0,1041.091466052732
|||;28569,28569,28569,28569,0,0,0,0,1046.091466052732
|||;28569,28569,28569,28569,0,0,0,0,1051.091466052732
|||;28569,28569,28569,28569,0,0,0,0,1056.091466052732
|||;28569,28569,28569,28569,0,0,0,0,1061.091466052732
|||;28569,28569,28569,28569,0,0,0,0,1066.091466052732
|||;28569,28569,28569,28569,0,0,0,0,1071.091466052732
|||;28569,28569,28569,28569,0,0,0,0,1076.091466052732
|||;28569,28569,28569,28569,0,0,0,0,1081.091466052732
|||;28569,28569,28569,28569,0,0,0,0,1086.091466052732
|||;28569,28569,28569,28569,0,0,0,0,1091.091466052732
|||;28569,28569,28569,28569,0,0,0,0,1096.091466052732
|||;28569,28569,28569,28569,0,0,0,0,1101.091466052732
|||;28569,28569,28569,28569,0,0,0,0,1106.091466052732
|||;28569,28569,28569,28569,0,0,0,0,1111.091466052732
|||;28569,28569,28569,28569,0,0,0,0,1116.091466052732
|||;28569,28569,28569,28569,0,0,0,0,1121.091466052732
|||;28569,28569,28569,28569,0,0,0,0,1126.091466052732
|||;28569,28569,28569,28569,0,0,0,0,1131.091466052732
|||;28569,28569,28569,28569,0,0,0,0,1136.091466052732
|||;28569,28569,28569,28569,0,0,0,0,1141.091466052732
|||;28569,28569,28569,28569,0,0,0,0,1146.091466052732
|||;28569,28569,28569,28569,0,0,0,0,1151.091466052732
|||;28569,28569,28569,28569,0,0,0,0,1156.091466052732
|||;28569,28569,28569,28569,0,0,0,0,1161.091466052732
|||;28569,28569,28569,28569,0,0,0,0,1166.091466052732
|||;28569,28569,28569,28569,0,0,0,0,1171.091466052732
|||;28569,28569,28569,28569,0,0,0,0,1176.091466052732
|||;28569,28569,28569,28569,0,0,0,0,1181.091466052732
|||;28569,28569,28569,28569,0,0,0,0,1186.091466052732
|||;28569,28569,28569,28569,0,0,0,0,1191.091466052732
|||;28569,28569,28569,28569,0,0,0,0,1196.091466052732
|||;28569,28569,28569,28569,0,0,0,0,1201.091466052732
|||;28569,28569,28569,28569,0,0,0,0,1206.091466052732
|||;28569,28569,28569,28569,0,0,0,0,1211.091466052732
|||;28569,28569,28569,28569,0,0,0,0,1216.091466052732
|||;28569,28569,28569,28569,0,0,0,0,1221.091466052732
|||;28569,28569,28569,28569,0,0,0,0,1226.091466052732
|||;28569,28569,28569,28569,0,0,0,0,1231.091466052732
|||;28569,28569,28569,28569,0,0,0,0,1236.091466052732
|||;28569,28569,28569,28569,0,0,0,0,1241.091466052732
|||;28569,28569,28569,28569,0,0,0,0,1246.091466052732
|||;28569,28569,28569,28569,0,0,0,0,1251.091466052732
|||;28569,28569,28569,28569,0,0,0,0,1256.091466052732
|||;28569,28569,28569,28569,0,0,0,0,1261.091466052732
|||;28569,28569,28569,28569,0,0,0,0,1266.091466052732
|||;28569,28569,28569,28569,0,0,0,0,1271.091466052732
|||;28569,28569,28569,28569,0,0,0,0,1276.091466052732
|||;28569,28569,28569,28569,0,0,0,0,1281.091466052732
|||;28569,28569,28569,28569,0,0,0,0,1286.091466052732
|||;28569,28569,28569,28569,0,0,0,0,1291.091466052732
|||;28569,28569,28569,28569,0,0,0,0,1296.091466052732
|||;28569,28569,28569,28569,0,0,0,0,1301.091466052732
|||;28569,28569,28569,28569,0,0,0,0,1306.091466052732
|||;28569,28569,28569,28569,0,0,0,0,1311.091466052732
|||;28569,28569,28569,28569,0,0,0,0,1316.091466052732
|||;28569,28569,28569,28569,0,0,0,0,1321.091466052732
|||;28569,28569,28569,28569,0,0,0,0,1326.091466052732
|||;28569,28569,28569,28569,0,0,0,0,1331.091466052732
|||;28569,28569,28569,28569,0,0,0,0,1336.091466052732
|||;28569,28569,28569,28569,0,0,0,0,1341.091466052732
|||;28569,28569,28569,28569,0,0,0,0,1346.091466052732
|||;28569,28569,28569,28569,0,0,0,0,1351.091466052732
|||;28569,28569,28569,28569,0,0,0,0,1356.091466052732
|||;28569,28569,28569,28569,0,0,0,0,1361.091466052732
|||;28569,28569,28569,28569,0,0,0,0,1366.091466052732
|||;28569,28569,28569,28569,0,0,0,0,1371.091466052732
|||;28569,28569,28569,28569,0,0,0,0,1376.091466052732
|||;28569,28569,28569,28569,0,0,0,0,1381.091466052732
|||;28569,28569,28569,28569,0,0,0,0,1386.091466052732
|||;28569,28569,28569,28569,0,0,0,0,1391.091466052732
|||;28569,28569,28569,28569,0,0,0,0,1396.091466052732
|||;28569,28569,28569,28569,0,0,0,0,1401.091466052732
|||;28569,28569,28569,28569,0,0,0,0,1406.091466052732
|||;28569,28569,28569,28569,0,0,0,0,1411.091466052732
|||;28569,28569,28569,28569,0,0,0,0,1416.091466052732
|||;28569,28569,28569,28569,0,0,0,0,1421.091466052732
|||;28569,28569,28569,28569,0,0,0,0,1426.091466052732
|||;28569,28569,28569,28569,0,0,0,0,1431.091466052732
|||;28569,28569,28569,28569,0,0,0,0,1436.091466052732
|||;28569,28569,28569,28569,0,0,0,0,1441.091466052732
|||;28569,28569,28569,28569,0,0,0,0,1446.091466052732
|||;28569,28569,28569,28569,0,0,0,0,1451.091466052732
|||;28569,28569,28569,28569,0,0,0,0,1456.091466052732
|||;28569,28569,28569,28569,0,0,0,0,1461.091466052732
|||;28569,28569,28569,28569,0,0,0,0,1466.091466052732
|||;28569,28569,28569,28569,0,0,0,0,1471.091466052732
|||;28569,28569,28569,28569,0,0,0,0,1476.091466052732
|||;28569,28569,28569,28569,0,0,0,0,1481.091466052732
|||;28569,28569,28569,28569,0,0,0,0,1486.091466052732
|||;28569,28569,28569,28569,0,0,0,0,1491.091466052732
|||;28569,28569,28569,28569,0,0,0,0,1496.091466052732
|||;28569,28569,28569,28569,0,0,0,0,1501.091466052732
|||;28569,28569,28569,28569,0,0,0,0,1506.091466052732
|||;28569,28569,28569,28569,0,0,0,0,1511.091466052732
|||;28569,28569,28569,28569,0,0,0,0,1516.091466052732
|||;28569,28569,28569,28569,0,0,0,0,1521.091466052732
|||;28569,28569,28569,28569,0,0,0,0,1526.091466052732
|||;28569,28569,28569,28569,0,0,0,0,1531.091466052732
|||;28569,28569,28569,28569,0,0,0,0,1536.091466052732
|||;28569,28569,28569,28569,0,0,0,0,1541.091466052732
|||;28569,28569,28569,28569,0,0,0,0,1546.091466052732
|||;28569,28569,28569,28569,0,0,0,0,1551.091466052732
|||;28569,28569,28569,28569,0,0,0,0,1556.091466052732
|||;28569,28569,28569,28569,0,0,0,0,1561.091466052732
|||;28569,28569,28569,28569,0,0,0,0,1566.091466052732
|||;28569,28569,28569,28569,0,0,0,0,1571.091466052732
|||;28569,28569,28569,28569,0,0,0,0,1576.091466052732
|||;28569,28569,28569,28569,0,0,0,0,1581.091466052732
|||;28569,28569,28569,28569,0,0,0,0,1586.091466052732
|||;28569,28569,28569,28569,0,0,0,0,1591.091466052732
|||;28569,28569,28569,28569,0,0,0,0,1596.091466052732
|||;28569,28569,28569,28569,0,0,0,0,1601.091466052732
|||;28569,28569,28569,28569,0,0,0,0,1606.091466052732
|||;28569,28569,28569,28569,0,0,0,0,1611.091466052732
|||;28569,28569,28569,28569,0,0,0,0,1616.091466052732
|||;28569,28569,28569,28569,0,0,0,0,1621.091466052732
|||;28569,28569,28569,28569,0,0,0,0,1626.091466052732
|||;28569,28569,28569,28569,0,0,0,0,1631.091466052732
|||;28569,28569,28569,28569,0,0,0,0,1636.091466052732
|||;28569,28569,28569,28569,0,0,0,0,1641.091466052732
|||;28569,28569,28569,28569,0,0,0,0,1646.091466052732
|||;28569,28569,28569,28569,0,0,0,0,1651.091466052732
|||;28569,28569,28569,28569,0,0,0,0,1656.091466052732
|||;28569,28569,28569,28569,0,0,0,0,1661.091466052732
|||;28569,28569,28569,28569,0,0,0,0,1666.091466052732
|||;28569,28569,28569,28569,0,0,0,0,1671.091466052732
|||;28569,28569,28569,28569,0,0,0,0,1676.091466052732
|||;28569,28569,28569,28569,0,0,0,0,1681.091466052732
|||;28569,28569,28569,28569,0,0,0,0,1686.091466052732
|||;28569,28569,28569,28569,0,0,0,0,1691.091466052732
|||;28569,28569,28569,28569,0,0,0,0,1696.091466052732
|||;28569,28569,28569,28569,0,0,0,0,1701.091466052732
|||;28569,28569,28569,28569,0,0,0,0,1706.091466052732
|||;28569,28569,28569,28569,0,0,0,0,1711.091466052732
|||;28569,28569,28569,28569,0,0,0,0,1716.091466052732
|||;28569,28569,28569,28569,0,0,0,0,1721.091466052732
|||;28569,28569,28569,28569,0,0,0,0,1726.091466052732
|||;28569,28569,28569,28569,0,0,0,0,1731.091466052732
|||;28569,28569,28569,28569,0,0,0,0,1736.091466052732
|||;28569,28569,28569,28569,0,0,0,0,1741.091466052732
|||;28569,28569,28569,28569,0,0,0,0,1746.091466052732
|||;28569,28569,28569,28569,0,0,0,0,1751.091466052732
|||;28569,28569,28569,28569,0,0,0,0,1756.091466052732
|||;28569,28569,28569,28569,0,0,0,0,1761.091466052732
|||;28569,28569,28569,28569,0,0,0,0,1766.091466052732
|||;28569,28569,28569,28569,0,0,0,0,1771.091466052732
|||;28569,28569,28569,28569,0,0,0,0,1776.091466052732
|||;28569,28569,28569,28569,0,0,0,0,1781.091466052732
|||;28569,28569,28569,28569,0,0,0,0,1786.091466052732
|||;28569,28569,28569,28569,0,0,0,0,1791.091466052732
|||;28569,28569,28569,28569,0,0,0,0,1796.091466052732
|||;28569,28569,28569,28569,0,0,0,0,1801.091466052732
|||;28569,28569,28569,28569,0,0,0,0,1806.091466052732
|||;28569,28569,28569,28569,0,0,0,0,1811.091466052732
|||;28569,28569,28569,28569,0,0,0,0,1816.091466052732
|||;28569,28569,28569,28569,0,0,0,0,1821.091466052732
|||;28569,28569,28569,28569,0,0,0,0,1826.091466052732
|||;28569,28569,28569,28569,0,0,0,0,1831.091466052732
|||;28569,28569,28569,28569,0,0,0,0,1836.091466052732
|||;28569,28569,28569,28569,0,0,0,0,1841.091466052732
|||;28569,28569,28569,28569,0,0,0,0,1846.091466052732
|||;28569,28569,28569,28569,0,0,0,0,1851.091466052732
|||;28569,28569,28569,28569,0,0,0,0,1856.091466052732
|||;28569,28569,28569,28569,0,0,0,0,1861.091466052732
|||;28569,28569,28569,28569,0,0,0,0,1866.091466052732
|||;28569,28569,28569,28569,0,0,0,0,1871.091466052732
|||;28569,28569,28569,28569,0,0,0,0,1876.091466052732
|||;28569,28569,28569,28569,0,0,0,0,1881.091466052732
|||;28569,28569,28569,28569,0,0,0,0,1886.091466052732
|||;28569,28569,28569,28569,0,0,0,0,1891.091466052732
|||;28569,28569,28569,28569,0,0,0,0,1896.091466052732
|||;28569,28569,28569,28569,0,0,0,0,1901.091466052732
|||;28569,28569,28569,28569,0,0,0,0,1906.091466052732
|||;28569,28569,28569,28569,0,0,0,0,1911.091466052732
|||;28569,28569,28569,28569,0,0,0,0,1916.091466052732
|||;28569,28569,28569,28569,0,0,0,0,1921.091466052732
|||;28569,28569,28569,28569,0,0,0,0,1926.091466052732
|||;28569,28569,28569,28569,0,0,0,0,1931.091466052732
|||;28569,28569,28569,28569,0,0,0,0,1936.091466052732
|||;28569,28569,28569,28569,0,0,0,0,1941.091466052732
|||;28569,28569,28569,28569,0,0,0,0,1946.091466052732
|||;28569,28569,28569,28569,0,0,0,0,1951.091466052732
|||;28569,28569,28569,28569,0,0,0,0,1956.091466052732
|||;28569,28569,28569,28569,0,0,0,0,1961.091466052732
|||;28569,28569,28569,28569,0,0,0,0,1966.091466052732
|||;28569,28569,28569,28569,0,0,0,0,1971.091466052732
|||;28569,28569,28569,28569,0,0,0,0,1976.091466052732
|||;28569,28569,28569,28569,0,0,0,0,1981.091466052732
|||;28569,28569,28569,28569,0,0,0,0,1986.091466052732
|||;28569,28569,28569,28569,0,0,0,0,1991.091466052732
|||;28569,28569,28569,28569,0,0,0,0,1996.091466052732
|||;26112,26112,26112,26112,0,0,0,0,1.091466052732
|||;37376,37376,37376,37376,0,0,0,0,1.091466052732
|||;37376,37376,37376,37376,0,0,0,0,6.091466052732
|||;29798,29798,29798,29798,0,0,0,0,1.091466052732
|||;29798,29798,29798,29798,0,0,0,0,6.091466052732
|||;29798,29798,29798,29798,0,0,0,0,11.091466052732
|||;29798,29798,29798,29798,0,0,0,0,16.091466052732
|||;29798,29798,29798,29798,0,0,0,0,21.091466052732
|||;29798,29798,29798,29798,0,0,0,0,26.091466052732
|||;29798,29798,29798,29798,0,0,0,0,31.091466052732
|||;29798,29798,29798,29798,0,0,0,0,36.091466052732
|||;29798,29798,29798,29798,0,0,0,0,41.091466052732
|||;29798,29798,29798,29798,0,0,0,0,46.091466052732
|||;29798,29798,29798,29798,0,0,0,0,51.091466052732
|||;29798,29798,29798,29798,0,0,0,0,56.091466052732
|||;17920,17920,17920,17920,0,0,0,0,1.091466052732
|||;17920,17920,17920,17920,0,0,0,0,6.091466052732
|||;26521,26521,26521,26521,0,0,0,0,1.091466052732
|||;19148,19148,19148,19148,0,0,0,0,1.091466052732
|||;20787,20787,20787,20787,0,0,0,0,1.091466052732
|||;18739,18739,18739,18739,0,0,0,0,1.091466052732
|||;34713,34713,34713,34713,0,0,0,0,1.091466052732
|||;34713,34713,34713,34713,0,0,0,0,6.091466052732
|||;30003,30003,30003,30003,0,0,0,0,1.091466052732
|||;30822,30822,30822,30822,0,0,0,0,1.091466052732
|||;34508,34508,34508,34508,0,0,0,0,1.091466052732
|||;34508,34508,34508,34508,0,0,0,0,6.091466052732
|||;18739,18739,18739,18739,0,0,0,0,1.091466052732
|||;18739,18739,18739,18739,0,0,0,0,6.091466052732
|||;33075,33075,33075,33075,0,0,0,0,1.091466052732
