|||;34304,34304,34304,34304,0,0,0,0,1.127422931113
|||;34304,34304,34304,34304,0,0,0,0,6.127422931113
|||;34304,34304,34304,34304,0,0,0,0,11.127422931113
631jdakp(0),|142juklp(2),|142juklp(2),|142juklp(2),;29204.5,33449,32593.9,32593.9,28.993394173794,4.090762153587,8.750464110297,8.750464110297,16.127422931113
631jdakp(2),|142juklp(3),|142juklp(2),|142juklp(2),;29204.5,33449,32593.9,32593.9,23.993394173794,0,3.750464110297,3.750464110297,21.127422931113
631jdakp(2),|142juklp(3),|142juklp(3),|142juklp(3),;29204.5,33449,32593.9,32593.9,18.993394173794,0,0,0,26.127422931113
631jdakp(2),|142juklp(3),|142juklp(3),|142juklp(3),;29204.5,33449,32593.9,32593.9,13.993394173794,0,0,0,31.127422931113
631jdakp(2),|142juklp(3),|142juklp(3),|142juklp(3),;29204.5,33449,32593.9,32593.9,8.993394173794,0,0,0,36.127422931113
631jdakp(2),|142juklp(3),|142juklp(3),|142juklp(3),;29204.5,33449,32593.9,32593.9,3.993394173794,0,0,0,41.127422931113
631jdakp(3),|142juklp(3),|142juklp(3),|142juklp(3),;29204.5,33449,32593.9,32593.9,0,0,0,0,46.127422931113
631jdakp(3),|142juklp(3),|142juklp(3),|142juklp(3),;29204.5,33449,32593.9,32593.9,0,0,0,0,51.127422931113
631jdakp(3),|142juklp(3),|142juklp(3),|142juklp(3),;29204.5,33449,32593.9,32593.9,0,0,0,0,56.127422931113
631jdakp(3),|142juklp(3),|142juklp(3),|142juklp(3),;29204.5,33449,32593.9,32593.9,0,0,0,0,61.127422931113
631jdakp(3),|142juklp(3),|142juklp(3),|142juklp(3),;29204.5,33449,32593.9,32593.9,0,0,0,0,66.127422931113
631jdakp(3),|142juklp(3),|142juklp(3),|142juklp(3),;29204.5,33449,32593.9,32593.9,0,0,0,0,71.127422931113
631jdakp(3),|142juklp(3),|142juklp(3),|142juklp(3),;29204.5,33449,32593.9,32593.9,0,0,0,0,76.127422931113
631jdakp(3),|142juklp(3),|142juklp(3),|142juklp(3),;29204.5,33449,32593.9,32593.9,0,0,0,0,81.127422931113
631jdakp(3),|142juklp(3),|142juklp(3),|142juklp(3),;29204.5,33449,32593.9,32593.9,0,0,0,0,86.127422931113
631jdakp(3),|142juklp(3),|142juklp(3),|142juklp(3),;29204.5,33449,32593.9,32593.9,0,0,0,0,91.127422931113
631jdakp(3),|142juklp(3),|142juklp(3),|142juklp(3),;29204.5,33449,32593.9,32593.9,0,0,0,0,96.127422931113
631jdakp(3),|142juklp(3),|142juklp(3),|142juklp(3),;29204.5,33449,32593.9,32593.9,0,0,0,0,101.127422931113
631jdakp(3),|142juklp(3),|142juklp(3),|142juklp(3),;29204.5,33449,32593.9,32593.9,0,0,0,0,106.127422931113
631jdakp(3),|142juklp(3),|142juklp(3),|142juklp(3),;29204.5,33449,32593.9,32593.9,0,0,0,0,111.127422931113
631jdakp(3),|142juklp(3),|142juklp(3),|142juklp(3),;29204.5,33449,32593.9,32593.9,0,0,0,0,116.127422931113
631jdakp(3),|142juklp(3),|142juklp(3),|142juklp(3),;29204.5,33449,32593.9,32593.9,0,0,0,0,121.127422931113
631jdakp(3),|142juklp(3),|142juklp(3),|142juklp(3),;29204.5,33449,32593.9,32593.9,0,0,0,0,126.127422931113
631jdakp(3),|142juklp(3),|142juklp(3),|142juklp(3),;29204.5,33449,32593.9,32593.9,0,0,0,0,131.127422931113
631jdakp(3),|142juklp(3),|142juklp(3),|142juklp(3),;29204.5,33449,32593.9,32593.9,0,0,0,0,136.127422931113
631jdakp(3),|||;29204.5,34304,34304,34304,0,0,0,0,141.127422931113
631jdakp(3),|||;29204.5,34304,34304,34304,0,0,0,0,146.127422931113
631jdakp(3),|||;29204.5,34304,34304,34304,0,0,0,0,151.127422931113
631jdakp(3),|||;29204.5,34304,34304,34304,0,0,0,0,156.127422931113
631jdakp(3),|||;29204.5,34304,34304,34304,0,0,0,0,161.127422931113
631jdakp(3),|||;29204.5,34304,34304,34304,0,0,0,0,166.127422931113
631jdakp(3),|||;29204.5,34304,34304,34304,0,0,0,0,171.127422931113
631jdakp(3),|||;29204.5,34304,34304,34304,0,0,0,0,176.127422931113
631jdakp(3),|||;29204.5,34304,34304,34304,0,0,0,0,181.127422931113
631jdakp(3),|||;29204.5,34304,34304,34304,0,0,0,0,186.127422931113
|||;34304,34304,34304,34304,0,0,0,0,191.127422931113
100aqxmb(0),|100aqxmb(0),|100aqxmb(0),|100aqxmb(0),;32153.6,32870.4,32153.6,32870.4,13.564435080495,9.658098110798,13.564435080495,9.658098110798,196.127422931113
100aqxmb(2),595ngfsb(1),472xgdql(0),|100aqxmb(2),595ngfsb(1),472xgdql(0),|100aqxmb(2),595ngfsb(1),|100aqxmb(2),595ngfsb(1),690badvu(1),;29690.9,29603.9,29742.1,30136.3,29.519392776732,29.889067027813,24.580675252814,25.917243743031,201.127422931113
100aqxmb(2),595ngfsb(1),472xgdql(1),851vcyon(0),258vjuon(0),|595ngfsb(1),472xgdql(1),851vcyon(0),|100aqxmb(2),595ngfsb(1),851vcyon(0),|595ngfsb(1),690badvu(1),851vcyon(0),;20290.5,29255.7,27069.5,28897.3,86.105554041442,37.984994395195,37.415621425391,38.752189915608,206.127422931113
595ngfsb(2),472xgdql(1),851vcyon(1),258vjuon(1),|595ngfsb(2),472xgdql(1),851vcyon(1),328oquyp(0),|595ngfsb(2),851vcyon(1),328oquyp(0),|595ngfsb(2),690badvu(1),851vcyon(1),;22440.9,28728.3,28692.5,28897.3,81.105554041442,38.94660497122,38.377232001416,33.752189915608,211.127422931113
595ngfsb(2),472xgdql(1),851vcyon(1),258vjuon(1),755ovrtd(0),|595ngfsb(2),472xgdql(1),851vcyon(1),328oquyp(1),|595ngfsb(2),851vcyon(1),328oquyp(1),|690badvu(2),851vcyon(1),;16747.5,28728.3,28692.5,30505,112.334056305954,33.94660497122,33.377232001416,28.752189915608,216.127422931113
472xgdql(2),851vcyon(1),258vjuon(1),755ovrtd(1),173lxics(0),|472xgdql(2),851vcyon(1),328oquyp(1),|595ngfsb(2),851vcyon(1),328oquyp(1),|690badvu(2),851vcyon(1),;14233.6,31139.8,28692.5,30505,135.876502833483,28.94660497122,28.377232001416,23.752189915608,221.127422931113
472xgdql(3),851vcyon(2),258vjuon(1),755ovrtd(1),173lxics(0),|472xgdql(3),851vcyon(2),328oquyp(1),|851vcyon(2),328oquyp(1),|690badvu(3),851vcyon(2),;14233.6,31139.8,31104,30505,130.876502833483,23.94660497122,23.377232001416,18.752189915608,226.127422931113
472xgdql(3),851vcyon(2),258vjuon(1),755ovrtd(1),173lxics(1),|472xgdql(3),851vcyon(2),328oquyp(1),124fxhgw(0),|851vcyon(2),328oquyp(1),124fxhgw(0),|690badvu(3),851vcyon(2),124fxhgw(0),;14233.6,28436.4,28400.6,26900.5,125.876502833483,37.896462199311,37.327089229507,37.495537429414,231.127422931113
472xgdql(3),258vjuon(2),755ovrtd(1),173lxics(1),|472xgdql(3),328oquyp(2),124fxhgw(1),123hqnpv(0),|851vcyon(2),328oquyp(1),124fxhgw(1),123hqnpv(0),|690badvu(3),124fxhgw(1),123hqnpv(0),;16015.4,28375,26557.4,27729.9,120.876502833483,46.461873877666,45.892500907862,46.060949107769,236.127422931113
472xgdql(3),258vjuon(2),755ovrtd(1),173lxics(1),|472xgdql(3),124fxhgw(2),123hqnpv(1),|124fxhgw(1),123hqnpv(1),|690badvu(3),124fxhgw(2),123hqnpv(1),;16015.4,28902.4,29757.4,27729.9,115.876502833483,41.461873877666,40.892500907862,41.060949107769,241.127422931113
472xgdql(3),258vjuon(2),755ovrtd(1),173lxics(1),603ldjur(0),|472xgdql(3),124fxhgw(2),123hqnpv(1),753irlto(0),603ldjur(0),|124fxhgw(2),123hqnpv(1),753irlto(0),|690badvu(3),124fxhgw(2),123hqnpv(1),753irlto(0),603ldjur(0),;14336,25282.5,26050.5,24110,124.664395967552,65.104028684131,60.373092969868,64.703103914234,246.127422931113
472xgdql(3),258vjuon(2),755ovrtd(1),173lxics(1),603ldjur(1),|472xgdql(3),124fxhgw(2),123hqnpv(1),753irlto(1),603ldjur(1),|124fxhgw(2),123hqnpv(1),753irlto(1),|690badvu(3),124fxhgw(2),123hqnpv(1),753irlto(1),603ldjur(1),;14336,25282.5,26050.5,24110,119.664395967552,60.104028684131,55.373092969868,59.703103914234,251.127422931113
472xgdql(3),258vjuon(2),755ovrtd(1),173lxics(1),603ldjur(1),|472xgdql(3),123hqnpv(2),753irlto(1),603ldjur(1),|123hqnpv(1),753irlto(1),|690badvu(3),123hqnpv(1),753irlto(1),603ldjur(1),;14336,27985.9,28753.9,27714.5,114.664395967552,55.104028684131,50.373092969868,54.703103914234,256.127422931113
472xgdql(3),258vjuon(2),755ovrtd(1),173lxics(1),603ldjur(1),|472xgdql(3),123hqnpv(2),753irlto(1),603ldjur(1),|123hqnpv(2),753irlto(1),|690badvu(3),123hqnpv(2),753irlto(1),603ldjur(1),;14336,27985.9,28753.9,27714.5,109.664395967552,50.104028684131,45.373092969868,49.703103914234,261.127422931113
472xgdql(3),258vjuon(2),755ovrtd(1),173lxics(1),603ldjur(1),|472xgdql(3),753irlto(2),603ldjur(1),|123hqnpv(2),753irlto(1),|690badvu(3),123hqnpv(2),753irlto(1),603ldjur(1),;14336,29829.1,28753.9,27714.5,104.664395967552,45.104028684131,40.373092969868,44.703103914234,266.127422931113
472xgdql(3),258vjuon(2),755ovrtd(1),173lxics(1),603ldjur(1),|472xgdql(3),753irlto(2),603ldjur(1),|753irlto(2),|690badvu(3),753irlto(2),603ldjur(1),;14336,29829.1,30597.1,29557.7,99.664395967552,40.104028684131,35.373092969868,39.703103914234,271.127422931113
755ovrtd(1),173lxics(1),603ldjur(1),|753irlto(2),603ldjur(1),|753irlto(2),|690badvu(3),753irlto(2),603ldjur(1),;22809.6,30684.1,30597.1,29557.7,94.664395967552,35.104028684131,30.373092969868,34.703103914234,276.127422931113
755ovrtd(2),173lxics(1),603ldjur(1),|753irlto(3),603ldjur(2),|753irlto(2),|690badvu(3),753irlto(2),603ldjur(1),;22809.6,30684.1,30597.1,29557.7,89.664395967552,30.104028684131,25.373092969868,29.703103914234,281.127422931113
755ovrtd(2),173lxics(1),603ldjur(1),|603ldjur(3),|753irlto(2),|690badvu(3),603ldjur(2),;22809.6,33464.3,30597.1,32337.9,84.664395967552,25.104028684131,20.373092969868,24.703103914234,286.127422931113
755ovrtd(2),173lxics(1),603ldjur(1),|801rqmoc(0),|801rqmoc(0),|690badvu(3),801rqmoc(0),;22809.6,31892.5,31088.6,30766.1,79.664395967552,36.149294010673,35.694369517189,35.748369240776,291.127422931113
755ovrtd(2),173lxics(1),603ldjur(1),|801rqmoc(2),|801rqmoc(2),|690badvu(3),801rqmoc(2),;22809.6,31892.5,31088.6,30766.1,74.664395967552,31.149294010673,30.694369517189,30.748369240776,296.127422931113
755ovrtd(2),173lxics(1),603ldjur(1),|801rqmoc(2),|801rqmoc(2),|690badvu(3),801rqmoc(2),;22809.6,31892.5,31088.6,30766.1,69.664395967552,26.149294010673,25.694369517189,25.748369240776,301.127422931113
755ovrtd(2),173lxics(1),603ldjur(1),379fjpgm(0),|379fjpgm(0),|801rqmoc(2),379fjpgm(0),|690badvu(3),379fjpgm(0),;20864,28467.2,30115.8,32204.8,81.628291318577,59.825685292434,32.23014088553,32.284140609117,306.127422931113
755ovrtd(3),173lxics(2),603ldjur(1),379fjpgm(1),|379fjpgm(2),|379fjpgm(2),|690badvu(3),379fjpgm(2),;20864,28467.2,33331.2,32204.8,76.628291318577,54.825685292434,27.23014088553,27.284140609117,311.127422931113
755ovrtd(3),173lxics(2),603ldjur(1),379fjpgm(1),|379fjpgm(2),|379fjpgm(3),|690badvu(3),379fjpgm(3),;20864,28467.2,33331.2,32204.8,71.628291318577,49.825685292434,22.23014088553,22.284140609117,316.127422931113
755ovrtd(3),173lxics(2),603ldjur(1),379fjpgm(1),|379fjpgm(2),|379fjpgm(3),|690badvu(3),379fjpgm(3),;20864,28467.2,33331.2,32204.8,66.628291318577,44.825685292434,17.23014088553,17.284140609117,321.127422931113
755ovrtd(3),173lxics(2),603ldjur(1),379fjpgm(1),|379fjpgm(2),|379fjpgm(3),|690badvu(3),379fjpgm(3),;20864,28467.2,33331.2,32204.8,61.628291318577,39.825685292434,12.23014088553,12.284140609117,326.127422931113
173lxics(3),603ldjur(2),379fjpgm(1),|379fjpgm(2),|379fjpgm(3),|690badvu(3),379fjpgm(3),;26557.4,28467.2,33331.2,32204.8,56.628291318577,34.825685292434,7.23014088553,7.284140609117,331.127422931113
603ldjur(2),379fjpgm(1),|379fjpgm(2),|379fjpgm(3),|690badvu(3),379fjpgm(3),;30679,28467.2,33331.2,32204.8,51.628291318577,29.825685292434,2.23014088553,2.284140609117,336.127422931113
603ldjur(3),379fjpgm(2),|379fjpgm(3),|379fjpgm(3),|690badvu(3),379fjpgm(3),;30679,28467.2,33331.2,32204.8,46.628291318577,24.825685292434,0,0,341.127422931113
603ldjur(3),379fjpgm(2),|379fjpgm(3),|379fjpgm(3),|690badvu(3),379fjpgm(3),;30679,28467.2,33331.2,32204.8,41.628291318577,19.825685292434,0,0,346.127422931113
603ldjur(3),379fjpgm(3),|379fjpgm(3),|379fjpgm(3),|690badvu(3),379fjpgm(3),;30679,28467.2,33331.2,32204.8,36.628291318577,14.825685292434,0,0,351.127422931113
603ldjur(3),379fjpgm(3),|379fjpgm(3),|379fjpgm(3),|690badvu(3),379fjpgm(3),;30679,28467.2,33331.2,32204.8,31.628291318577,9.825685292434,0,0,356.127422931113
603ldjur(3),379fjpgm(3),|379fjpgm(3),|379fjpgm(3),|690badvu(3),379fjpgm(3),;30679,28467.2,33331.2,32204.8,26.628291318577,4.825685292434,0,0,361.127422931113
603ldjur(3),379fjpgm(3),|379fjpgm(3),|379fjpgm(3),|690badvu(3),379fjpgm(3),;30679,28467.2,33331.2,32204.8,21.628291318577,0,0,0,366.127422931113
379fjpgm(3),|379fjpgm(3),||;32358.4,28467.2,34304,34304,16.628291318577,0,0,0,371.127422931113
|||;34304,34304,34304,34304,11.628291318577,0,0,0,376.127422931113
|||;34304,34304,34304,34304,6.628291318577,0,0,0,381.127422931113
127vzoja(3),|127vzoja(2),|127vzoja(2),|127vzoja(2),;33735.7,32599,32599,32599,6.968314033806,4.430455121779,4.430455121779,4.430455121779,386.127422931113
127vzoja(3),|||;33735.7,34304,34304,34304,1.968314033806,0,0,0,391.127422931113
127vzoja(3),|||;33735.7,34304,34304,34304,0,0,0,0,396.127422931113
127vzoja(3),|||;33735.7,34304,34304,34304,0,0,0,0,401.127422931113
|||;34304,34304,34304,34304,0,0,0,0,406.127422931113
|||;34304,34304,34304,34304,0,0,0,0,411.127422931113
|||;34304,34304,34304,34304,0,0,0,0,416.127422931113
|||;34304,34304,34304,34304,0,0,0,0,421.127422931113
|||;34304,34304,34304,34304,0,0,0,0,426.127422931113
|||;34304,34304,34304,34304,0,0,0,0,431.127422931113
|||;34304,34304,34304,34304,0,0,0,0,436.127422931113
|||;34304,34304,34304,34304,0,0,0,0,441.127422931113
|||;34304,34304,34304,34304,0,0,0,0,446.127422931113
|||;34304,34304,34304,34304,0,0,0,0,451.127422931113
|||;34304,34304,34304,34304,0,0,0,0,456.127422931113
|||;34304,34304,34304,34304,0,0,0,0,461.127422931113
|||;34304,34304,34304,34304,0,0,0,0,466.127422931113
|||;34304,34304,34304,34304,0,0,0,0,471.127422931113
|||;34304,34304,34304,34304,0,0,0,0,476.127422931113
|||;34304,34304,34304,34304,0,0,0,0,481.127422931113
|||;34304,34304,34304,34304,0,0,0,0,486.127422931113
|||;34304,34304,34304,34304,0,0,0,0,491.127422931113
|||;34304,34304,34304,34304,0,0,0,0,496.127422931113
|||;34304,34304,34304,34304,0,0,0,0,501.127422931113
|||;34304,34304,34304,34304,0,0,0,0,506.127422931113
|||;34304,34304,34304,34304,0,0,0,0,511.127422931113
|||;34304,34304,34304,34304,0,0,0,0,516.127422931113
|||;34304,34304,34304,34304,0,0,0,0,521.127422931113
|||;34304,34304,34304,34304,0,0,0,0,526.127422931113
|||;34304,34304,34304,34304,0,0,0,0,531.127422931113
|||;34304,34304,34304,34304,0,0,0,0,536.127422931113
|||;34304,34304,34304,34304,0,0,0,0,541.127422931113
|||;34304,34304,34304,34304,0,0,0,0,546.127422931113
|||;34304,34304,34304,34304,0,0,0,0,551.127422931113
|||;34304,34304,34304,34304,0,0,0,0,556.127422931113
|||;34304,34304,34304,34304,0,0,0,0,561.127422931113
|||;34304,34304,34304,34304,0,0,0,0,566.127422931113
|||;34304,34304,34304,34304,0,0,0,0,571.127422931113
|||;34304,34304,34304,34304,0,0,0,0,576.127422931113
|||;34304,34304,34304,34304,0,0,0,0,581.127422931113
|||;34304,34304,34304,34304,0,0,0,0,586.127422931113
|||;34304,34304,34304,34304,0,0,0,0,591.127422931113
|||;34304,34304,34304,34304,0,0,0,0,596.127422931113
|||;34304,34304,34304,34304,0,0,0,0,601.127422931113
352zvows(2),|352zvows(2),|352zvows(2),|352zvows(2),;32430.1,32430.1,33054.7,33054.7,7.494302088143,7.494302088143,4.171541776454,4.171541776454,606.127422931113
352zvows(2),|352zvows(2),||;32430.1,32430.1,34304,34304,2.494302088143,2.494302088143,0,0,611.127422931113
|||;34304,34304,34304,34304,0,0,0,0,616.127422931113
|||;34304,34304,34304,34304,0,0,0,0,621.127422931113
|||;34304,34304,34304,34304,0,0,0,0,626.127422931113
|||;34304,34304,34304,34304,0,0,0,0,631.127422931113
|||;34304,34304,34304,34304,0,0,0,0,636.127422931113
|||;34304,34304,34304,34304,0,0,0,0,641.127422931113
|||;34304,34304,34304,34304,0,0,0,0,646.127422931113
|||;34304,34304,34304,34304,0,0,0,0,651.127422931113
|||;34304,34304,34304,34304,0,0,0,0,656.127422931113
|||;34304,34304,34304,34304,0,0,0,0,661.127422931113
|||;34304,34304,34304,34304,0,0,0,0,666.127422931113
|||;34304,34304,34304,34304,0,0,0,0,671.127422931113
|||;34304,34304,34304,34304,0,0,0,0,676.127422931113
|||;34304,34304,34304,34304,0,0,0,0,681.127422931113
|||;34304,34304,34304,34304,0,0,0,0,686.127422931113
|||;34304,34304,34304,34304,0,0,0,0,691.127422931113
|||;34304,34304,34304,34304,0,0,0,0,696.127422931113
|||;34304,34304,34304,34304,0,0,0,0,701.127422931113
700hpcfg(2),|700hpcfg(2),|700hpcfg(2),|700hpcfg(2),;32629.8,32629.8,33187.8,33187.8,7.172960222189,7.172960222189,4.204264533877,4.204264533877,706.127422931113
700hpcfg(2),|700hpcfg(2),||;32629.8,32629.8,34304,34304,2.172960222189,2.172960222189,0,0,711.127422931113
|||;34304,34304,34304,34304,0,0,0,0,716.127422931113
|||;34304,34304,34304,34304,0,0,0,0,721.127422931113
|||;34304,34304,34304,34304,0,0,0,0,726.127422931113
|||;34304,34304,34304,34304,0,0,0,0,731.127422931113
|||;34304,34304,34304,34304,0,0,0,0,736.127422931113
|||;34304,34304,34304,34304,0,0,0,0,741.127422931113
|||;34304,34304,34304,34304,0,0,0,0,746.127422931113
|||;34304,34304,34304,34304,0,0,0,0,751.127422931113
|||;34304,34304,34304,34304,0,0,0,0,756.127422931113
|||;34304,34304,34304,34304,0,0,0,0,761.127422931113
|||;34304,34304,34304,34304,0,0,0,0,766.127422931113
|||;34304,34304,34304,34304,0,0,0,0,771.127422931113
|||;34304,34304,34304,34304,0,0,0,0,776.127422931113
|||;34304,34304,34304,34304,0,0,0,0,781.127422931113
|||;34304,34304,34304,34304,0,0,0,0,786.127422931113
|||;34304,34304,34304,34304,0,0,0,0,791.127422931113
|||;34304,34304,34304,34304,0,0,0,0,796.127422931113
|||;34304,34304,34304,34304,0,0,0,0,801.127422931113
|||;34304,34304,34304,34304,0,0,0,0,806.127422931113
|||;34304,34304,34304,34304,0,0,0,0,811.127422931113
|||;34304,34304,34304,34304,0,0,0,0,816.127422931113
|||;34304,34304,34304,34304,0,0,0,0,821.127422931113
|||;34304,34304,34304,34304,0,0,0,0,826.127422931113
|||;34304,34304,34304,34304,0,0,0,0,831.127422931113
|||;34304,34304,34304,34304,0,0,0,0,836.127422931113
|||;34304,34304,34304,34304,0,0,0,0,841.127422931113
|||;34304,34304,34304,34304,0,0,0,0,846.127422931113
|||;34304,34304,34304,34304,0,0,0,0,851.127422931113
|||;34304,34304,34304,34304,0,0,0,0,856.127422931113
|||;34304,34304,34304,34304,0,0,0,0,861.127422931113
|||;34304,34304,34304,34304,0,0,0,0,866.127422931113
|||;34304,34304,34304,34304,0,0,0,0,871.127422931113
|||;34304,34304,34304,34304,0,0,0,0,876.127422931113
|||;34304,34304,34304,34304,0,0,0,0,881.127422931113
|||;34304,34304,34304,34304,0,0,0,0,886.127422931113
|||;34304,34304,34304,34304,0,0,0,0,891.127422931113
|||;34304,34304,34304,34304,0,0,0,0,896.127422931113
|||;34304,34304,34304,34304,0,0,0,0,901.127422931113
|||;34304,34304,34304,34304,0,0,0,0,906.127422931113
|||;34304,34304,34304,34304,0,0,0,0,911.127422931113
|||;34304,34304,34304,34304,0,0,0,0,916.127422931113
|||;34304,34304,34304,34304,0,0,0,0,921.127422931113
|||;34304,34304,34304,34304,0,0,0,0,926.127422931113
|||;34304,34304,34304,34304,0,0,0,0,931.127422931113
|||;34304,34304,34304,34304,0,0,0,0,936.127422931113
|||;34304,34304,34304,34304,0,0,0,0,941.127422931113
|||;34304,34304,34304,34304,0,0,0,0,946.127422931113
|||;34304,34304,34304,34304,0,0,0,0,951.127422931113
|||;34304,34304,34304,34304,0,0,0,0,956.127422931113
|||;34304,34304,34304,34304,0,0,0,0,961.127422931113
|||;34304,34304,34304,34304,0,0,0,0,966.127422931113
|||;34304,34304,34304,34304,0,0,0,0,971.127422931113
|||;34304,34304,34304,34304,0,0,0,0,976.127422931113
|||;34304,34304,34304,34304,0,0,0,0,981.127422931113
|||;34304,34304,34304,34304,0,0,0,0,986.127422931113
|||;34304,34304,34304,34304,0,0,0,0,991.127422931113
|||;34304,34304,34304,34304,0,0,0,0,996.127422931113
|||;34304,34304,34304,34304,0,0,0,0,1001.127422931113
|||;34304,34304,34304,34304,0,0,0,0,1006.127422931113
|||;34304,34304,34304,34304,0,0,0,0,1011.127422931113
|||;34304,34304,34304,34304,0,0,0,0,1016.127422931113
|||;34304,34304,34304,34304,0,0,0,0,1021.127422931113
|||;34304,34304,34304,34304,0,0,0,0,1026.127422931113
|||;34304,34304,34304,34304,0,0,0,0,1031.127422931113
|||;34304,34304,34304,34304,0,0,0,0,1036.127422931113
|||;34304,34304,34304,34304,0,0,0,0,1041.127422931113
|||;34304,34304,34304,34304,0,0,0,0,1046.127422931113
|||;34304,34304,34304,34304,0,0,0,0,1051.127422931113
|||;34304,34304,34304,34304,0,0,0,0,1056.127422931113
|||;34304,34304,34304,34304,0,0,0,0,1061.127422931113
|||;34304,34304,34304,34304,0,0,0,0,1066.127422931113
|||;34304,34304,34304,34304,0,0,0,0,1071.127422931113
|||;34304,34304,34304,34304,0,0,0,0,1076.127422931113
|||;34304,34304,34304,34304,0,0,0,0,1081.127422931113
|||;34304,34304,34304,34304,0,0,0,0,1086.127422931113
|||;34304,34304,34304,34304,0,0,0,0,1091.127422931113
|||;34304,34304,34304,34304,0,0,0,0,1096.127422931113
|||;34304,34304,34304,34304,0,0,0,0,1101.127422931113
|||;34304,34304,34304,34304,0,0,0,0,1106.127422931113
|||;34304,34304,34304,34304,0,0,0,0,1111.127422931113
|||;34304,34304,34304,34304,0,0,0,0,1116.127422931113
|||;34304,34304,34304,34304,0,0,0,0,1121.127422931113
|||;34304,34304,34304,34304,0,0,0,0,1126.127422931113
|||;34304,34304,34304,34304,0,0,0,0,1131.127422931113
|||;34304,34304,34304,34304,0,0,0,0,1136.127422931113
|||;34304,34304,34304,34304,0,0,0,0,1141.127422931113
|||;34304,34304,34304,34304,0,0,0,0,1146.127422931113
|||;34304,34304,34304,34304,0,0,0,0,1151.127422931113
|||;34304,34304,34304,34304,0,0,0,0,1156.127422931113
|||;34304,34304,34304,34304,0,0,0,0,1161.127422931113
|||;34304,34304,34304,34304,0,0,0,0,1166.127422931113
|||;34304,34304,34304,34304,0,0,0,0,1171.127422931113
|||;34304,34304,34304,34304,0,0,0,0,1176.127422931113
|||;34304,34304,34304,34304,0,0,0,0,1181.127422931113
|||;34304,34304,34304,34304,0,0,0,0,1186.127422931113
|||;34304,34304,34304,34304,0,0,0,0,1191.127422931113
|||;34304,34304,34304,34304,0,0,0,0,1196.127422931113
|||;34304,34304,34304,34304,0,0,0,0,1201.127422931113
|||;34304,34304,34304,34304,0,0,0,0,1206.127422931113
|||;34304,34304,34304,34304,0,0,0,0,1211.127422931113
|||;34304,34304,34304,34304,0,0,0,0,1216.127422931113
|||;34304,34304,34304,34304,0,0,0,0,1221.127422931113
|||;34304,34304,34304,34304,0,0,0,0,1226.127422931113
|||;34304,34304,34304,34304,0,0,0,0,1231.127422931113
|||;34304,34304,34304,34304,0,0,0,0,1236.127422931113
|||;34304,34304,34304,34304,0,0,0,0,1241.127422931113
|||;34304,34304,34304,34304,0,0,0,0,1246.127422931113
|||;34304,34304,34304,34304,0,0,0,0,1251.127422931113
|||;34304,34304,34304,34304,0,0,0,0,1256.127422931113
|||;34304,34304,34304,34304,0,0,0,0,1261.127422931113
|||;34304,34304,34304,34304,0,0,0,0,1266.127422931113
|||;34304,34304,34304,34304,0,0,0,0,1271.127422931113
|||;34304,34304,34304,34304,0,0,0,0,1276.127422931113
|||;34304,34304,34304,34304,0,0,0,0,1281.127422931113
|||;34304,34304,34304,34304,0,0,0,0,1286.127422931113
|||;34304,34304,34304,34304,0,0,0,0,1291.127422931113
|||;34304,34304,34304,34304,0,0,0,0,1296.127422931113
|||;34304,34304,34304,34304,0,0,0,0,1301.127422931113
|||;34304,34304,34304,34304,0,0,0,0,1306.127422931113
|||;34304,34304,34304,34304,0,0,0,0,1311.127422931113
|||;34304,34304,34304,34304,0,0,0,0,1316.127422931113
|||;34304,34304,34304,34304,0,0,0,0,1321.127422931113
|||;34304,34304,34304,34304,0,0,0,0,1326.127422931113
|||;34304,34304,34304,34304,0,0,0,0,1331.127422931113
|||;34304,34304,34304,34304,0,0,0,0,1336.127422931113
|||;34304,34304,34304,34304,0,0,0,0,1341.127422931113
|||;34304,34304,34304,34304,0,0,0,0,1346.127422931113
|||;34304,34304,34304,34304,0,0,0,0,1351.127422931113
|||;34304,34304,34304,34304,0,0,0,0,1356.127422931113
|||;34304,34304,34304,34304,0,0,0,0,1361.127422931113
|||;34304,34304,34304,34304,0,0,0,0,1366.127422931113
|||;34304,34304,34304,34304,0,0,0,0,1371.127422931113
|||;34304,34304,34304,34304,0,0,0,0,1376.127422931113
|||;34304,34304,34304,34304,0,0,0,0,1381.127422931113
|||;34304,34304,34304,34304,0,0,0,0,1386.127422931113
|||;34304,34304,34304,34304,0,0,0,0,1391.127422931113
|||;34304,34304,34304,34304,0,0,0,0,1396.127422931113
|||;34304,34304,34304,34304,0,0,0,0,1401.127422931113
|||;34304,34304,34304,34304,0,0,0,0,1406.127422931113
|||;34304,34304,34304,34304,0,0,0,0,1411.127422931113
|||;34304,34304,34304,34304,0,0,0,0,1416.127422931113
|||;34304,34304,34304,34304,0,0,0,0,1421.127422931113
|||;34304,34304,34304,34304,0,0,0,0,1426.127422931113
|||;34304,34304,34304,34304,0,0,0,0,1431.127422931113
|||;34304,34304,34304,34304,0,0,0,0,1436.127422931113
|||;34304,34304,34304,34304,0,0,0,0,1441.127422931113
|||;34304,34304,34304,34304,0,0,0,0,1446.127422931113
|||;34304,34304,34304,34304,0,0,0,0,1451.127422931113
|||;34304,34304,34304,34304,0,0,0,0,1456.127422931113
|||;34304,34304,34304,34304,0,0,0,0,1461.127422931113
|||;34304,34304,34304,34304,0,0,0,0,1466.127422931113
|||;34304,34304,34304,34304,0,0,0,0,1471.127422931113
|||;34304,34304,34304,34304,0,0,0,0,1476.127422931113
|||;34304,34304,34304,34304,0,0,0,0,1481.127422931113
|||;34304,34304,34304,34304,0,0,0,0,1486.127422931113
|||;34304,34304,34304,34304,0,0,0,0,1491.127422931113
|||;34304,34304,34304,34304,0,0,0,0,1496.127422931113
|||;34304,34304,34304,34304,0,0,0,0,1501.127422931113
|||;34304,34304,34304,34304,0,0,0,0,1506.127422931113
|||;34304,34304,34304,34304,0,0,0,0,1511.127422931113
|||;34304,34304,34304,34304,0,0,0,0,1516.127422931113
|||;34304,34304,34304,34304,0,0,0,0,1521.127422931113
|||;34304,34304,34304,34304,0,0,0,0,1526.127422931113
|||;34304,34304,34304,34304,0,0,0,0,1531.127422931113
|||;34304,34304,34304,34304,0,0,0,0,1536.127422931113
|||;34304,34304,34304,34304,0,0,0,0,1541.127422931113
|||;34304,34304,34304,34304,0,0,0,0,1546.127422931113
|||;34304,34304,34304,34304,0,0,0,0,1551.127422931113
|||;34304,34304,34304,34304,0,0,0,0,1556.127422931113
|||;34304,34304,34304,34304,0,0,0,0,1561.127422931113
|||;34304,34304,34304,34304,0,0,0,0,1566.127422931113
|||;34304,34304,34304,34304,0,0,0,0,1571.127422931113
|||;34304,34304,34304,34304,0,0,0,0,1576.127422931113
|||;34304,34304,34304,34304,0,0,0,0,1581.127422931113
|||;34304,34304,34304,34304,0,0,0,0,1586.127422931113
|||;34304,34304,34304,34304,0,0,0,0,1591.127422931113
|||;34304,34304,34304,34304,0,0,0,0,1596.127422931113
|||;34304,34304,34304,34304,0,0,0,0,1601.127422931113
|||;34304,34304,34304,34304,0,0,0,0,1606.127422931113
|||;34304,34304,34304,34304,0,0,0,0,1611.127422931113
|||;34304,34304,34304,34304,0,0,0,0,1616.127422931113
|||;34304,34304,34304,34304,0,0,0,0,1621.127422931113
|||;34304,34304,34304,34304,0,0,0,0,1626.127422931113
|||;34304,34304,34304,34304,0,0,0,0,1631.127422931113
|||;34304,34304,34304,34304,0,0,0,0,1636.127422931113
|||;34304,34304,34304,34304,0,0,0,0,1641.127422931113
|||;34304,34304,34304,34304,0,0,0,0,1646.127422931113
|||;34304,34304,34304,34304,0,0,0,0,1651.127422931113
|||;34304,34304,34304,34304,0,0,0,0,1656.127422931113
|||;34304,34304,34304,34304,0,0,0,0,1661.127422931113
|||;34304,34304,34304,34304,0,0,0,0,1666.127422931113
|||;34304,34304,34304,34304,0,0,0,0,1671.127422931113
|||;34304,34304,34304,34304,0,0,0,0,1676.127422931113
|||;34304,34304,34304,34304,0,0,0,0,1681.127422931113
|||;34304,34304,34304,34304,0,0,0,0,1686.127422931113
|||;34304,34304,34304,34304,0,0,0,0,1691.127422931113
|||;34304,34304,34304,34304,0,0,0,0,1696.127422931113
|||;34304,34304,34304,34304,0,0,0,0,1701.127422931113
|||;34304,34304,34304,34304,0,0,0,0,1706.127422931113
|||;34304,34304,34304,34304,0,0,0,0,1711.127422931113
|||;34304,34304,34304,34304,0,0,0,0,1716.127422931113
|||;34304,34304,34304,34304,0,0,0,0,1721.127422931113
|||;34304,34304,34304,34304,0,0,0,0,1726.127422931113
|||;34304,34304,34304,34304,0,0,0,0,1731.127422931113
|||;34304,34304,34304,34304,0,0,0,0,1736.127422931113
|||;34304,34304,34304,34304,0,0,0,0,1741.127422931113
|||;34304,34304,34304,34304,0,0,0,0,1746.127422931113
|||;34304,34304,34304,34304,0,0,0,0,1751.127422931113
|||;34304,34304,34304,34304,0,0,0,0,1756.127422931113
|||;34304,34304,34304,34304,0,0,0,0,1761.127422931113
|||;34304,34304,34304,34304,0,0,0,0,1766.127422931113
|||;34304,34304,34304,34304,0,0,0,0,1771.127422931113
|||;34304,34304,34304,34304,0,0,0,0,1776.127422931113
|||;34304,34304,34304,34304,0,0,0,0,1781.127422931113
|||;34304,34304,34304,34304,0,0,0,0,1786.127422931113
|||;34304,34304,34304,34304,0,0,0,0,1791.127422931113
|||;34304,34304,34304,34304,0,0,0,0,1796.127422931113
|||;34304,34304,34304,34304,0,0,0,0,1801.127422931113
|||;34304,34304,34304,34304,0,0,0,0,1806.127422931113
|||;34304,34304,34304,34304,0,0,0,0,1811.127422931113
|||;34304,34304,34304,34304,0,0,0,0,1816.127422931113
|||;34304,34304,34304,34304,0,0,0,0,1821.127422931113
|||;34304,34304,34304,34304,0,0,0,0,1826.127422931113
|||;34304,34304,34304,34304,0,0,0,0,1831.127422931113
|||;34304,34304,34304,34304,0,0,0,0,1836.127422931113
|||;34304,34304,34304,34304,0,0,0,0,1841.127422931113
|||;34304,34304,34304,34304,0,0,0,0,1846.127422931113
|||;34304,34304,34304,34304,0,0,0,0,1851.127422931113
|||;34304,34304,34304,34304,0,0,0,0,1856.127422931113
|||;34304,34304,34304,34304,0,0,0,0,1861.127422931113
|||;34304,34304,34304,34304,0,0,0,0,1866.127422931113
|||;34304,34304,34304,34304,0,0,0,0,1871.127422931113
|||;34304,34304,34304,34304,0,0,0,0,1876.127422931113
|||;34304,34304,34304,34304,0,0,0,0,1881.127422931113
|||;34304,34304,34304,34304,0,0,0,0,1886.127422931113
|||;34304,34304,34304,34304,0,0,0,0,1891.127422931113
|||;34304,34304,34304,34304,0,0,0,0,1896.127422931113
|||;34304,34304,34304,34304,0,0,0,0,1901.127422931113
|||;34304,34304,34304,34304,0,0,0,0,1906.127422931113
|||;34304,34304,34304,34304,0,0,0,0,1911.127422931113
|||;34304,34304,34304,34304,0,0,0,0,1916.127422931113
|||;34304,34304,34304,34304,0,0,0,0,1921.127422931113
|||;34304,34304,34304,34304,0,0,0,0,1926.127422931113
|||;34304,34304,34304,34304,0,0,0,0,1931.127422931113
|||;34304,34304,34304,34304,0,0,0,0,1936.127422931113
|||;34304,34304,34304,34304,0,0,0,0,1941.127422931113
|||;34304,34304,34304,34304,0,0,0,0,1946.127422931113
|||;34304,34304,34304,34304,0,0,0,0,1951.127422931113
|||;34304,34304,34304,34304,0,0,0,0,1956.127422931113
|||;34304,34304,34304,34304,0,0,0,0,1961.127422931113
|||;34304,34304,34304,34304,0,0,0,0,1966.127422931113
|||;34304,34304,34304,34304,0,0,0,0,1971.127422931113
|||;34304,34304,34304,34304,0,0,0,0,1976.127422931113
|||;34304,34304,34304,34304,0,0,0,0,1981.127422931113
|||;34304,34304,34304,34304,0,0,0,0,1986.127422931113
|||;34304,34304,34304,34304,0,0,0,0,1991.127422931113
|||;34304,34304,34304,34304,0,0,0,0,1996.127422931113
|||;27955,27955,27955,27955,0,0,0,0,1.127422931113
|||;19353,19353,19353,19353,0,0,0,0,1.127422931113
|||;19353,19353,19353,19353,0,0,0,0,6.127422931113
|||;33689,33689,33689,33689,0,0,0,0,1.127422931113
|||;33689,33689,33689,33689,0,0,0,0,6.127422931113
|||;33689,33689,33689,33689,0,0,0,0,11.127422931113
|||;33689,33689,33689,33689,0,0,0,0,16.127422931113
|||;33689,33689,33689,33689,0,0,0,0,21.127422931113
|||;33689,33689,33689,33689,0,0,0,0,26.127422931113
|||;33689,33689,33689,33689,0,0,0,0,31.127422931113
|||;33689,33689,33689,33689,0,0,0,0,36.127422931113
7czofa(2),|||;27749.8,33689,33689,33689,27.172290875869,0,0,0,41.127422931113
7czofa(2),|||;27749.8,33689,33689,33689,22.172290875869,0,0,0,46.127422931113
7czofa(2),|||;27749.8,33689,33689,33689,17.172290875869,0,0,0,51.127422931113
7czofa(2),|546emsqz(2),||;27749.8,27596.2,33689,33689,12.172290875869,23.82437163416,0,0,56.127422931113
|||;37580,37580,37580,37580,0,0,0,0,1.127422931113
|||;37580,37580,37580,37580,0,0,0,0,6.127422931113
|||;24064,24064,24064,24064,0,0,0,0,1.127422931113
|||;36147,36147,36147,36147,0,0,0,0,1.127422931113
|||;30412,30412,30412,30412,0,0,0,0,1.127422931113
|||;28979,28979,28979,28979,0,0,0,0,1.127422931113
|||;35942,35942,35942,35942,0,0,0,0,1.127422931113
|||;35942,35942,35942,35942,0,0,0,0,6.127422931113
|||;36352,36352,36352,36352,0,0,0,0,1.127422931113
|||;24473,24473,24473,24473,0,0,0,0,1.127422931113
|||;25497,25497,25497,25497,0,0,0,0,1.127422931113
|||;25497,25497,25497,25497,0,0,0,0,6.127422931113
|||;36556,36556,36556,36556,0,0,0,0,1.127422931113
|||;36556,36556,36556,36556,0,0,0,0,6.127422931113
|||;20582,20582,20582,20582,0,0,0,0,1.127422931113
