|||;19148,19148,19148,19148,0,0,0,0,1.133899622129
|||;19148,19148,19148,19148,0,0,0,0,6.133899622129
|||;19148,19148,19148,19148,0,0,0,0,11.133899622129
198wcdhi(2),878xvadl(0),|198wcdhi(2),|878xvadl(0),|878xvadl(0),;13910.2,18487.5,17622.2,17622.2,42.543317952632,4.084622889707,12.06489745834,12.06489745834,16.133899622129
198wcdhi(3),878xvadl(2),|198wcdhi(3),|878xvadl(2),|878xvadl(2),;13910.2,18487.5,17622.2,17622.2,37.543317952632,0,7.06489745834,7.06489745834,21.133899622129
198wcdhi(3),878xvadl(2),|198wcdhi(3),|878xvadl(2),|878xvadl(2),;13910.2,18487.5,17622.2,17622.2,32.543317952632,0,2.06489745834,2.06489745834,26.133899622129
198wcdhi(3),878xvadl(2),|198wcdhi(3),||;13910.2,18487.5,19148,19148,27.543317952632,0,0,0,31.133899622129
198wcdhi(3),878xvadl(2),|198wcdhi(3),||;13910.2,18487.5,19148,19148,22.543317952632,0,0,0,36.133899622129
198wcdhi(3),878xvadl(2),|198wcdhi(3),||;13910.2,18487.5,19148,19148,17.543317952632,0,0,0,41.133899622129
198wcdhi(3),878xvadl(2),|198wcdhi(3),||;13910.2,18487.5,19148,19148,12.543317952632,0,0,0,46.133899622129
198wcdhi(3),878xvadl(2),|198wcdhi(3),||;13910.2,18487.5,19148,19148,7.543317952632,0,0,0,51.133899622129
198wcdhi(3),878xvadl(3),|198wcdhi(3),||;13910.2,18487.5,19148,19148,2.543317952632,0,0,0,56.133899622129
198wcdhi(3),878xvadl(3),|198wcdhi(3),||;13910.2,18487.5,19148,19148,0,0,0,0,61.133899622129
198wcdhi(3),878xvadl(3),|198wcdhi(3),||;13910.2,18487.5,19148,19148,0,0,0,0,66.133899622129
198wcdhi(3),878xvadl(3),|198wcdhi(3),||;13910.2,18487.5,19148,19148,0,0,0,0,71.133899622129
198wcdhi(3),878xvadl(3),|198wcdhi(3),||;13910.2,18487.5,19148,19148,0,0,0,0,76.133899622129
198wcdhi(3),878xvadl(3),|198wcdhi(3),||;13910.2,18487.5,19148,19148,0,0,0,0,81.133899622129
198wcdhi(3),878xvadl(3),|198wcdhi(3),||;13910.2,18487.5,19148,19148,0,0,0,0,86.133899622129
198wcdhi(3),878xvadl(3),|198wcdhi(3),||;13910.2,18487.5,19148,19148,0,0,0,0,91.133899622129
198wcdhi(3),878xvadl(3),|198wcdhi(3),||;13910.2,18487.5,19148,19148,0,0,0,0,96.133899622129
198wcdhi(3),878xvadl(3),|198wcdhi(3),||;13910.2,18487.5,19148,19148,0,0,0,0,101.133899622129
198wcdhi(3),878xvadl(3),|198wcdhi(3),||;13910.2,18487.5,19148,19148,0,0,0,0,106.133899622129
198wcdhi(3),878xvadl(3),637amhdj(0),|198wcdhi(3),637amhdj(0),||;13152.4,17729.7,19148,19148,6.870394574758,6.870394574758,0,0,111.133899622129
198wcdhi(3),878xvadl(3),637amhdj(2),|198wcdhi(3),637amhdj(2),||;13152.4,17729.7,19148,19148,1.870394574758,1.870394574758,0,0,116.133899622129
198wcdhi(3),878xvadl(3),|198wcdhi(3),||;13910.2,18487.5,19148,19148,0,0,0,0,121.133899622129
198wcdhi(3),878xvadl(3),|198wcdhi(3),||;13910.2,18487.5,19148,19148,0,0,0,0,126.133899622129
198wcdhi(3),878xvadl(3),|198wcdhi(3),||;13910.2,18487.5,19148,19148,0,0,0,0,131.133899622129
198wcdhi(3),878xvadl(3),|198wcdhi(3),||;13910.2,18487.5,19148,19148,0,0,0,0,136.133899622129
198wcdhi(3),878xvadl(3),|198wcdhi(3),||;13910.2,18487.5,19148,19148,0,0,0,0,141.133899622129
198wcdhi(3),878xvadl(3),|198wcdhi(3),||;13910.2,18487.5,19148,19148,0,0,0,0,146.133899622129
198wcdhi(3),878xvadl(3),|198wcdhi(3),||;13910.2,18487.5,19148,19148,0,0,0,0,151.133899622129
198wcdhi(3),878xvadl(3),|198wcdhi(3),||;13910.2,18487.5,19148,19148,0,0,0,0,156.133899622129
198wcdhi(3),878xvadl(3),|198wcdhi(3),||;13910.2,18487.5,19148,19148,0,0,0,0,161.133899622129
198wcdhi(3),878xvadl(3),|198wcdhi(3),||;13910.2,18487.5,19148,19148,0,0,0,0,166.133899622129
198wcdhi(3),878xvadl(3),|198wcdhi(3),||;13910.2,18487.5,19148,19148,0,0,0,0,171.133899622129
198wcdhi(3),878xvadl(3),|198wcdhi(3),||;13910.2,18487.5,19148,19148,0,0,0,0,176.133899622129
198wcdhi(3),878xvadl(3),|198wcdhi(3),||;13910.2,18487.5,19148,19148,0,0,0,0,181.133899622129
198wcdhi(3),878xvadl(3),|198wcdhi(3),||;13910.2,18487.5,19148,19148,0,0,0,0,186.133899622129
198wcdhi(3),878xvadl(3),|198wcdhi(3),||;13910.2,18487.5,19148,19148,0,0,0,0,191.133899622129
198wcdhi(3),|198wcdhi(3),||;18487.5,18487.5,19148,19148,0,0,0,0,196.133899622129
198wcdhi(3),|198wcdhi(3),||;18487.5,18487.5,19148,19148,0,0,0,0,201.133899622129
198wcdhi(3),|198wcdhi(3),||;18487.5,18487.5,19148,19148,0,0,0,0,206.133899622129
198wcdhi(3),|198wcdhi(3),||;18487.5,18487.5,19148,19148,0,0,0,0,211.133899622129
198wcdhi(3),|198wcdhi(3),||;18487.5,18487.5,19148,19148,0,0,0,0,216.133899622129
198wcdhi(3),|198wcdhi(3),||;18487.5,18487.5,19148,19148,0,0,0,0,221.133899622129
198wcdhi(3),|198wcdhi(3),||;18487.5,18487.5,19148,19148,0,0,0,0,226.133899622129
198wcdhi(3),|198wcdhi(3),||;18487.5,18487.5,19148,19148,0,0,0,0,231.133899622129
198wcdhi(3),|198wcdhi(3),||;18487.5,18487.5,19148,19148,0,0,0,0,236.133899622129
198wcdhi(3),|198wcdhi(3),||;18487.5,18487.5,19148,19148,0,0,0,0,241.133899622129
198wcdhi(3),|198wcdhi(3),||;18487.5,18487.5,19148,19148,0,0,0,0,246.133899622129
198wcdhi(3),|198wcdhi(3),||;18487.5,18487.5,19148,19148,0,0,0,0,251.133899622129
198wcdhi(3),|198wcdhi(3),||;18487.5,18487.5,19148,19148,0,0,0,0,256.133899622129
198wcdhi(3),|198wcdhi(3),||;18487.5,18487.5,19148,19148,0,0,0,0,261.133899622129
198wcdhi(3),|198wcdhi(3),||;18487.5,18487.5,19148,19148,0,0,0,0,266.133899622129
198wcdhi(3),|198wcdhi(3),||;18487.5,18487.5,19148,19148,0,0,0,0,271.133899622129
198wcdhi(3),|198wcdhi(3),||;18487.5,18487.5,19148,19148,0,0,0,0,276.133899622129
198wcdhi(3),|198wcdhi(3),||;18487.5,18487.5,19148,19148,0,0,0,0,281.133899622129
198wcdhi(3),|198wcdhi(3),||;18487.5,18487.5,19148,19148,0,0,0,0,286.133899622129
198wcdhi(3),|198wcdhi(3),||;18487.5,18487.5,19148,19148,0,0,0,0,291.133899622129
198wcdhi(3),|198wcdhi(3),||;18487.5,18487.5,19148,19148,0,0,0,0,296.133899622129
198wcdhi(3),|198wcdhi(3),||;18487.5,18487.5,19148,19148,0,0,0,0,301.133899622129
198wcdhi(3),|198wcdhi(3),||;18487.5,18487.5,19148,19148,0,0,0,0,306.133899622129
198wcdhi(3),|198wcdhi(3),||;18487.5,18487.5,19148,19148,0,0,0,0,311.133899622129
198wcdhi(3),|198wcdhi(3),||;18487.5,18487.5,19148,19148,0,0,0,0,316.133899622129
198wcdhi(3),|198wcdhi(3),||;18487.5,18487.5,19148,19148,0,0,0,0,321.133899622129
198wcdhi(3),|198wcdhi(3),||;18487.5,18487.5,19148,19148,0,0,0,0,326.133899622129
198wcdhi(3),|198wcdhi(3),||;18487.5,18487.5,19148,19148,0,0,0,0,331.133899622129
198wcdhi(3),|198wcdhi(3),||;18487.5,18487.5,19148,19148,0,0,0,0,336.133899622129
198wcdhi(3),|198wcdhi(3),||;18487.5,18487.5,19148,19148,0,0,0,0,341.133899622129
198wcdhi(3),|198wcdhi(3),||;18487.5,18487.5,19148,19148,0,0,0,0,346.133899622129
198wcdhi(3),|198wcdhi(3),||;18487.5,18487.5,19148,19148,0,0,0,0,351.133899622129
198wcdhi(3),|198wcdhi(3),||;18487.5,18487.5,19148,19148,0,0,0,0,356.133899622129
198wcdhi(3),|198wcdhi(3),||;18487.5,18487.5,19148,19148,0,0,0,0,361.133899622129
198wcdhi(3),|198wcdhi(3),||;18487.5,18487.5,19148,19148,0,0,0,0,366.133899622129
198wcdhi(3),|198wcdhi(3),||;18487.5,18487.5,19148,19148,0,0,0,0,371.133899622129
198wcdhi(3),|198wcdhi(3),||;18487.5,18487.5,19148,19148,0,0,0,0,376.133899622129
198wcdhi(3),|198wcdhi(3),||;18487.5,18487.5,19148,19148,0,0,0,0,381.133899622129
198wcdhi(3),|198wcdhi(3),||;18487.5,18487.5,19148,19148,0,0,0,0,386.133899622129
198wcdhi(3),|198wcdhi(3),||;18487.5,18487.5,19148,19148,0,0,0,0,391.133899622129
198wcdhi(3),|198wcdhi(3),||;18487.5,18487.5,19148,19148,0,0,0,0,396.133899622129
198wcdhi(3),|198wcdhi(3),||;18487.5,18487.5,19148,19148,0,0,0,0,401.133899622129
198wcdhi(3),|198wcdhi(3),||;18487.5,18487.5,19148,19148,0,0,0,0,406.133899622129
198wcdhi(3),|198wcdhi(3),||;18487.5,18487.5,19148,19148,0,0,0,0,411.133899622129
198wcdhi(3),|198wcdhi(3),||;18487.5,18487.5,19148,19148,0,0,0,0,416.133899622129
198wcdhi(3),|198wcdhi(3),||;18487.5,18487.5,19148,19148,0,0,0,0,421.133899622129
|||;19148,19148,19148,19148,0,0,0,0,426.133899622129
|||;19148,19148,19148,19148,0,0,0,0,431.133899622129
|||;19148,19148,19148,19148,0,0,0,0,436.133899622129
|||;19148,19148,19148,19148,0,0,0,0,441.133899622129
|||;19148,19148,19148,19148,0,0,0,0,446.133899622129
|||;19148,19148,19148,19148,0,0,0,0,451.133899622129
|||;19148,19148,19148,19148,0,0,0,0,456.133899622129
|||;19148,19148,19148,19148,0,0,0,0,461.133899622129
|||;19148,19148,19148,19148,0,0,0,0,466.133899622129
|||;19148,19148,19148,19148,0,0,0,0,471.133899622129
|||;19148,19148,19148,19148,0,0,0,0,476.133899622129
|||;19148,19148,19148,19148,0,0,0,0,481.133899622129
|||;19148,19148,19148,19148,0,0,0,0,486.133899622129
|||;19148,19148,19148,19148,0,0,0,0,491.133899622129
|||;19148,19148,19148,19148,0,0,0,0,496.133899622129
|||;19148,19148,19148,19148,0,0,0,0,501.133899622129
|||;19148,19148,19148,19148,0,0,0,0,506.133899622129
|||;19148,19148,19148,19148,0,0,0,0,511.133899622129
|||;19148,19148,19148,19148,0,0,0,0,516.133899622129
|||;19148,19148,19148,19148,0,0,0,0,521.133899622129
|||;19148,19148,19148,19148,0,0,0,0,526.133899622129
|||;19148,19148,19148,19148,0,0,0,0,531.133899622129
|||;19148,19148,19148,19148,0,0,0,0,536.133899622129
|||;19148,19148,19148,19148,0,0,0,0,541.133899622129
|||;19148,19148,19148,19148,0,0,0,0,546.133899622129
|||;19148,19148,19148,19148,0,0,0,0,551.133899622129
|||;19148,19148,19148,19148,0,0,0,0,556.133899622129
|||;19148,19148,19148,19148,0,0,0,0,561.133899622129
|||;19148,19148,19148,19148,0,0,0,0,566.133899622129
|||;19148,19148,19148,19148,0,0,0,0,571.133899622129
|||;19148,19148,19148,19148,0,0,0,0,576.133899622129
|||;19148,19148,19148,19148,0,0,0,0,581.133899622129
|||;19148,19148,19148,19148,0,0,0,0,586.133899622129
|||;19148,19148,19148,19148,0,0,0,0,591.133899622129
|||;19148,19148,19148,19148,0,0,0,0,596.133899622129
|||;19148,19148,19148,19148,0,0,0,0,601.133899622129
|||;19148,19148,19148,19148,0,0,0,0,606.133899622129
|||;19148,19148,19148,19148,0,0,0,0,611.133899622129
|||;19148,19148,19148,19148,0,0,0,0,616.133899622129
|||;19148,19148,19148,19148,0,0,0,0,621.133899622129
|||;19148,19148,19148,19148,0,0,0,0,626.133899622129
|||;19148,19148,19148,19148,0,0,0,0,631.133899622129
|||;19148,19148,19148,19148,0,0,0,0,636.133899622129
|||;19148,19148,19148,19148,0,0,0,0,641.133899622129
|||;19148,19148,19148,19148,0,0,0,0,646.133899622129
|||;19148,19148,19148,19148,0,0,0,0,651.133899622129
|||;19148,19148,19148,19148,0,0,0,0,656.133899622129
|||;19148,19148,19148,19148,0,0,0,0,661.133899622129
|||;19148,19148,19148,19148,0,0,0,0,666.133899622129
|||;19148,19148,19148,19148,0,0,0,0,671.133899622129
|||;19148,19148,19148,19148,0,0,0,0,676.133899622129
|||;19148,19148,19148,19148,0,0,0,0,681.133899622129
|||;19148,19148,19148,19148,0,0,0,0,686.133899622129
|||;19148,19148,19148,19148,0,0,0,0,691.133899622129
|||;19148,19148,19148,19148,0,0,0,0,696.133899622129
|||;19148,19148,19148,19148,0,0,0,0,701.133899622129
|||;19148,19148,19148,19148,0,0,0,0,706.133899622129
|||;19148,19148,19148,19148,0,0,0,0,711.133899622129
|||;19148,19148,19148,19148,0,0,0,0,716.133899622129
|||;19148,19148,19148,19148,0,0,0,0,721.133899622129
|||;19148,19148,19148,19148,0,0,0,0,726.133899622129
|||;19148,19148,19148,19148,0,0,0,0,731.133899622129
|||;19148,19148,19148,19148,0,0,0,0,736.133899622129
|||;19148,19148,19148,19148,0,0,0,0,741.133899622129
|||;19148,19148,19148,19148,0,0,0,0,746.133899622129
|||;19148,19148,19148,19148,0,0,0,0,751.133899622129
|||;19148,19148,19148,19148,0,0,0,0,756.133899622129
|||;19148,19148,19148,19148,0,0,0,0,761.133899622129
|||;19148,19148,19148,19148,0,0,0,0,766.133899622129
|||;19148,19148,19148,19148,0,0,0,0,771.133899622129
|||;19148,19148,19148,19148,0,0,0,0,776.133899622129
|||;19148,19148,19148,19148,0,0,0,0,781.133899622129
|||;19148,19148,19148,19148,0,0,0,0,786.133899622129
|||;19148,19148,19148,19148,0,0,0,0,791.133899622129
|||;19148,19148,19148,19148,0,0,0,0,796.133899622129
|||;19148,19148,19148,19148,0,0,0,0,801.133899622129
|||;19148,19148,19148,19148,0,0,0,0,806.133899622129
|||;19148,19148,19148,19148,0,0,0,0,811.133899622129
|||;19148,19148,19148,19148,0,0,0,0,816.133899622129
|||;19148,19148,19148,19148,0,0,0,0,821.133899622129
|||;19148,19148,19148,19148,0,0,0,0,826.133899622129
|||;19148,19148,19148,19148,0,0,0,0,831.133899622129
|||;19148,19148,19148,19148,0,0,0,0,836.133899622129
|||;19148,19148,19148,19148,0,0,0,0,841.133899622129
|||;19148,19148,19148,19148,0,0,0,0,846.133899622129
|||;19148,19148,19148,19148,0,0,0,0,851.133899622129
|||;19148,19148,19148,19148,0,0,0,0,856.133899622129
|||;19148,19148,19148,19148,0,0,0,0,861.133899622129
|||;19148,19148,19148,19148,0,0,0,0,866.133899622129
|||;19148,19148,19148,19148,0,0,0,0,871.133899622129
|||;19148,19148,19148,19148,0,0,0,0,876.133899622129
|||;19148,19148,19148,19148,0,0,0,0,881.133899622129
|||;19148,19148,19148,19148,0,0,0,0,886.133899622129
|||;19148,19148,19148,19148,0,0,0,0,891.133899622129
|||;19148,19148,19148,19148,0,0,0,0,896.133899622129
|||;19148,19148,19148,19148,0,0,0,0,901.133899622129
|||;19148,19148,19148,19148,0,0,0,0,906.133899622129
|||;19148,19148,19148,19148,0,0,0,0,911.133899622129
|||;19148,19148,19148,19148,0,0,0,0,916.133899622129
|||;19148,19148,19148,19148,0,0,0,0,921.133899622129
|||;19148,19148,19148,19148,0,0,0,0,926.133899622129
|||;19148,19148,19148,19148,0,0,0,0,931.133899622129
|||;19148,19148,19148,19148,0,0,0,0,936.133899622129
|||;19148,19148,19148,19148,0,0,0,0,941.133899622129
|||;19148,19148,19148,19148,0,0,0,0,946.133899622129
|||;19148,19148,19148,19148,0,0,0,0,951.133899622129
|||;19148,19148,19148,19148,0,0,0,0,956.133899622129
|||;19148,19148,19148,19148,0,0,0,0,961.133899622129
|||;19148,19148,19148,19148,0,0,0,0,966.133899622129
|||;19148,19148,19148,19148,0,0,0,0,971.133899622129
|||;19148,19148,19148,19148,0,0,0,0,976.133899622129
|||;19148,19148,19148,19148,0,0,0,0,981.133899622129
|||;19148,19148,19148,19148,0,0,0,0,986.133899622129
|||;19148,19148,19148,19148,0,0,0,0,991.133899622129
|||;19148,19148,19148,19148,0,0,0,0,996.133899622129
|||;19148,19148,19148,19148,0,0,0,0,1001.133899622129
|||;19148,19148,19148,19148,0,0,0,0,1006.133899622129
|||;19148,19148,19148,19148,0,0,0,0,1011.133899622129
|||;19148,19148,19148,19148,0,0,0,0,1016.133899622129
|||;19148,19148,19148,19148,0,0,0,0,1021.133899622129
|||;19148,19148,19148,19148,0,0,0,0,1026.133899622129
|||;19148,19148,19148,19148,0,0,0,0,1031.133899622129
|||;19148,19148,19148,19148,0,0,0,0,1036.133899622129
|||;19148,19148,19148,19148,0,0,0,0,1041.133899622129
|||;19148,19148,19148,19148,0,0,0,0,1046.133899622129
|||;19148,19148,19148,19148,0,0,0,0,1051.133899622129
|||;19148,19148,19148,19148,0,0,0,0,1056.133899622129
|||;19148,19148,19148,19148,0,0,0,0,1061.133899622129
|||;19148,19148,19148,19148,0,0,0,0,1066.133899622129
|||;19148,19148,19148,19148,0,0,0,0,1071.133899622129
|||;19148,19148,19148,19148,0,0,0,0,1076.133899622129
|||;19148,19148,19148,19148,0,0,0,0,1081.133899622129
|||;19148,19148,19148,19148,0,0,0,0,1086.133899622129
|||;19148,19148,19148,19148,0,0,0,0,1091.133899622129
|||;19148,19148,19148,19148,0,0,0,0,1096.133899622129
|||;19148,19148,19148,19148,0,0,0,0,1101.133899622129
|||;19148,19148,19148,19148,0,0,0,0,1106.133899622129
|||;19148,19148,19148,19148,0,0,0,0,1111.133899622129
|||;19148,19148,19148,19148,0,0,0,0,1116.133899622129
|||;19148,19148,19148,19148,0,0,0,0,1121.133899622129
|||;19148,19148,19148,19148,0,0,0,0,1126.133899622129
|||;19148,19148,19148,19148,0,0,0,0,1131.133899622129
|||;19148,19148,19148,19148,0,0,0,0,1136.133899622129
|||;19148,19148,19148,19148,0,0,0,0,1141.133899622129
|||;19148,19148,19148,19148,0,0,0,0,1146.133899622129
|||;19148,19148,19148,19148,0,0,0,0,1151.133899622129
|||;19148,19148,19148,19148,0,0,0,0,1156.133899622129
|||;19148,19148,19148,19148,0,0,0,0,1161.133899622129
|||;19148,19148,19148,19148,0,0,0,0,1166.133899622129
|||;19148,19148,19148,19148,0,0,0,0,1171.133899622129
|||;19148,19148,19148,19148,0,0,0,0,1176.133899622129
|||;19148,19148,19148,19148,0,0,0,0,1181.133899622129
|||;19148,19148,19148,19148,0,0,0,0,1186.133899622129
|||;19148,19148,19148,19148,0,0,0,0,1191.133899622129
|||;19148,19148,19148,19148,0,0,0,0,1196.133899622129
|||;19148,19148,19148,19148,0,0,0,0,1201.133899622129
|||;19148,19148,19148,19148,0,0,0,0,1206.133899622129
|||;19148,19148,19148,19148,0,0,0,0,1211.133899622129
|||;19148,19148,19148,19148,0,0,0,0,1216.133899622129
|||;19148,19148,19148,19148,0,0,0,0,1221.133899622129
|||;19148,19148,19148,19148,0,0,0,0,1226.133899622129
|||;19148,19148,19148,19148,0,0,0,0,1231.133899622129
|||;19148,19148,19148,19148,0,0,0,0,1236.133899622129
|||;19148,19148,19148,19148,0,0,0,0,1241.133899622129
|||;19148,19148,19148,19148,0,0,0,0,1246.133899622129
|||;19148,19148,19148,19148,0,0,0,0,1251.133899622129
|||;19148,19148,19148,19148,0,0,0,0,1256.133899622129
|||;19148,19148,19148,19148,0,0,0,0,1261.133899622129
|||;19148,19148,19148,19148,0,0,0,0,1266.133899622129
|||;19148,19148,19148,19148,0,0,0,0,1271.133899622129
|||;19148,19148,19148,19148,0,0,0,0,1276.133899622129
|||;19148,19148,19148,19148,0,0,0,0,1281.133899622129
|||;19148,19148,19148,19148,0,0,0,0,1286.133899622129
|||;19148,19148,19148,19148,0,0,0,0,1291.133899622129
|||;19148,19148,19148,19148,0,0,0,0,1296.133899622129
|||;19148,19148,19148,19148,0,0,0,0,1301.133899622129
|||;19148,19148,19148,19148,0,0,0,0,1306.133899622129
|||;19148,19148,19148,19148,0,0,0,0,1311.133899622129
|||;19148,19148,19148,19148,0,0,0,0,1316.133899622129
|||;19148,19148,19148,19148,0,0,0,0,1321.133899622129
|||;19148,19148,19148,19148,0,0,0,0,1326.133899622129
|||;19148,19148,19148,19148,0,0,0,0,1331.133899622129
|||;19148,19148,19148,19148,0,0,0,0,1336.133899622129
|||;19148,19148,19148,19148,0,0,0,0,1341.133899622129
|||;19148,19148,19148,19148,0,0,0,0,1346.133899622129
|||;19148,19148,19148,19148,0,0,0,0,1351.133899622129
|||;19148,19148,19148,19148,0,0,0,0,1356.133899622129
|||;19148,19148,19148,19148,0,0,0,0,1361.133899622129
|||;19148,19148,19148,19148,0,0,0,0,1366.133899622129
|||;19148,19148,19148,19148,0,0,0,0,1371.133899622129
|||;19148,19148,19148,19148,0,0,0,0,1376.133899622129
|||;19148,19148,19148,19148,0,0,0,0,1381.133899622129
|||;19148,19148,19148,19148,0,0,0,0,1386.133899622129
|||;19148,19148,19148,19148,0,0,0,0,1391.133899622129
|||;19148,19148,19148,19148,0,0,0,0,1396.133899622129
|||;19148,19148,19148,19148,0,0,0,0,1401.133899622129
|||;19148,19148,19148,19148,0,0,0,0,1406.133899622129
|||;19148,19148,19148,19148,0,0,0,0,1411.133899622129
|||;19148,19148,19148,19148,0,0,0,0,1416.133899622129
|||;19148,19148,19148,19148,0,0,0,0,1421.133899622129
|||;19148,19148,19148,19148,0,0,0,0,1426.133899622129
|||;19148,19148,19148,19148,0,0,0,0,1431.133899622129
|||;19148,19148,19148,19148,0,0,0,0,1436.133899622129
|||;19148,19148,19148,19148,0,0,0,0,1441.133899622129
|||;19148,19148,19148,19148,0,0,0,0,1446.133899622129
|||;19148,19148,19148,19148,0,0,0,0,1451.133899622129
|||;19148,19148,19148,19148,0,0,0,0,1456.133899622129
|||;19148,19148,19148,19148,0,0,0,0,1461.133899622129
|||;19148,19148,19148,19148,0,0,0,0,1466.133899622129
|||;19148,19148,19148,19148,0,0,0,0,1471.133899622129
|||;19148,19148,19148,19148,0,0,0,0,1476.133899622129
|||;19148,19148,19148,19148,0,0,0,0,1481.133899622129
|||;19148,19148,19148,19148,0,0,0,0,1486.133899622129
|||;19148,19148,19148,19148,0,0,0,0,1491.133899622129
|||;19148,19148,19148,19148,0,0,0,0,1496.133899622129
|||;19148,19148,19148,19148,0,0,0,0,1501.133899622129
|||;19148,19148,19148,19148,0,0,0,0,1506.133899622129
|||;19148,19148,19148,19148,0,0,0,0,1511.133899622129
|||;19148,19148,19148,19148,0,0,0,0,1516.133899622129
|||;19148,19148,19148,19148,0,0,0,0,1521.133899622129
|||;19148,19148,19148,19148,0,0,0,0,1526.133899622129
|||;19148,19148,19148,19148,0,0,0,0,1531.133899622129
|||;19148,19148,19148,19148,0,0,0,0,1536.133899622129
|||;19148,19148,19148,19148,0,0,0,0,1541.133899622129
|||;19148,19148,19148,19148,0,0,0,0,1546.133899622129
|||;19148,19148,19148,19148,0,0,0,0,1551.133899622129
|||;19148,19148,19148,19148,0,0,0,0,1556.133899622129
|||;19148,19148,19148,19148,0,0,0,0,1561.133899622129
|||;19148,19148,19148,19148,0,0,0,0,1566.133899622129
|||;19148,19148,19148,19148,0,0,0,0,1571.133899622129
|||;19148,19148,19148,19148,0,0,0,0,1576.133899622129
|||;19148,19148,19148,19148,0,0,0,0,1581.133899622129
|||;19148,19148,19148,19148,0,0,0,0,1586.133899622129
|||;19148,19148,19148,19148,0,0,0,0,1591.133899622129
|||;19148,19148,19148,19148,0,0,0,0,1596.133899622129
|||;19148,19148,19148,19148,0,0,0,0,1601.133899622129
|||;19148,19148,19148,19148,0,0,0,0,1606.133899622129
|||;19148,19148,19148,19148,0,0,0,0,1611.133899622129
|||;19148,19148,19148,19148,0,0,0,0,1616.133899622129
|||;19148,19148,19148,19148,0,0,0,0,1621.133899622129
|||;19148,19148,19148,19148,0,0,0,0,1626.133899622129
|||;19148,19148,19148,19148,0,0,0,0,1631.133899622129
|||;19148,19148,19148,19148,0,0,0,0,1636.133899622129
|||;19148,19148,19148,19148,0,0,0,0,1641.133899622129
|||;19148,19148,19148,19148,0,0,0,0,1646.133899622129
|||;19148,19148,19148,19148,0,0,0,0,1651.133899622129
|||;19148,19148,19148,19148,0,0,0,0,1656.133899622129
|||;19148,19148,19148,19148,0,0,0,0,1661.133899622129
|||;19148,19148,19148,19148,0,0,0,0,1666.133899622129
|||;19148,19148,19148,19148,0,0,0,0,1671.133899622129
|||;19148,19148,19148,19148,0,0,0,0,1676.133899622129
|||;19148,19148,19148,19148,0,0,0,0,1681.133899622129
|||;19148,19148,19148,19148,0,0,0,0,1686.133899622129
|||;19148,19148,19148,19148,0,0,0,0,1691.133899622129
|||;19148,19148,19148,19148,0,0,0,0,1696.133899622129
|||;19148,19148,19148,19148,0,0,0,0,1701.133899622129
|||;19148,19148,19148,19148,0,0,0,0,1706.133899622129
|||;19148,19148,19148,19148,0,0,0,0,1711.133899622129
|||;19148,19148,19148,19148,0,0,0,0,1716.133899622129
|||;19148,19148,19148,19148,0,0,0,0,1721.133899622129
|||;19148,19148,19148,19148,0,0,0,0,1726.133899622129
|||;19148,19148,19148,19148,0,0,0,0,1731.133899622129
|||;19148,19148,19148,19148,0,0,0,0,1736.133899622129
|||;19148,19148,19148,19148,0,0,0,0,1741.133899622129
|||;19148,19148,19148,19148,0,0,0,0,1746.133899622129
|||;19148,19148,19148,19148,0,0,0,0,1751.133899622129
|||;19148,19148,19148,19148,0,0,0,0,1756.133899622129
|||;19148,19148,19148,19148,0,0,0,0,1761.133899622129
|||;19148,19148,19148,19148,0,0,0,0,1766.133899622129
|||;19148,19148,19148,19148,0,0,0,0,1771.133899622129
|||;19148,19148,19148,19148,0,0,0,0,1776.133899622129
|||;19148,19148,19148,19148,0,0,0,0,1781.133899622129
|||;19148,19148,19148,19148,0,0,0,0,1786.133899622129
|||;19148,19148,19148,19148,0,0,0,0,1791.133899622129
|||;19148,19148,19148,19148,0,0,0,0,1796.133899622129
|||;19148,19148,19148,19148,0,0,0,0,1801.133899622129
|||;19148,19148,19148,19148,0,0,0,0,1806.133899622129
|||;19148,19148,19148,19148,0,0,0,0,1811.133899622129
|||;19148,19148,19148,19148,0,0,0,0,1816.133899622129
|||;19148,19148,19148,19148,0,0,0,0,1821.133899622129
|||;19148,19148,19148,19148,0,0,0,0,1826.133899622129
|||;19148,19148,19148,19148,0,0,0,0,1831.133899622129
|||;19148,19148,19148,19148,0,0,0,0,1836.133899622129
|||;19148,19148,19148,19148,0,0,0,0,1841.133899622129
|||;19148,19148,19148,19148,0,0,0,0,1846.133899622129
|||;19148,19148,19148,19148,0,0,0,0,1851.133899622129
|||;19148,19148,19148,19148,0,0,0,0,1856.133899622129
|||;19148,19148,19148,19148,0,0,0,0,1861.133899622129
|||;19148,19148,19148,19148,0,0,0,0,1866.133899622129
|||;19148,19148,19148,19148,0,0,0,0,1871.133899622129
|||;19148,19148,19148,19148,0,0,0,0,1876.133899622129
|||;19148,19148,19148,19148,0,0,0,0,1881.133899622129
|||;19148,19148,19148,19148,0,0,0,0,1886.133899622129
|||;19148,19148,19148,19148,0,0,0,0,1891.133899622129
|||;19148,19148,19148,19148,0,0,0,0,1896.133899622129
|||;19148,19148,19148,19148,0,0,0,0,1901.133899622129
|||;19148,19148,19148,19148,0,0,0,0,1906.133899622129
|||;19148,19148,19148,19148,0,0,0,0,1911.133899622129
|||;19148,19148,19148,19148,0,0,0,0,1916.133899622129
|||;19148,19148,19148,19148,0,0,0,0,1921.133899622129
|||;19148,19148,19148,19148,0,0,0,0,1926.133899622129
|||;19148,19148,19148,19148,0,0,0,0,1931.133899622129
|||;19148,19148,19148,19148,0,0,0,0,1936.133899622129
|||;19148,19148,19148,19148,0,0,0,0,1941.133899622129
|||;19148,19148,19148,19148,0,0,0,0,1946.133899622129
|||;19148,19148,19148,19148,0,0,0,0,1951.133899622129
|||;19148,19148,19148,19148,0,0,0,0,1956.133899622129
|||;19148,19148,19148,19148,0,0,0,0,1961.133899622129
|||;19148,19148,19148,19148,0,0,0,0,1966.133899622129
|||;19148,19148,19148,19148,0,0,0,0,1971.133899622129
|||;19148,19148,19148,19148,0,0,0,0,1976.133899622129
|||;19148,19148,19148,19148,0,0,0,0,1981.133899622129
|||;19148,19148,19148,19148,0,0,0,0,1986.133899622129
|||;19148,19148,19148,19148,0,0,0,0,1991.133899622129
|||;19148,19148,19148,19148,0,0,0,0,1996.133899622129
|||;25292,25292,25292,25292,0,0,0,0,1.133899622129
|||;19968,19968,19968,19968,0,0,0,0,1.133899622129
|||;19968,19968,19968,19968,0,0,0,0,6.133899622129
|||;37580,37580,37580,37580,0,0,0,0,1.133899622129
|||;37580,37580,37580,37580,0,0,0,0,6.133899622129
331saufw(2),|37qutcr(2),|209xaoit(2),|;27391.2,29592.8,30309.6,37580,44.44320413666,32.558438916051,30.123193257293,0,11.133899622129
331saufw(2),|37qutcr(2),|209xaoit(2),|;27391.2,29592.8,30309.6,37580,39.44320413666,27.558438916051,25.123193257293,0,16.133899622129
331saufw(2),|37qutcr(2),|209xaoit(2),|;27391.2,29592.8,30309.6,37580,34.44320413666,22.558438916051,20.123193257293,0,21.133899622129
331saufw(2),|37qutcr(2),|209xaoit(2),|;27391.2,29592.8,30309.6,37580,29.44320413666,17.558438916051,15.123193257293,0,26.133899622129
331saufw(2),|37qutcr(2),|209xaoit(2),|;27391.2,29592.8,30309.6,37580,24.44320413666,12.558438916051,10.123193257293,0,31.133899622129
331saufw(2),|37qutcr(2),|209xaoit(2),|;27391.2,29592.8,30309.6,37580,19.44320413666,7.558438916051,5.123193257293,0,36.133899622129
331saufw(2),|37qutcr(2),|209xaoit(3),|51guezb(2),;27391.2,29592.8,30309.6,29848.8,14.44320413666,2.558438916051,0.123193257293,33.170375589075,41.133899622129
331saufw(2),|37qutcr(3),|209xaoit(3),|51guezb(2),;27391.2,29592.8,30309.6,29848.8,9.44320413666,0,0,28.170375589075,46.133899622129
331saufw(2),|37qutcr(3),|209xaoit(3),|51guezb(2),;27391.2,29592.8,30309.6,29848.8,4.44320413666,0,0,23.170375589075,51.133899622129
|37qutcr(3),||51guezb(2),;37580,29592.8,37580,29848.8,0,0,0,18.170375589075,56.133899622129
|||;28364,28364,28364,28364,0,0,0,0,1.133899622129
|||;28364,28364,28364,28364,0,0,0,0,6.133899622129
|||;28979,28979,28979,28979,0,0,0,0,1.133899622129
|||;21811,21811,21811,21811,0,0,0,0,1.133899622129
|||;17920,17920,17920,17920,0,0,0,0,1.133899622129
|||;34508,34508,34508,34508,0,0,0,0,1.133899622129
|||;18944,18944,18944,18944,0,0,0,0,1.133899622129
|||;18944,18944,18944,18944,0,0,0,0,6.133899622129
|||;23859,23859,23859,23859,0,0,0,0,1.133899622129
|||;38195,38195,38195,38195,0,0,0,0,1.133899622129
|||;35123,35123,35123,35123,0,0,0,0,1.133899622129
|||;35123,35123,35123,35123,0,0,0,0,6.133899622129
|||;35123,35123,35123,35123,0,0,0,0,1.133899622129
|||;35123,35123,35123,35123,0,0,0,0,6.133899622129
|||;19968,19968,19968,19968,0,0,0,0,1.133899622129
