|||;22630,22630,22630,22630,0,0,0,0,1.134108154932
|||;22630,22630,22630,22630,0,0,0,0,6.134108154932
936wefax(2),|936wefax(2),|936wefax(2),|936wefax(2),;17535.6,21611.1,20592.2,20592.2,20.841819460272,0.729373773525,5.757485195211,5.757485195211,11.134108154932
936wefax(2),|518skrob(0),|936wefax(2),|936wefax(2),;17535.6,21877.4,20592.2,20592.2,15.841819460272,4.093241953557,0.757485195211,0.757485195211,16.134108154932
936wefax(2),|518skrob(3),||;17535.6,21877.4,22630,22630,10.841819460272,0,0,0,21.134108154932
936wefax(2),|518skrob(3),||;17535.6,21877.4,22630,22630,5.841819460272,0,0,0,26.134108154932
936wefax(2),|518skrob(3),||;17535.6,21877.4,22630,22630,0.841819460272,0,0,0,31.134108154932
|518skrob(3),||;22630,21877.4,22630,22630,0,0,0,0,36.134108154932
|518skrob(3),||;22630,21877.4,22630,22630,0,0,0,0,41.134108154932
|518skrob(3),||;22630,21877.4,22630,22630,0,0,0,0,46.134108154932
|518skrob(3),||;22630,21877.4,22630,22630,0,0,0,0,51.134108154932
|518skrob(3),||;22630,21877.4,22630,22630,0,0,0,0,56.134108154932
|518skrob(3),||;22630,21877.4,22630,22630,0,0,0,0,61.134108154932
|518skrob(3),||;22630,21877.4,22630,22630,0,0,0,0,66.134108154932
|518skrob(3),||;22630,21877.4,22630,22630,0,0,0,0,71.134108154932
|518skrob(3),||;22630,21877.4,22630,22630,0,0,0,0,76.134108154932
|518skrob(3),||;22630,21877.4,22630,22630,0,0,0,0,81.134108154932
|518skrob(3),||;22630,21877.4,22630,22630,0,0,0,0,86.134108154932
|518skrob(3),||;22630,21877.4,22630,22630,0,0,0,0,91.134108154932
|518skrob(3),||;22630,21877.4,22630,22630,0,0,0,0,96.134108154932
305chzru(0),|518skrob(3),305chzru(0),||;21856.9,21104.3,22630,22630,4.55873943947,4.55873943947,0,0,101.134108154932
305chzru(3),|518skrob(3),305chzru(3),||;21856.9,21104.3,22630,22630,0,0,0,0,106.134108154932
305chzru(3),|518skrob(3),305chzru(3),||;21856.9,21104.3,22630,22630,0,0,0,0,111.134108154932
305chzru(3),|305chzru(3),||;21856.9,21856.9,22630,22630,0,0,0,0,116.134108154932
305chzru(3),|305chzru(3),||;21856.9,21856.9,22630,22630,0,0,0,0,121.134108154932
305chzru(3),|305chzru(3),||;21856.9,21856.9,22630,22630,0,0,0,0,126.134108154932
305chzru(3),10tcsne(0),|305chzru(3),10tcsne(0),|10tcsne(0),|10tcsne(0),;19291.8,20146.8,20064.9,20919.9,14.672417822849,10.341513597949,14.672417822849,10.341513597949,131.134108154932
305chzru(3),10tcsne(2),|305chzru(3),10tcsne(2),|10tcsne(2),|10tcsne(2),;19291.8,20146.8,20064.9,20919.9,9.672417822849,5.341513597949,9.672417822849,5.341513597949,136.134108154932
305chzru(3),10tcsne(2),|305chzru(3),10tcsne(2),|10tcsne(2),|10tcsne(2),;19291.8,20146.8,20064.9,20919.9,4.672417822849,0.341513597949,4.672417822849,0.341513597949,141.134108154932
|||;22630,22630,22630,22630,0,0,0,0,146.134108154932
955lwvqr(0),|955lwvqr(0),|955lwvqr(0),|955lwvqr(0),;20433.5,20433.5,20433.5,21897.8,12.104308400031,12.104308400031,12.104308400031,4.687310745413,151.134108154932
955lwvqr(2),|955lwvqr(2),|955lwvqr(2),|;20433.5,20433.5,20433.5,22630,7.104308400031,7.104308400031,7.104308400031,0,156.134108154932
955lwvqr(2),|955lwvqr(2),|955lwvqr(2),|;20433.5,20433.5,20433.5,22630,2.104308400031,2.104308400031,2.104308400031,0,161.134108154932
955lwvqr(3),528nysvt(2),|955lwvqr(3),528nysvt(2),|955lwvqr(3),528nysvt(2),|528nysvt(2),;19307.1,19307.1,19307.1,20377.2,6.8997659295,6.8997659295,6.8997659295,7.645048852449,166.134108154932
955lwvqr(3),|955lwvqr(3),|955lwvqr(3),|528nysvt(2),;20433.5,20433.5,20433.5,20377.2,1.8997659295,1.8997659295,1.8997659295,2.645048852449,171.134108154932
955lwvqr(3),|955lwvqr(3),|955lwvqr(3),|;20433.5,20433.5,20433.5,22630,0,0,0,0,176.134108154932
955lwvqr(3),|955lwvqr(3),|955lwvqr(3),|;20433.5,20433.5,20433.5,22630,0,0,0,0,181.134108154932
955lwvqr(3),|955lwvqr(3),|955lwvqr(3),|;20433.5,20433.5,20433.5,22630,0,0,0,0,186.134108154932
955lwvqr(3),|955lwvqr(3),|955lwvqr(3),|;20433.5,20433.5,20433.5,22630,0,0,0,0,191.134108154932
|||;22630,22630,22630,22630,0,0,0,0,196.134108154932
690badvu(2),|||;18124.4,22630,22630,22630,19.086094580264,0,0,0,201.134108154932
690badvu(2),472xgdql(1),|||;11284.1,22630,22630,22630,53.177021834114,0,0,0,206.134108154932
690badvu(2),472xgdql(1),328oquyp(0),|||;7065.22,22630,22630,22630,72.702603147321,0,0,0,211.134108154932
690badvu(2),472xgdql(1),328oquyp(1),18gsxaf(1),|||;3686.02,22630,22630,22630,89.209064146365,0,0,0,216.134108154932
690badvu(3),472xgdql(2),328oquyp(1),18gsxaf(1),|||;3686.02,22630,22630,22630,84.209064146365,0,0,0,221.134108154932
690badvu(3),472xgdql(2),328oquyp(1),18gsxaf(1),|173lxics(0),|173lxics(0),|173lxics(0),;3686.02,21805.7,20981.4,20981.4,79.209064146365,4.651251005675,8.826553881177,8.826553881177,226.134108154932
690badvu(3),472xgdql(2),328oquyp(1),18gsxaf(1),||173lxics(2),|173lxics(2),;3686.02,22630,20981.4,20981.4,74.209064146365,0,3.826553881177,3.826553881177,231.134108154932
690badvu(3),472xgdql(2),328oquyp(1),18gsxaf(1),123hqnpv(0),|123hqnpv(0),||;921.22,21708.4,22630,22630,86.973730776997,6.331016511844,0,0,236.134108154932
690badvu(3),472xgdql(2),328oquyp(1),18gsxaf(1),123hqnpv(1),|123hqnpv(2),||;921.22,21708.4,22630,22630,81.973730776997,1.331016511844,0,0,241.134108154932
690badvu(3),472xgdql(2),328oquyp(1),18gsxaf(1),123hqnpv(1),|199umrtg(0),|199umrtg(0),|199umrtg(0),;921.22,20459.1,21001.8,21001.8,76.973730776997,13.563044791359,10.814087618668,10.814087618668,246.134108154932
690badvu(3),472xgdql(2),328oquyp(1),18gsxaf(1),123hqnpv(1),|199umrtg(2),|199umrtg(2),|199umrtg(2),;921.22,20459.1,21001.8,21001.8,71.973730776997,8.563044791359,5.814087618668,5.814087618668,251.134108154932
690badvu(3),328oquyp(2),18gsxaf(1),123hqnpv(1),|199umrtg(2),|199umrtg(2),|199umrtg(2),;7761.54,20459.1,21001.8,21001.8,66.973730776997,3.563044791359,0.814087618668,0.814087618668,256.134108154932
690badvu(3),328oquyp(2),18gsxaf(1),123hqnpv(1),837phkiy(0),|||;2139.78,22630,22630,22630,95.314000987831,0,0,0,261.134108154932
690badvu(3),328oquyp(2),18gsxaf(1),123hqnpv(1),837phkiy(1),|||;2139.78,22630,22630,22630,90.314000987831,0,0,0,266.134108154932
690badvu(3),328oquyp(2),18gsxaf(1),123hqnpv(1),837phkiy(1),|||;2139.78,22630,22630,22630,85.314000987831,0,0,0,271.134108154932
690badvu(3),18gsxaf(1),123hqnpv(1),837phkiy(1),689xfzke(0),|689xfzke(0),||;4873.86,18175.6,22630,22630,93.121874932416,23.16397023142,0,0,276.134108154932
690badvu(3),18gsxaf(2),123hqnpv(1),837phkiy(1),689xfzke(1),|689xfzke(2),||;4873.86,18175.6,22630,22630,88.121874932416,18.16397023142,0,0,281.134108154932
690badvu(3),18gsxaf(2),123hqnpv(1),837phkiy(1),689xfzke(1),|689xfzke(2),|965eugab(2),|965eugab(2),;4873.86,18175.6,21544.6,21544.6,83.121874932416,13.16397023142,4.931365122046,4.931365122046,286.134108154932
690badvu(3),18gsxaf(2),123hqnpv(1),837phkiy(1),689xfzke(1),|689xfzke(2),||;4873.86,18175.6,22630,22630,78.121874932416,8.16397023142,0,0,291.134108154932
123hqnpv(2),837phkiy(1),689xfzke(1),|689xfzke(2),||;12758.7,18175.6,22630,22630,73.121874932416,3.16397023142,0,0,296.134108154932
123hqnpv(2),837phkiy(1),689xfzke(1),|689xfzke(3),||;12758.7,18175.6,22630,22630,68.121874932416,0,0,0,301.134108154932
123hqnpv(2),837phkiy(1),689xfzke(1),|||;12758.7,22630,22630,22630,63.121874932416,0,0,0,306.134108154932
837phkiy(2),689xfzke(1),|||;15523.5,22630,22630,22630,58.121874932416,0,0,0,311.134108154932
837phkiy(2),689xfzke(1),|||;15523.5,22630,22630,22630,53.121874932416,0,0,0,316.134108154932
837phkiy(2),689xfzke(1),|||;15523.5,22630,22630,22630,48.121874932416,0,0,0,321.134108154932
837phkiy(2),689xfzke(1),|||;15523.5,22630,22630,22630,43.121874932416,0,0,0,326.134108154932
837phkiy(2),689xfzke(1),|||;15523.5,22630,22630,22630,38.121874932416,0,0,0,331.134108154932
689xfzke(1),|||;21145.3,22630,22630,22630,33.121874932416,0,0,0,336.134108154932
689xfzke(2),|||;21145.3,22630,22630,22630,28.121874932416,0,0,0,341.134108154932
|||;22630.1,22630,22630,22630,23.121874932416,0,0,0,346.134108154932
|||;22630.1,22630,22630,22630,18.121874932416,0,0,0,351.134108154932
|||;22630.1,22630,22630,22630,13.121874932416,0,0,0,356.134108154932
|||;22630.1,22630,22630,22630,8.121874932416,0,0,0,361.134108154932
|||;22630.1,22630,22630,22630,3.121874932416,0,0,0,366.134108154932
|||;22630.1,22630,22630,22630,0,0,0,0,371.134108154932
|||;22630.1,22630,22630,22630,0,0,0,0,376.134108154932
|||;22630.1,22630,22630,22630,0,0,0,0,381.134108154932
|||;22630.1,22630,22630,22630,0,0,0,0,386.134108154932
|||;22630.1,22630,22630,22630,0,0,0,0,391.134108154932
|||;22630.1,22630,22630,22630,0,0,0,0,396.134108154932
|||;22630.1,22630,22630,22630,0,0,0,0,401.134108154932
|||;22630.1,22630,22630,22630,0,0,0,0,406.134108154932
|||;22630.1,22630,22630,22630,0,0,0,0,411.134108154932
|||;22630.1,22630,22630,22630,0,0,0,0,416.134108154932
|||;22630.1,22630,22630,22630,0,0,0,0,421.134108154932
|||;22630.1,22630,22630,22630,0,0,0,0,426.134108154932
|||;22630.1,22630,22630,22630,0,0,0,0,431.134108154932
|||;22630.1,22630,22630,22630,0,0,0,0,436.134108154932
|||;22630.1,22630,22630,22630,0,0,0,0,441.134108154932
|||;22630.1,22630,22630,22630,0,0,0,0,446.134108154932
|||;22630.1,22630,22630,22630,0,0,0,0,451.134108154932
|||;22630.1,22630,22630,22630,0,0,0,0,456.134108154932
|||;22630.1,22630,22630,22630,0,0,0,0,461.134108154932
|||;22630.1,22630,22630,22630,0,0,0,0,466.134108154932
|||;22630.1,22630,22630,22630,0,0,0,0,471.134108154932
|||;22630.1,22630,22630,22630,0,0,0,0,476.134108154932
|||;22630.1,22630,22630,22630,0,0,0,0,481.134108154932
|||;22630.1,22630,22630,22630,0,0,0,0,486.134108154932
|||;22630.1,22630,22630,22630,0,0,0,0,491.134108154932
|||;22630.1,22630,22630,22630,0,0,0,0,496.134108154932
|||;22630.1,22630,22630,22630,0,0,0,0,501.134108154932
|||;22630.1,22630,22630,22630,0,0,0,0,506.134108154932
|||;22630.1,22630,22630,22630,0,0,0,0,511.134108154932
|||;22630.1,22630,22630,22630,0,0,0,0,516.134108154932
|||;22630.1,22630,22630,22630,0,0,0,0,521.134108154932
|||;22630.1,22630,22630,22630,0,0,0,0,526.134108154932
|||;22630.1,22630,22630,22630,0,0,0,0,531.134108154932
|||;22630.1,22630,22630,22630,0,0,0,0,536.134108154932
|||;22630.1,22630,22630,22630,0,0,0,0,541.134108154932
|||;22630.1,22630,22630,22630,0,0,0,0,546.134108154932
|||;22630.1,22630,22630,22630,0,0,0,0,551.134108154932
|||;22630.1,22630,22630,22630,0,0,0,0,556.134108154932
|||;22630.1,22630,22630,22630,0,0,0,0,561.134108154932
|||;22630.1,22630,22630,22630,0,0,0,0,566.134108154932
|||;22630.1,22630,22630,22630,0,0,0,0,571.134108154932
|||;22630.1,22630,22630,22630,0,0,0,0,576.134108154932
|||;22630.1,22630,22630,22630,0,0,0,0,581.134108154932
|||;22630.1,22630,22630,22630,0,0,0,0,586.134108154932
|||;22630.1,22630,22630,22630,0,0,0,0,591.134108154932
|||;22630.1,22630,22630,22630,0,0,0,0,596.134108154932
|||;22630.1,22630,22630,22630,0,0,0,0,601.134108154932
|||;22630.1,22630,22630,22630,0,0,0,0,606.134108154932
|||;22630.1,22630,22630,22630,0,0,0,0,611.134108154932
|||;22630.1,22630,22630,22630,0,0,0,0,616.134108154932
|||;22630.1,22630,22630,22630,0,0,0,0,621.134108154932
|||;22630.1,22630,22630,22630,0,0,0,0,626.134108154932
|||;22630.1,22630,22630,22630,0,0,0,0,631.134108154932
|||;22630.1,22630,22630,22630,0,0,0,0,636.134108154932
|||;22630.1,22630,22630,22630,0,0,0,0,641.134108154932
|||;22630.1,22630,22630,22630,0,0,0,0,646.134108154932
|||;22630.1,22630,22630,22630,0,0,0,0,651.134108154932
|||;22630.1,22630,22630,22630,0,0,0,0,656.134108154932
|||;22630.1,22630,22630,22630,0,0,0,0,661.134108154932
|||;22630.1,22630,22630,22630,0,0,0,0,666.134108154932
|||;22630.1,22630,22630,22630,0,0,0,0,671.134108154932
|||;22630.1,22630,22630,22630,0,0,0,0,676.134108154932
|||;22630.1,22630,22630,22630,0,0,0,0,681.134108154932
|||;22630.1,22630,22630,22630,0,0,0,0,686.134108154932
|||;22630.1,22630,22630,22630,0,0,0,0,691.134108154932
|||;22630.1,22630,22630,22630,0,0,0,0,696.134108154932
|||;22630.1,22630,22630,22630,0,0,0,0,701.134108154932
|||;22630.1,22630,22630,22630,0,0,0,0,706.134108154932
|||;22630.1,22630,22630,22630,0,0,0,0,711.134108154932
|||;22630.1,22630,22630,22630,0,0,0,0,716.134108154932
|||;22630.1,22630,22630,22630,0,0,0,0,721.134108154932
|260oxrtu(2),|260oxrtu(2),|260oxrtu(2),;22630.1,20520.6,21047.9,21047.9,0,8.716188424614,6.113698593288,6.113698593288,726.134108154932
|260oxrtu(2),|260oxrtu(2),|260oxrtu(2),;22630.1,20520.6,21047.9,21047.9,0,3.716188424614,1.113698593288,1.113698593288,731.134108154932
|||;22630.1,22630,22630,22630,0,0,0,0,736.134108154932
|||;22630.1,22630,22630,22630,0,0,0,0,741.134108154932
|||;22630.1,22630,22630,22630,0,0,0,0,746.134108154932
|||;22630.1,22630,22630,22630,0,0,0,0,751.134108154932
|||;22630.1,22630,22630,22630,0,0,0,0,756.134108154932
|||;22630.1,22630,22630,22630,0,0,0,0,761.134108154932
|||;22630.1,22630,22630,22630,0,0,0,0,766.134108154932
|||;22630.1,22630,22630,22630,0,0,0,0,771.134108154932
|||;22630.1,22630,22630,22630,0,0,0,0,776.134108154932
|||;22630.1,22630,22630,22630,0,0,0,0,781.134108154932
|||;22630.1,22630,22630,22630,0,0,0,0,786.134108154932
|||;22630.1,22630,22630,22630,0,0,0,0,791.134108154932
|||;22630.1,22630,22630,22630,0,0,0,0,796.134108154932
|||;22630.1,22630,22630,22630,0,0,0,0,801.134108154932
|||;22630.1,22630,22630,22630,0,0,0,0,806.134108154932
|||;22630.1,22630,22630,22630,0,0,0,0,811.134108154932
|||;22630.1,22630,22630,22630,0,0,0,0,816.134108154932
|||;22630.1,22630,22630,22630,0,0,0,0,821.134108154932
|||;22630.1,22630,22630,22630,0,0,0,0,826.134108154932
|||;22630.1,22630,22630,22630,0,0,0,0,831.134108154932
|||;22630.1,22630,22630,22630,0,0,0,0,836.134108154932
|||;22630.1,22630,22630,22630,0,0,0,0,841.134108154932
|||;22630.1,22630,22630,22630,0,0,0,0,846.134108154932
|||;22630.1,22630,22630,22630,0,0,0,0,851.134108154932
|||;22630.1,22630,22630,22630,0,0,0,0,856.134108154932
|||;22630.1,22630,22630,22630,0,0,0,0,861.134108154932
|||;22630.1,22630,22630,22630,0,0,0,0,866.134108154932
|||;22630.1,22630,22630,22630,0,0,0,0,871.134108154932
|||;22630.1,22630,22630,22630,0,0,0,0,876.134108154932
|||;22630.1,22630,22630,22630,0,0,0,0,881.134108154932
|||;22630.1,22630,22630,22630,0,0,0,0,886.134108154932
|||;22630.1,22630,22630,22630,0,0,0,0,891.134108154932
|||;22630.1,22630,22630,22630,0,0,0,0,896.134108154932
|||;22630.1,22630,22630,22630,0,0,0,0,901.134108154932
|||;22630.1,22630,22630,22630,0,0,0,0,906.134108154932
|||;22630.1,22630,22630,22630,0,0,0,0,911.134108154932
|||;22630.1,22630,22630,22630,0,0,0,0,916.134108154932
|||;22630.1,22630,22630,22630,0,0,0,0,921.134108154932
|||;22630.1,22630,22630,22630,0,0,0,0,926.134108154932
|||;22630.1,22630,22630,22630,0,0,0,0,931.134108154932
|||;22630.1,22630,22630,22630,0,0,0,0,936.134108154932
|||;22630.1,22630,22630,22630,0,0,0,0,941.134108154932
|||;22630.1,22630,22630,22630,0,0,0,0,946.134108154932
|||;22630.1,22630,22630,22630,0,0,0,0,951.134108154932
|||;22630.1,22630,22630,22630,0,0,0,0,956.134108154932
|||;22630.1,22630,22630,22630,0,0,0,0,961.134108154932
|||;22630.1,22630,22630,22630,0,0,0,0,966.134108154932
|||;22630.1,22630,22630,22630,0,0,0,0,971.134108154932
|||;22630.1,22630,22630,22630,0,0,0,0,976.134108154932
|||;22630.1,22630,22630,22630,0,0,0,0,981.134108154932
|||;22630.1,22630,22630,22630,0,0,0,0,986.134108154932
|||;22630.1,22630,22630,22630,0,0,0,0,991.134108154932
|||;22630.1,22630,22630,22630,0,0,0,0,996.134108154932
|||;22630.1,22630,22630,22630,0,0,0,0,1001.134108154932
|||;22630.1,22630,22630,22630,0,0,0,0,1006.134108154932
|||;22630.1,22630,22630,22630,0,0,0,0,1011.134108154932
|||;22630.1,22630,22630,22630,0,0,0,0,1016.134108154932
|||;22630.1,22630,22630,22630,0,0,0,0,1021.134108154932
|||;22630.1,22630,22630,22630,0,0,0,0,1026.134108154932
|||;22630.1,22630,22630,22630,0,0,0,0,1031.134108154932
|||;22630.1,22630,22630,22630,0,0,0,0,1036.134108154932
|||;22630.1,22630,22630,22630,0,0,0,0,1041.134108154932
|||;22630.1,22630,22630,22630,0,0,0,0,1046.134108154932
|||;22630.1,22630,22630,22630,0,0,0,0,1051.134108154932
|||;22630.1,22630,22630,22630,0,0,0,0,1056.134108154932
|||;22630.1,22630,22630,22630,0,0,0,0,1061.134108154932
|||;22630.1,22630,22630,22630,0,0,0,0,1066.134108154932
|||;22630.1,22630,22630,22630,0,0,0,0,1071.134108154932
|||;22630.1,22630,22630,22630,0,0,0,0,1076.134108154932
|||;22630.1,22630,22630,22630,0,0,0,0,1081.134108154932
|||;22630.1,22630,22630,22630,0,0,0,0,1086.134108154932
|||;22630.1,22630,22630,22630,0,0,0,0,1091.134108154932
|||;22630.1,22630,22630,22630,0,0,0,0,1096.134108154932
|||;22630.1,22630,22630,22630,0,0,0,0,1101.134108154932
|||;22630.1,22630,22630,22630,0,0,0,0,1106.134108154932
|||;22630.1,22630,22630,22630,0,0,0,0,1111.134108154932
|||;22630.1,22630,22630,22630,0,0,0,0,1116.134108154932
|||;22630.1,22630,22630,22630,0,0,0,0,1121.134108154932
|||;22630.1,22630,22630,22630,0,0,0,0,1126.134108154932
|||;22630.1,22630,22630,22630,0,0,0,0,1131.134108154932
|||;22630.1,22630,22630,22630,0,0,0,0,1136.134108154932
|||;22630.1,22630,22630,22630,0,0,0,0,1141.134108154932
|||;22630.1,22630,22630,22630,0,0,0,0,1146.134108154932
|||;22630.1,22630,22630,22630,0,0,0,0,1151.134108154932
|||;22630.1,22630,22630,22630,0,0,0,0,1156.134108154932
|||;22630.1,22630,22630,22630,0,0,0,0,1161.134108154932
|||;22630.1,22630,22630,22630,0,0,0,0,1166.134108154932
|||;22630.1,22630,22630,22630,0,0,0,0,1171.134108154932
|||;22630.1,22630,22630,22630,0,0,0,0,1176.134108154932
|||;22630.1,22630,22630,22630,0,0,0,0,1181.134108154932
|||;22630.1,22630,22630,22630,0,0,0,0,1186.134108154932
|||;22630.1,22630,22630,22630,0,0,0,0,1191.134108154932
|||;22630.1,22630,22630,22630,0,0,0,0,1196.134108154932
|||;22630.1,22630,22630,22630,0,0,0,0,1201.134108154932
|||;22630.1,22630,22630,22630,0,0,0,0,1206.134108154932
|||;22630.1,22630,22630,22630,0,0,0,0,1211.134108154932
|||;22630.1,22630,22630,22630,0,0,0,0,1216.134108154932
|||;22630.1,22630,22630,22630,0,0,0,0,1221.134108154932
|||;22630.1,22630,22630,22630,0,0,0,0,1226.134108154932
|||;22630.1,22630,22630,22630,0,0,0,0,1231.134108154932
|||;22630.1,22630,22630,22630,0,0,0,0,1236.134108154932
|||;22630.1,22630,22630,22630,0,0,0,0,1241.134108154932
|||;22630.1,22630,22630,22630,0,0,0,0,1246.134108154932
|||;22630.1,22630,22630,22630,0,0,0,0,1251.134108154932
|||;22630.1,22630,22630,22630,0,0,0,0,1256.134108154932
|||;22630.1,22630,22630,22630,0,0,0,0,1261.134108154932
|||;22630.1,22630,22630,22630,0,0,0,0,1266.134108154932
|||;22630.1,22630,22630,22630,0,0,0,0,1271.134108154932
|||;22630.1,22630,22630,22630,0,0,0,0,1276.134108154932
|||;22630.1,22630,22630,22630,0,0,0,0,1281.134108154932
|||;22630.1,22630,22630,22630,0,0,0,0,1286.134108154932
|||;22630.1,22630,22630,22630,0,0,0,0,1291.134108154932
|||;22630.1,22630,22630,22630,0,0,0,0,1296.134108154932
|||;22630.1,22630,22630,22630,0,0,0,0,1301.134108154932
|||;22630.1,22630,22630,22630,0,0,0,0,1306.134108154932
|||;22630.1,22630,22630,22630,0,0,0,0,1311.134108154932
|||;22630.1,22630,22630,22630,0,0,0,0,1316.134108154932
|||;22630.1,22630,22630,22630,0,0,0,0,1321.134108154932
|||;22630.1,22630,22630,22630,0,0,0,0,1326.134108154932
|||;22630.1,22630,22630,22630,0,0,0,0,1331.134108154932
|||;22630.1,22630,22630,22630,0,0,0,0,1336.134108154932
|||;22630.1,22630,22630,22630,0,0,0,0,1341.134108154932
|||;22630.1,22630,22630,22630,0,0,0,0,1346.134108154932
|||;22630.1,22630,22630,22630,0,0,0,0,1351.134108154932
|||;22630.1,22630,22630,22630,0,0,0,0,1356.134108154932
|||;22630.1,22630,22630,22630,0,0,0,0,1361.134108154932
|||;22630.1,22630,22630,22630,0,0,0,0,1366.134108154932
|||;22630.1,22630,22630,22630,0,0,0,0,1371.134108154932
|||;22630.1,22630,22630,22630,0,0,0,0,1376.134108154932
|||;22630.1,22630,22630,22630,0,0,0,0,1381.134108154932
|||;22630.1,22630,22630,22630,0,0,0,0,1386.134108154932
|||;22630.1,22630,22630,22630,0,0,0,0,1391.134108154932
|||;22630.1,22630,22630,22630,0,0,0,0,1396.134108154932
|||;22630.1,22630,22630,22630,0,0,0,0,1401.134108154932
|||;22630.1,22630,22630,22630,0,0,0,0,1406.134108154932
|||;22630.1,22630,22630,22630,0,0,0,0,1411.134108154932
|||;22630.1,22630,22630,22630,0,0,0,0,1416.134108154932
|||;22630.1,22630,22630,22630,0,0,0,0,1421.134108154932
|||;22630.1,22630,22630,22630,0,0,0,0,1426.134108154932
|||;22630.1,22630,22630,22630,0,0,0,0,1431.134108154932
|||;22630.1,22630,22630,22630,0,0,0,0,1436.134108154932
|||;22630.1,22630,22630,22630,0,0,0,0,1441.134108154932
|||;22630.1,22630,22630,22630,0,0,0,0,1446.134108154932
|||;22630.1,22630,22630,22630,0,0,0,0,1451.134108154932
|||;22630.1,22630,22630,22630,0,0,0,0,1456.134108154932
|||;22630.1,22630,22630,22630,0,0,0,0,1461.134108154932
|||;22630.1,22630,22630,22630,0,0,0,0,1466.134108154932
|||;22630.1,22630,22630,22630,0,0,0,0,1471.134108154932
|||;22630.1,22630,22630,22630,0,0,0,0,1476.134108154932
|||;22630.1,22630,22630,22630,0,0,0,0,1481.134108154932
|||;22630.1,22630,22630,22630,0,0,0,0,1486.134108154932
|||;22630.1,22630,22630,22630,0,0,0,0,1491.134108154932
|||;22630.1,22630,22630,22630,0,0,0,0,1496.134108154932
|||;22630.1,22630,22630,22630,0,0,0,0,1501.134108154932
|||;22630.1,22630,22630,22630,0,0,0,0,1506.134108154932
|||;22630.1,22630,22630,22630,0,0,0,0,1511.134108154932
|||;22630.1,22630,22630,22630,0,0,0,0,1516.134108154932
|||;22630.1,22630,22630,22630,0,0,0,0,1521.134108154932
|||;22630.1,22630,22630,22630,0,0,0,0,1526.134108154932
|||;22630.1,22630,22630,22630,0,0,0,0,1531.134108154932
|||;22630.1,22630,22630,22630,0,0,0,0,1536.134108154932
|||;22630.1,22630,22630,22630,0,0,0,0,1541.134108154932
|||;22630.1,22630,22630,22630,0,0,0,0,1546.134108154932
|||;22630.1,22630,22630,22630,0,0,0,0,1551.134108154932
|||;22630.1,22630,22630,22630,0,0,0,0,1556.134108154932
|||;22630.1,22630,22630,22630,0,0,0,0,1561.134108154932
|||;22630.1,22630,22630,22630,0,0,0,0,1566.134108154932
|||;22630.1,22630,22630,22630,0,0,0,0,1571.134108154932
|||;22630.1,22630,22630,22630,0,0,0,0,1576.134108154932
|||;22630.1,22630,22630,22630,0,0,0,0,1581.134108154932
|||;22630.1,22630,22630,22630,0,0,0,0,1586.134108154932
|||;22630.1,22630,22630,22630,0,0,0,0,1591.134108154932
|||;22630.1,22630,22630,22630,0,0,0,0,1596.134108154932
|||;22630.1,22630,22630,22630,0,0,0,0,1601.134108154932
|||;22630.1,22630,22630,22630,0,0,0,0,1606.134108154932
|||;22630.1,22630,22630,22630,0,0,0,0,1611.134108154932
|||;22630.1,22630,22630,22630,0,0,0,0,1616.134108154932
|||;22630.1,22630,22630,22630,0,0,0,0,1621.134108154932
|||;22630.1,22630,22630,22630,0,0,0,0,1626.134108154932
|||;22630.1,22630,22630,22630,0,0,0,0,1631.134108154932
|||;22630.1,22630,22630,22630,0,0,0,0,1636.134108154932
|||;22630.1,22630,22630,22630,0,0,0,0,1641.134108154932
|||;22630.1,22630,22630,22630,0,0,0,0,1646.134108154932
|||;22630.1,22630,22630,22630,0,0,0,0,1651.134108154932
|||;22630.1,22630,22630,22630,0,0,0,0,1656.134108154932
|||;22630.1,22630,22630,22630,0,0,0,0,1661.134108154932
|||;22630.1,22630,22630,22630,0,0,0,0,1666.134108154932
|||;22630.1,22630,22630,22630,0,0,0,0,1671.134108154932
|||;22630.1,22630,22630,22630,0,0,0,0,1676.134108154932
|||;22630.1,22630,22630,22630,0,0,0,0,1681.134108154932
|||;22630.1,22630,22630,22630,0,0,0,0,1686.134108154932
|||;22630.1,22630,22630,22630,0,0,0,0,1691.134108154932
|||;22630.1,22630,22630,22630,0,0,0,0,1696.134108154932
|||;22630.1,22630,22630,22630,0,0,0,0,1701.134108154932
|||;22630.1,22630,22630,22630,0,0,0,0,1706.134108154932
|||;22630.1,22630,22630,22630,0,0,0,0,1711.134108154932
|||;22630.1,22630,22630,22630,0,0,0,0,1716.134108154932
|||;22630.1,22630,22630,22630,0,0,0,0,1721.134108154932
|||;22630.1,22630,22630,22630,0,0,0,0,1726.134108154932
|||;22630.1,22630,22630,22630,0,0,0,0,1731.134108154932
|||;22630.1,22630,22630,22630,0,0,0,0,1736.134108154932
|||;22630.1,22630,22630,22630,0,0,0,0,1741.134108154932
|||;22630.1,22630,22630,22630,0,0,0,0,1746.134108154932
|||;22630.1,22630,22630,22630,0,0,0,0,1751.134108154932
|||;22630.1,22630,22630,22630,0,0,0,0,1756.134108154932
|||;22630.1,22630,22630,22630,0,0,0,0,1761.134108154932
|||;22630.1,22630,22630,22630,0,0,0,0,1766.134108154932
|||;22630.1,22630,22630,22630,0,0,0,0,1771.134108154932
|||;22630.1,22630,22630,22630,0,0,0,0,1776.134108154932
|||;22630.1,22630,22630,22630,0,0,0,0,1781.134108154932
|||;22630.1,22630,22630,22630,0,0,0,0,1786.134108154932
|||;22630.1,22630,22630,22630,0,0,0,0,1791.134108154932
|||;22630.1,22630,22630,22630,0,0,0,0,1796.134108154932
|||;22630.1,22630,22630,22630,0,0,0,0,1801.134108154932
|||;22630.1,22630,22630,22630,0,0,0,0,1806.134108154932
|||;22630.1,22630,22630,22630,0,0,0,0,1811.134108154932
|||;22630.1,22630,22630,22630,0,0,0,0,1816.134108154932
|||;22630.1,22630,22630,22630,0,0,0,0,1821.134108154932
|||;22630.1,22630,22630,22630,0,0,0,0,1826.134108154932
|||;22630.1,22630,22630,22630,0,0,0,0,1831.134108154932
|||;22630.1,22630,22630,22630,0,0,0,0,1836.134108154932
|||;22630.1,22630,22630,22630,0,0,0,0,1841.134108154932
|||;22630.1,22630,22630,22630,0,0,0,0,1846.134108154932
|||;22630.1,22630,22630,22630,0,0,0,0,1851.134108154932
|||;22630.1,22630,22630,22630,0,0,0,0,1856.134108154932
|||;22630.1,22630,22630,22630,0,0,0,0,1861.134108154932
|||;22630.1,22630,22630,22630,0,0,0,0,1866.134108154932
|||;22630.1,22630,22630,22630,0,0,0,0,1871.134108154932
|||;22630.1,22630,22630,22630,0,0,0,0,1876.134108154932
|||;22630.1,22630,22630,22630,0,0,0,0,1881.134108154932
|||;22630.1,22630,22630,22630,0,0,0,0,1886.134108154932
|||;22630.1,22630,22630,22630,0,0,0,0,1891.134108154932
|||;22630.1,22630,22630,22630,0,0,0,0,1896.134108154932
|||;22630.1,22630,22630,22630,0,0,0,0,1901.134108154932
|||;22630.1,22630,22630,22630,0,0,0,0,1906.134108154932
|||;22630.1,22630,22630,22630,0,0,0,0,1911.134108154932
|||;22630.1,22630,22630,22630,0,0,0,0,1916.134108154932
|||;22630.1,22630,22630,22630,0,0,0,0,1921.134108154932
|||;22630.1,22630,22630,22630,0,0,0,0,1926.134108154932
|||;22630.1,22630,22630,22630,0,0,0,0,1931.134108154932
|||;22630.1,22630,22630,22630,0,0,0,0,1936.134108154932
|||;22630.1,22630,22630,22630,0,0,0,0,1941.134108154932
|||;22630.1,22630,22630,22630,0,0,0,0,1946.134108154932
|||;22630.1,22630,22630,22630,0,0,0,0,1951.134108154932
|||;22630.1,22630,22630,22630,0,0,0,0,1956.134108154932
|||;22630.1,22630,22630,22630,0,0,0,0,1961.134108154932
|||;22630.1,22630,22630,22630,0,0,0,0,1966.134108154932
|||;22630.1,22630,22630,22630,0,0,0,0,1971.134108154932
|||;22630.1,22630,22630,22630,0,0,0,0,1976.134108154932
|||;22630.1,22630,22630,22630,0,0,0,0,1981.134108154932
|||;22630.1,22630,22630,22630,0,0,0,0,1986.134108154932
|||;22630.1,22630,22630,22630,0,0,0,0,1991.134108154932
|||;22630.1,22630,22630,22630,0,0,0,0,1996.134108154932
|||;18329,18329,18329,18329,0,0,0,0,1.134108154932
|||;27545,27545,27545,27545,0,0,0,0,1.134108154932
|||;27545,27545,27545,27545,0,0,0,0,6.134108154932
|||;26521,26521,26521,26521,0,0,0,0,1.134108154932
|||;26521,26521,26521,26521,0,0,0,0,6.134108154932
334ikcfz(2),|||;16639.4,26521,26521,26521,38.667479933936,0,0,0,11.134108154932
334ikcfz(2),|||;16639.4,26521,26521,26521,33.667479933936,0,0,0,16.134108154932
334ikcfz(2),|||;16639.4,26521,26521,26521,28.667479933936,0,0,0,21.134108154932
334ikcfz(2),|||;16639.4,26521,26521,26521,23.667479933936,0,0,0,26.134108154932
334ikcfz(2),|||;16639.4,26521,26521,26521,18.667479933936,0,0,0,31.134108154932
334ikcfz(2),|||;16639.4,26521,26521,26521,13.667479933936,0,0,0,36.134108154932
334ikcfz(2),|||;16639.4,26521,26521,26521,8.667479933936,0,0,0,41.134108154932
334ikcfz(2),|||;16639.4,26521,26521,26521,3.667479933936,0,0,0,46.134108154932
334ikcfz(3),|||;16639.4,26521,26521,26521,0,0,0,0,51.134108154932
|||;26521,26521,26521,26521,0,0,0,0,56.134108154932
|||;37990,37990,37990,37990,0,0,0,0,1.134108154932
|||;37990,37990,37990,37990,0,0,0,0,6.134108154932
|||;31436,31436,31436,31436,0,0,0,0,1.134108154932
|||;24064,24064,24064,24064,0,0,0,0,1.134108154932
|||;37990,37990,37990,37990,0,0,0,0,1.134108154932
|||;35532,35532,35532,35532,0,0,0,0,1.134108154932
|||;33280,33280,33280,33280,0,0,0,0,1.134108154932
|||;33280,33280,33280,33280,0,0,0,0,6.134108154932
|||;24268,24268,24268,24268,0,0,0,0,1.134108154932
|||;23040,23040,23040,23040,0,0,0,0,1.134108154932
|||;30208,30208,30208,30208,0,0,0,0,1.134108154932
|||;30208,30208,30208,30208,0,0,0,0,6.134108154932
|||;34508,34508,34508,34508,0,0,0,0,1.134108154932
|||;34508,34508,34508,34508,0,0,0,0,6.134108154932
|||;38195,38195,38195,38195,0,0,0,0,1.134108154932
