|||;36556,36556,36556,36556,0,0,0,0,1.092814334673
|||;36556,36556,36556,36556,0,0,0,0,6.092814334673
|||;36556,36556,36556,36556,0,0,0,0,11.092814334673
|||;36556,36556,36556,36556,0,0,0,0,16.092814334673
|||;36556,36556,36556,36556,0,0,0,0,21.092814334673
|||;36556,36556,36556,36556,0,0,0,0,26.092814334673
|||;36556,36556,36556,36556,0,0,0,0,31.092814334673
|||;36556,36556,36556,36556,0,0,0,0,36.092814334673
|||;36556,36556,36556,36556,0,0,0,0,41.092814334673
|||;36556,36556,36556,36556,0,0,0,0,46.092814334673
|||;36556,36556,36556,36556,0,0,0,0,51.092814334673
|||;36556,36556,36556,36556,0,0,0,0,56.092814334673
|||;36556,36556,36556,36556,0,0,0,0,61.092814334673
|||;36556,36556,36556,36556,0,0,0,0,66.092814334673
|||;36556,36556,36556,36556,0,0,0,0,71.092814334673
|||;36556,36556,36556,36556,0,0,0,0,76.092814334673
|||;36556,36556,36556,36556,0,0,0,0,81.092814334673
|||;36556,36556,36556,36556,0,0,0,0,86.092814334673
|||;36556,36556,36556,36556,0,0,0,0,91.092814334673
|||;36556,36556,36556,36556,0,0,0,0,96.092814334673
|||;36556,36556,36556,36556,0,0,0,0,101.092814334673
|||;36556,36556,36556,36556,0,0,0,0,106.092814334673
|||;36556,36556,36556,36556,0,0,0,0,111.092814334673
|||;36556,36556,36556,36556,0,0,0,0,116.092814334673
|||;36556,36556,36556,36556,0,0,0,0,121.092814334673
|||;36556,36556,36556,36556,0,0,0,0,126.092814334673
|||;36556,36556,36556,36556,0,0,0,0,131.092814334673
|||;36556,36556,36556,36556,0,0,0,0,136.092814334673
|||;36556,36556,36556,36556,0,0,0,0,141.092814334673
|||;36556,36556,36556,36556,0,0,0,0,146.092814334673
|||;36556,36556,36556,36556,0,0,0,0,151.092814334673
|||;36556,36556,36556,36556,0,0,0,0,156.092814334673
|||;36556,36556,36556,36556,0,0,0,0,161.092814334673
|||;36556,36556,36556,36556,0,0,0,0,166.092814334673
|||;36556,36556,36556,36556,0,0,0,0,171.092814334673
|||;36556,36556,36556,36556,0,0,0,0,176.092814334673
|||;36556,36556,36556,36556,0,0,0,0,181.092814334673
|||;36556,36556,36556,36556,0,0,0,0,186.092814334673
|||;36556,36556,36556,36556,0,0,0,0,191.092814334673
|||;36556,36556,36556,36556,0,0,0,0,196.092814334673
|||;36556,36556,36556,36556,0,0,0,0,201.092814334673
|||;36556,36556,36556,36556,0,0,0,0,206.092814334673
|||;36556,36556,36556,36556,0,0,0,0,211.092814334673
|||;36556,36556,36556,36556,0,0,0,0,216.092814334673
|||;36556,36556,36556,36556,0,0,0,0,221.092814334673
|||;36556,36556,36556,36556,0,0,0,0,226.092814334673
|||;36556,36556,36556,36556,0,0,0,0,231.092814334673
|||;36556,36556,36556,36556,0,0,0,0,236.092814334673
|||;36556,36556,36556,36556,0,0,0,0,241.092814334673
|||;36556,36556,36556,36556,0,0,0,0,246.092814334673
|||;36556,36556,36556,36556,0,0,0,0,251.092814334673
|||;36556,36556,36556,36556,0,0,0,0,256.092814334673
|||;36556,36556,36556,36556,0,0,0,0,261.092814334673
|||;36556,36556,36556,36556,0,0,0,0,266.092814334673
|||;36556,36556,36556,36556,0,0,0,0,271.092814334673
|||;36556,36556,36556,36556,0,0,0,0,276.092814334673
|||;36556,36556,36556,36556,0,0,0,0,281.092814334673
|||;36556,36556,36556,36556,0,0,0,0,286.092814334673
|||;36556,36556,36556,36556,0,0,0,0,291.092814334673
|||;36556,36556,36556,36556,0,0,0,0,296.092814334673
|||;36556,36556,36556,36556,0,0,0,0,301.092814334673
|||;36556,36556,36556,36556,0,0,0,0,306.092814334673
|||;36556,36556,36556,36556,0,0,0,0,311.092814334673
|||;36556,36556,36556,36556,0,0,0,0,316.092814334673
|||;36556,36556,36556,36556,0,0,0,0,321.092814334673
|||;36556,36556,36556,36556,0,0,0,0,326.092814334673
|||;36556,36556,36556,36556,0,0,0,0,331.092814334673
|||;36556,36556,36556,36556,0,0,0,0,336.092814334673
|||;36556,36556,36556,36556,0,0,0,0,341.092814334673
|||;36556,36556,36556,36556,0,0,0,0,346.092814334673
|||;36556,36556,36556,36556,0,0,0,0,351.092814334673
|||;36556,36556,36556,36556,0,0,0,0,356.092814334673
|||;36556,36556,36556,36556,0,0,0,0,361.092814334673
|||;36556,36556,36556,36556,0,0,0,0,366.092814334673
|||;36556,36556,36556,36556,0,0,0,0,371.092814334673
|||;36556,36556,36556,36556,0,0,0,0,376.092814334673
|||;36556,36556,36556,36556,0,0,0,0,381.092814334673
|||;36556,36556,36556,36556,0,0,0,0,386.092814334673
|||;36556,36556,36556,36556,0,0,0,0,391.092814334673
|||;36556,36556,36556,36556,0,0,0,0,396.092814334673
|||;36556,36556,36556,36556,0,0,0,0,401.092814334673
|||;36556,36556,36556,36556,0,0,0,0,406.092814334673
|||;36556,36556,36556,36556,0,0,0,0,411.092814334673
|||;36556,36556,36556,36556,0,0,0,0,416.092814334673
|||;36556,36556,36556,36556,0,0,0,0,421.092814334673
|||;36556,36556,36556,36556,0,0,0,0,426.092814334673
|||;36556,36556,36556,36556,0,0,0,0,431.092814334673
|||;36556,36556,36556,36556,0,0,0,0,436.092814334673
|||;36556,36556,36556,36556,0,0,0,0,441.092814334673
|||;36556,36556,36556,36556,0,0,0,0,446.092814334673
|||;36556,36556,36556,36556,0,0,0,0,451.092814334673
|||;36556,36556,36556,36556,0,0,0,0,456.092814334673
|||;36556,36556,36556,36556,0,0,0,0,461.092814334673
|||;36556,36556,36556,36556,0,0,0,0,466.092814334673
|||;36556,36556,36556,36556,0,0,0,0,471.092814334673
|||;36556,36556,36556,36556,0,0,0,0,476.092814334673
|||;36556,36556,36556,36556,0,0,0,0,481.092814334673
|||;36556,36556,36556,36556,0,0,0,0,486.092814334673
|||;36556,36556,36556,36556,0,0,0,0,491.092814334673
|||;36556,36556,36556,36556,0,0,0,0,496.092814334673
|||;36556,36556,36556,36556,0,0,0,0,501.092814334673
|||;36556,36556,36556,36556,0,0,0,0,506.092814334673
|||;36556,36556,36556,36556,0,0,0,0,511.092814334673
|||;36556,36556,36556,36556,0,0,0,0,516.092814334673
|||;36556,36556,36556,36556,0,0,0,0,521.092814334673
|||;36556,36556,36556,36556,0,0,0,0,526.092814334673
|||;36556,36556,36556,36556,0,0,0,0,531.092814334673
|||;36556,36556,36556,36556,0,0,0,0,536.092814334673
|||;36556,36556,36556,36556,0,0,0,0,541.092814334673
|||;36556,36556,36556,36556,0,0,0,0,546.092814334673
|||;36556,36556,36556,36556,0,0,0,0,551.092814334673
|||;36556,36556,36556,36556,0,0,0,0,556.092814334673
|||;36556,36556,36556,36556,0,0,0,0,561.092814334673
|||;36556,36556,36556,36556,0,0,0,0,566.092814334673
|||;36556,36556,36556,36556,0,0,0,0,571.092814334673
|||;36556,36556,36556,36556,0,0,0,0,576.092814334673
|||;36556,36556,36556,36556,0,0,0,0,581.092814334673
|||;36556,36556,36556,36556,0,0,0,0,586.092814334673
|||;36556,36556,36556,36556,0,0,0,0,591.092814334673
|||;36556,36556,36556,36556,0,0,0,0,596.092814334673
|||;36556,36556,36556,36556,0,0,0,0,601.092814334673
|||;36556,36556,36556,36556,0,0,0,0,606.092814334673
|||;36556,36556,36556,36556,0,0,0,0,611.092814334673
|||;36556,36556,36556,36556,0,0,0,0,616.092814334673
|||;36556,36556,36556,36556,0,0,0,0,621.092814334673
|||;36556,36556,36556,36556,0,0,0,0,626.092814334673
|||;36556,36556,36556,36556,0,0,0,0,631.092814334673
|||;36556,36556,36556,36556,0,0,0,0,636.092814334673
|||;36556,36556,36556,36556,0,0,0,0,641.092814334673
|||;36556,36556,36556,36556,0,0,0,0,646.092814334673
|||;36556,36556,36556,36556,0,0,0,0,651.092814334673
|||;36556,36556,36556,36556,0,0,0,0,656.092814334673
|||;36556,36556,36556,36556,0,0,0,0,661.092814334673
|||;36556,36556,36556,36556,0,0,0,0,666.092814334673
|||;36556,36556,36556,36556,0,0,0,0,671.092814334673
|||;36556,36556,36556,36556,0,0,0,0,676.092814334673
|||;36556,36556,36556,36556,0,0,0,0,681.092814334673
|||;36556,36556,36556,36556,0,0,0,0,686.092814334673
|||;36556,36556,36556,36556,0,0,0,0,691.092814334673
|||;36556,36556,36556,36556,0,0,0,0,696.092814334673
|||;36556,36556,36556,36556,0,0,0,0,701.092814334673
|||;36556,36556,36556,36556,0,0,0,0,706.092814334673
|||;36556,36556,36556,36556,0,0,0,0,711.092814334673
|||;36556,36556,36556,36556,0,0,0,0,716.092814334673
|||;36556,36556,36556,36556,0,0,0,0,721.092814334673
|||;36556,36556,36556,36556,0,0,0,0,726.092814334673
|||;36556,36556,36556,36556,0,0,0,0,731.092814334673
|||;36556,36556,36556,36556,0,0,0,0,736.092814334673
|||;36556,36556,36556,36556,0,0,0,0,741.092814334673
|||;36556,36556,36556,36556,0,0,0,0,746.092814334673
|||;36556,36556,36556,36556,0,0,0,0,751.092814334673
|||;36556,36556,36556,36556,0,0,0,0,756.092814334673
|||;36556,36556,36556,36556,0,0,0,0,761.092814334673
|||;36556,36556,36556,36556,0,0,0,0,766.092814334673
|||;36556,36556,36556,36556,0,0,0,0,771.092814334673
|||;36556,36556,36556,36556,0,0,0,0,776.092814334673
|||;36556,36556,36556,36556,0,0,0,0,781.092814334673
|||;36556,36556,36556,36556,0,0,0,0,786.092814334673
|||;36556,36556,36556,36556,0,0,0,0,791.092814334673
|||;36556,36556,36556,36556,0,0,0,0,796.092814334673
|||;36556,36556,36556,36556,0,0,0,0,801.092814334673
|||;36556,36556,36556,36556,0,0,0,0,806.092814334673
|||;36556,36556,36556,36556,0,0,0,0,811.092814334673
|||;36556,36556,36556,36556,0,0,0,0,816.092814334673
|||;36556,36556,36556,36556,0,0,0,0,821.092814334673
|||;36556,36556,36556,36556,0,0,0,0,826.092814334673
|||;36556,36556,36556,36556,0,0,0,0,831.092814334673
|||;36556,36556,36556,36556,0,0,0,0,836.092814334673
|||;36556,36556,36556,36556,0,0,0,0,841.092814334673
|||;36556,36556,36556,36556,0,0,0,0,846.092814334673
|||;36556,36556,36556,36556,0,0,0,0,851.092814334673
|||;36556,36556,36556,36556,0,0,0,0,856.092814334673
|||;36556,36556,36556,36556,0,0,0,0,861.092814334673
|||;36556,36556,36556,36556,0,0,0,0,866.092814334673
|||;36556,36556,36556,36556,0,0,0,0,871.092814334673
|||;36556,36556,36556,36556,0,0,0,0,876.092814334673
|||;36556,36556,36556,36556,0,0,0,0,881.092814334673
|||;36556,36556,36556,36556,0,0,0,0,886.092814334673
|||;36556,36556,36556,36556,0,0,0,0,891.092814334673
|||;36556,36556,36556,36556,0,0,0,0,896.092814334673
|||;36556,36556,36556,36556,0,0,0,0,901.092814334673
|||;36556,36556,36556,36556,0,0,0,0,906.092814334673
|||;36556,36556,36556,36556,0,0,0,0,911.092814334673
|||;36556,36556,36556,36556,0,0,0,0,916.092814334673
|||;36556,36556,36556,36556,0,0,0,0,921.092814334673
|||;36556,36556,36556,36556,0,0,0,0,926.092814334673
|||;36556,36556,36556,36556,0,0,0,0,931.092814334673
|||;36556,36556,36556,36556,0,0,0,0,936.092814334673
|||;36556,36556,36556,36556,0,0,0,0,941.092814334673
|||;36556,36556,36556,36556,0,0,0,0,946.092814334673
|||;36556,36556,36556,36556,0,0,0,0,951.092814334673
|||;36556,36556,36556,36556,0,0,0,0,956.092814334673
|||;36556,36556,36556,36556,0,0,0,0,961.092814334673
|||;36556,36556,36556,36556,0,0,0,0,966.092814334673
|||;36556,36556,36556,36556,0,0,0,0,971.092814334673
|||;36556,36556,36556,36556,0,0,0,0,976.092814334673
|||;36556,36556,36556,36556,0,0,0,0,981.092814334673
|||;36556,36556,36556,36556,0,0,0,0,986.092814334673
|||;36556,36556,36556,36556,0,0,0,0,991.092814334673
|||;36556,36556,36556,36556,0,0,0,0,996.092814334673
|||;36556,36556,36556,36556,0,0,0,0,1001.092814334673
|||;36556,36556,36556,36556,0,0,0,0,1006.092814334673
|||;36556,36556,36556,36556,0,0,0,0,1011.092814334673
|||;36556,36556,36556,36556,0,0,0,0,1016.092814334673
|||;36556,36556,36556,36556,0,0,0,0,1021.092814334673
|||;36556,36556,36556,36556,0,0,0,0,1026.092814334673
|||;36556,36556,36556,36556,0,0,0,0,1031.092814334673
|||;36556,36556,36556,36556,0,0,0,0,1036.092814334673
|||;36556,36556,36556,36556,0,0,0,0,1041.092814334673
|||;36556,36556,36556,36556,0,0,0,0,1046.092814334673
|||;36556,36556,36556,36556,0,0,0,0,1051.092814334673
|||;36556,36556,36556,36556,0,0,0,0,1056.092814334673
|||;36556,36556,36556,36556,0,0,0,0,1061.092814334673
|||;36556,36556,36556,36556,0,0,0,0,1066.092814334673
|||;36556,36556,36556,36556,0,0,0,0,1071.092814334673
|||;36556,36556,36556,36556,0,0,0,0,1076.092814334673
|||;36556,36556,36556,36556,0,0,0,0,1081.092814334673
|||;36556,36556,36556,36556,0,0,0,0,1086.092814334673
|||;36556,36556,36556,36556,0,0,0,0,1091.092814334673
|||;36556,36556,36556,36556,0,0,0,0,1096.092814334673
|||;36556,36556,36556,36556,0,0,0,0,1101.092814334673
|||;36556,36556,36556,36556,0,0,0,0,1106.092814334673
|||;36556,36556,36556,36556,0,0,0,0,1111.092814334673
|||;36556,36556,36556,36556,0,0,0,0,1116.092814334673
|||;36556,36556,36556,36556,0,0,0,0,1121.092814334673
|||;36556,36556,36556,36556,0,0,0,0,1126.092814334673
|||;36556,36556,36556,36556,0,0,0,0,1131.092814334673
|||;36556,36556,36556,36556,0,0,0,0,1136.092814334673
|||;36556,36556,36556,36556,0,0,0,0,1141.092814334673
|||;36556,36556,36556,36556,0,0,0,0,1146.092814334673
|||;36556,36556,36556,36556,0,0,0,0,1151.092814334673
|||;36556,36556,36556,36556,0,0,0,0,1156.092814334673
|||;36556,36556,36556,36556,0,0,0,0,1161.092814334673
|||;36556,36556,36556,36556,0,0,0,0,1166.092814334673
|||;36556,36556,36556,36556,0,0,0,0,1171.092814334673
|||;36556,36556,36556,36556,0,0,0,0,1176.092814334673
|||;36556,36556,36556,36556,0,0,0,0,1181.092814334673
|||;36556,36556,36556,36556,0,0,0,0,1186.092814334673
|||;36556,36556,36556,36556,0,0,0,0,1191.092814334673
|||;36556,36556,36556,36556,0,0,0,0,1196.092814334673
|||;36556,36556,36556,36556,0,0,0,0,1201.092814334673
|||;36556,36556,36556,36556,0,0,0,0,1206.092814334673
|||;36556,36556,36556,36556,0,0,0,0,1211.092814334673
|||;36556,36556,36556,36556,0,0,0,0,1216.092814334673
|||;36556,36556,36556,36556,0,0,0,0,1221.092814334673
|||;36556,36556,36556,36556,0,0,0,0,1226.092814334673
|||;36556,36556,36556,36556,0,0,0,0,1231.092814334673
|||;36556,36556,36556,36556,0,0,0,0,1236.092814334673
|||;36556,36556,36556,36556,0,0,0,0,1241.092814334673
|||;36556,36556,36556,36556,0,0,0,0,1246.092814334673
|||;36556,36556,36556,36556,0,0,0,0,1251.092814334673
|||;36556,36556,36556,36556,0,0,0,0,1256.092814334673
|||;36556,36556,36556,36556,0,0,0,0,1261.092814334673
|||;36556,36556,36556,36556,0,0,0,0,1266.092814334673
|||;36556,36556,36556,36556,0,0,0,0,1271.092814334673
|||;36556,36556,36556,36556,0,0,0,0,1276.092814334673
|||;36556,36556,36556,36556,0,0,0,0,1281.092814334673
|||;36556,36556,36556,36556,0,0,0,0,1286.092814334673
|||;36556,36556,36556,36556,0,0,0,0,1291.092814334673
|||;36556,36556,36556,36556,0,0,0,0,1296.092814334673
|||;36556,36556,36556,36556,0,0,0,0,1301.092814334673
|||;36556,36556,36556,36556,0,0,0,0,1306.092814334673
|||;36556,36556,36556,36556,0,0,0,0,1311.092814334673
|||;36556,36556,36556,36556,0,0,0,0,1316.092814334673
|||;36556,36556,36556,36556,0,0,0,0,1321.092814334673
|||;36556,36556,36556,36556,0,0,0,0,1326.092814334673
|||;36556,36556,36556,36556,0,0,0,0,1331.092814334673
|||;36556,36556,36556,36556,0,0,0,0,1336.092814334673
|||;36556,36556,36556,36556,0,0,0,0,1341.092814334673
|||;36556,36556,36556,36556,0,0,0,0,1346.092814334673
|||;36556,36556,36556,36556,0,0,0,0,1351.092814334673
|||;36556,36556,36556,36556,0,0,0,0,1356.092814334673
|||;36556,36556,36556,36556,0,0,0,0,1361.092814334673
|||;36556,36556,36556,36556,0,0,0,0,1366.092814334673
|||;36556,36556,36556,36556,0,0,0,0,1371.092814334673
|||;36556,36556,36556,36556,0,0,0,0,1376.092814334673
|||;36556,36556,36556,36556,0,0,0,0,1381.092814334673
|||;36556,36556,36556,36556,0,0,0,0,1386.092814334673
|||;36556,36556,36556,36556,0,0,0,0,1391.092814334673
|||;36556,36556,36556,36556,0,0,0,0,1396.092814334673
|||;36556,36556,36556,36556,0,0,0,0,1401.092814334673
|||;36556,36556,36556,36556,0,0,0,0,1406.092814334673
|||;36556,36556,36556,36556,0,0,0,0,1411.092814334673
|||;36556,36556,36556,36556,0,0,0,0,1416.092814334673
|||;36556,36556,36556,36556,0,0,0,0,1421.092814334673
|||;36556,36556,36556,36556,0,0,0,0,1426.092814334673
|||;36556,36556,36556,36556,0,0,0,0,1431.092814334673
|||;36556,36556,36556,36556,0,0,0,0,1436.092814334673
|||;36556,36556,36556,36556,0,0,0,0,1441.092814334673
|||;36556,36556,36556,36556,0,0,0,0,1446.092814334673
|||;36556,36556,36556,36556,0,0,0,0,1451.092814334673
|||;36556,36556,36556,36556,0,0,0,0,1456.092814334673
|||;36556,36556,36556,36556,0,0,0,0,1461.092814334673
|||;36556,36556,36556,36556,0,0,0,0,1466.092814334673
|||;36556,36556,36556,36556,0,0,0,0,1471.092814334673
|||;36556,36556,36556,36556,0,0,0,0,1476.092814334673
|||;36556,36556,36556,36556,0,0,0,0,1481.092814334673
|||;36556,36556,36556,36556,0,0,0,0,1486.092814334673
|||;36556,36556,36556,36556,0,0,0,0,1491.092814334673
|||;36556,36556,36556,36556,0,0,0,0,1496.092814334673
|||;36556,36556,36556,36556,0,0,0,0,1501.092814334673
|||;36556,36556,36556,36556,0,0,0,0,1506.092814334673
|||;36556,36556,36556,36556,0,0,0,0,1511.092814334673
|||;36556,36556,36556,36556,0,0,0,0,1516.092814334673
|||;36556,36556,36556,36556,0,0,0,0,1521.092814334673
|||;36556,36556,36556,36556,0,0,0,0,1526.092814334673
|||;36556,36556,36556,36556,0,0,0,0,1531.092814334673
|||;36556,36556,36556,36556,0,0,0,0,1536.092814334673
|||;36556,36556,36556,36556,0,0,0,0,1541.092814334673
|||;36556,36556,36556,36556,0,0,0,0,1546.092814334673
|||;36556,36556,36556,36556,0,0,0,0,1551.092814334673
|||;36556,36556,36556,36556,0,0,0,0,1556.092814334673
|||;36556,36556,36556,36556,0,0,0,0,1561.092814334673
|||;36556,36556,36556,36556,0,0,0,0,1566.092814334673
|||;36556,36556,36556,36556,0,0,0,0,1571.092814334673
|||;36556,36556,36556,36556,0,0,0,0,1576.092814334673
|||;36556,36556,36556,36556,0,0,0,0,1581.092814334673
|||;36556,36556,36556,36556,0,0,0,0,1586.092814334673
|||;36556,36556,36556,36556,0,0,0,0,1591.092814334673
|||;36556,36556,36556,36556,0,0,0,0,1596.092814334673
|||;36556,36556,36556,36556,0,0,0,0,1601.092814334673
|||;36556,36556,36556,36556,0,0,0,0,1606.092814334673
|||;36556,36556,36556,36556,0,0,0,0,1611.092814334673
|||;36556,36556,36556,36556,0,0,0,0,1616.092814334673
|||;36556,36556,36556,36556,0,0,0,0,1621.092814334673
|||;36556,36556,36556,36556,0,0,0,0,1626.092814334673
|||;36556,36556,36556,36556,0,0,0,0,1631.092814334673
|||;36556,36556,36556,36556,0,0,0,0,1636.092814334673
|||;36556,36556,36556,36556,0,0,0,0,1641.092814334673
|||;36556,36556,36556,36556,0,0,0,0,1646.092814334673
|||;36556,36556,36556,36556,0,0,0,0,1651.092814334673
|||;36556,36556,36556,36556,0,0,0,0,1656.092814334673
|||;36556,36556,36556,36556,0,0,0,0,1661.092814334673
|||;36556,36556,36556,36556,0,0,0,0,1666.092814334673
|||;36556,36556,36556,36556,0,0,0,0,1671.092814334673
|||;36556,36556,36556,36556,0,0,0,0,1676.092814334673
|||;36556,36556,36556,36556,0,0,0,0,1681.092814334673
|||;36556,36556,36556,36556,0,0,0,0,1686.092814334673
|||;36556,36556,36556,36556,0,0,0,0,1691.092814334673
|||;36556,36556,36556,36556,0,0,0,0,1696.092814334673
|||;36556,36556,36556,36556,0,0,0,0,1701.092814334673
|||;36556,36556,36556,36556,0,0,0,0,1706.092814334673
|||;36556,36556,36556,36556,0,0,0,0,1711.092814334673
|||;36556,36556,36556,36556,0,0,0,0,1716.092814334673
|||;36556,36556,36556,36556,0,0,0,0,1721.092814334673
|||;36556,36556,36556,36556,0,0,0,0,1726.092814334673
|||;36556,36556,36556,36556,0,0,0,0,1731.092814334673
|||;36556,36556,36556,36556,0,0,0,0,1736.092814334673
|||;36556,36556,36556,36556,0,0,0,0,1741.092814334673
|||;36556,36556,36556,36556,0,0,0,0,1746.092814334673
|||;36556,36556,36556,36556,0,0,0,0,1751.092814334673
|||;36556,36556,36556,36556,0,0,0,0,1756.092814334673
|||;36556,36556,36556,36556,0,0,0,0,1761.092814334673
|||;36556,36556,36556,36556,0,0,0,0,1766.092814334673
|||;36556,36556,36556,36556,0,0,0,0,1771.092814334673
|||;36556,36556,36556,36556,0,0,0,0,1776.092814334673
|||;36556,36556,36556,36556,0,0,0,0,1781.092814334673
|||;36556,36556,36556,36556,0,0,0,0,1786.092814334673
|||;36556,36556,36556,36556,0,0,0,0,1791.092814334673
|||;36556,36556,36556,36556,0,0,0,0,1796.092814334673
|||;36556,36556,36556,36556,0,0,0,0,1801.092814334673
|||;36556,36556,36556,36556,0,0,0,0,1806.092814334673
|||;36556,36556,36556,36556,0,0,0,0,1811.092814334673
|||;36556,36556,36556,36556,0,0,0,0,1816.092814334673
|||;36556,36556,36556,36556,0,0,0,0,1821.092814334673
|||;36556,36556,36556,36556,0,0,0,0,1826.092814334673
|||;36556,36556,36556,36556,0,0,0,0,1831.092814334673
|||;36556,36556,36556,36556,0,0,0,0,1836.092814334673
|||;36556,36556,36556,36556,0,0,0,0,1841.092814334673
|||;36556,36556,36556,36556,0,0,0,0,1846.092814334673
|||;36556,36556,36556,36556,0,0,0,0,1851.092814334673
|||;36556,36556,36556,36556,0,0,0,0,1856.092814334673
|||;36556,36556,36556,36556,0,0,0,0,1861.092814334673
|||;36556,36556,36556,36556,0,0,0,0,1866.092814334673
|||;36556,36556,36556,36556,0,0,0,0,1871.092814334673
|||;36556,36556,36556,36556,0,0,0,0,1876.092814334673
|||;36556,36556,36556,36556,0,0,0,0,1881.092814334673
|||;36556,36556,36556,36556,0,0,0,0,1886.092814334673
|||;36556,36556,36556,36556,0,0,0,0,1891.092814334673
|||;36556,36556,36556,36556,0,0,0,0,1896.092814334673
|||;36556,36556,36556,36556,0,0,0,0,1901.092814334673
|||;36556,36556,36556,36556,0,0,0,0,1906.092814334673
|||;36556,36556,36556,36556,0,0,0,0,1911.092814334673
|||;36556,36556,36556,36556,0,0,0,0,1916.092814334673
|||;36556,36556,36556,36556,0,0,0,0,1921.092814334673
|||;36556,36556,36556,36556,0,0,0,0,1926.092814334673
|||;36556,36556,36556,36556,0,0,0,0,1931.092814334673
|||;36556,36556,36556,36556,0,0,0,0,1936.092814334673
|||;36556,36556,36556,36556,0,0,0,0,1941.092814334673
|||;36556,36556,36556,36556,0,0,0,0,1946.092814334673
|||;36556,36556,36556,36556,0,0,0,0,1951.092814334673
|||;36556,36556,36556,36556,0,0,0,0,1956.092814334673
|||;36556,36556,36556,36556,0,0,0,0,1961.092814334673
|||;36556,36556,36556,36556,0,0,0,0,1966.092814334673
|||;36556,36556,36556,36556,0,0,0,0,1971.092814334673
|||;36556,36556,36556,36556,0,0,0,0,1976.092814334673
|||;36556,36556,36556,36556,0,0,0,0,1981.092814334673
|||;36556,36556,36556,36556,0,0,0,0,1986.092814334673
|||;36556,36556,36556,36556,0,0,0,0,1991.092814334673
|||;36556,36556,36556,36556,0,0,0,0,1996.092814334673
|||;34099,34099,34099,34099,0,0,0,0,1.092814334673
|||;23654,23654,23654,23654,0,0,0,0,1.092814334673
|||;23654,23654,23654,23654,0,0,0,0,6.092814334673
|||;30412,30412,30412,30412,0,0,0,0,1.092814334673
|||;30412,30412,30412,30412,0,0,0,0,6.092814334673
|||;30412,30412,30412,30412,0,0,0,0,11.092814334673
|||;30412,30412,30412,30412,0,0,0,0,16.092814334673
|||;30412,30412,30412,30412,0,0,0,0,21.092814334673
|||;30412,30412,30412,30412,0,0,0,0,26.092814334673
|||;30412,30412,30412,30412,0,0,0,0,31.092814334673
|||;30412,30412,30412,30412,0,0,0,0,36.092814334673
|||;30412,30412,30412,30412,0,0,0,0,41.092814334673
|||;30412,30412,30412,30412,0,0,0,0,46.092814334673
|||;30412,30412,30412,30412,0,0,0,0,51.092814334673
|||;30412,30412,30412,30412,0,0,0,0,56.092814334673
|||;27545,27545,27545,27545,0,0,0,0,1.092814334673
|||;27545,27545,27545,27545,0,0,0,0,6.092814334673
|||;31232,31232,31232,31232,0,0,0,0,1.092814334673
|||;37171,37171,37171,37171,0,0,0,0,1.092814334673
|||;31641,31641,31641,31641,0,0,0,0,1.092814334673
|||;22220,22220,22220,22220,0,0,0,0,1.092814334673
|||;28364,28364,28364,28364,0,0,0,0,1.092814334673
|||;28364,28364,28364,28364,0,0,0,0,6.092814334673
|||;34304,34304,34304,34304,0,0,0,0,1.092814334673
|||;28569,28569,28569,28569,0,0,0,0,1.092814334673
|||;36556,36556,36556,36556,0,0,0,0,1.092814334673
|||;36556,36556,36556,36556,0,0,0,0,6.092814334673
|||;29593,29593,29593,29593,0,0,0,0,1.092814334673
|||;29593,29593,29593,29593,0,0,0,0,6.092814334673
|||;32256,32256,32256,32256,0,0,0,0,1.092814334673
