|||;24268,24268,24268,24268,0,0,0,0,1.179465438058
|||;24268,24268,24268,24268,0,0,0,0,6.179465438058
|||;24268,24268,24268,24268,0,0,0,0,11.179465438058
|||;24268,24268,24268,24268,0,0,0,0,16.179465438058
|||;24268,24268,24268,24268,0,0,0,0,21.179465438058
|||;24268,24268,24268,24268,0,0,0,0,26.179465438058
|||;24268,24268,24268,24268,0,0,0,0,31.179465438058
|||;24268,24268,24268,24268,0,0,0,0,36.179465438058
|||;24268,24268,24268,24268,0,0,0,0,41.179465438058
|||;24268,24268,24268,24268,0,0,0,0,46.179465438058
|||;24268,24268,24268,24268,0,0,0,0,51.179465438058
|||;24268,24268,24268,24268,0,0,0,0,56.179465438058
|||;24268,24268,24268,24268,0,0,0,0,61.179465438058
|||;24268,24268,24268,24268,0,0,0,0,66.179465438058
|||;24268,24268,24268,24268,0,0,0,0,71.179465438058
|||;24268,24268,24268,24268,0,0,0,0,76.179465438058
|||;24268,24268,24268,24268,0,0,0,0,81.179465438058
|||;24268,24268,24268,24268,0,0,0,0,86.179465438058
|||;24268,24268,24268,24268,0,0,0,0,91.179465438058
|||;24268,24268,24268,24268,0,0,0,0,96.179465438058
|||;24268,24268,24268,24268,0,0,0,0,101.179465438058
|||;24268,24268,24268,24268,0,0,0,0,106.179465438058
|||;24268,24268,24268,24268,0,0,0,0,111.179465438058
|||;24268,24268,24268,24268,0,0,0,0,116.179465438058
|||;24268,24268,24268,24268,0,0,0,0,121.179465438058
|||;24268,24268,24268,24268,0,0,0,0,126.179465438058
|||;24268,24268,24268,24268,0,0,0,0,131.179465438058
|||;24268,24268,24268,24268,0,0,0,0,136.179465438058
|||;24268,24268,24268,24268,0,0,0,0,141.179465438058
|||;24268,24268,24268,24268,0,0,0,0,146.179465438058
|||;24268,24268,24268,24268,0,0,0,0,151.179465438058
|||;24268,24268,24268,24268,0,0,0,0,156.179465438058
|||;24268,24268,24268,24268,0,0,0,0,161.179465438058
|||;24268,24268,24268,24268,0,0,0,0,166.179465438058
|||;24268,24268,24268,24268,0,0,0,0,171.179465438058
|||;24268,24268,24268,24268,0,0,0,0,176.179465438058
|||;24268,24268,24268,24268,0,0,0,0,181.179465438058
|||;24268,24268,24268,24268,0,0,0,0,186.179465438058
|||;24268,24268,24268,24268,0,0,0,0,191.179465438058
|||;24268,24268,24268,24268,0,0,0,0,196.179465438058
|||;24268,24268,24268,24268,0,0,0,0,201.179465438058
|||;24268,24268,24268,24268,0,0,0,0,206.179465438058
|||;24268,24268,24268,24268,0,0,0,0,211.179465438058
|||;24268,24268,24268,24268,0,0,0,0,216.179465438058
|||;24268,24268,24268,24268,0,0,0,0,221.179465438058
|||;24268,24268,24268,24268,0,0,0,0,226.179465438058
|||;24268,24268,24268,24268,0,0,0,0,231.179465438058
|||;24268,24268,24268,24268,0,0,0,0,236.179465438058
|||;24268,24268,24268,24268,0,0,0,0,241.179465438058
|||;24268,24268,24268,24268,0,0,0,0,246.179465438058
|||;24268,24268,24268,24268,0,0,0,0,251.179465438058
|||;24268,24268,24268,24268,0,0,0,0,256.179465438058
|||;24268,24268,24268,24268,0,0,0,0,261.179465438058
|||;24268,24268,24268,24268,0,0,0,0,266.179465438058
|||;24268,24268,24268,24268,0,0,0,0,271.179465438058
|||;24268,24268,24268,24268,0,0,0,0,276.179465438058
|||;24268,24268,24268,24268,0,0,0,0,281.179465438058
|||;24268,24268,24268,24268,0,0,0,0,286.179465438058
|||;24268,24268,24268,24268,0,0,0,0,291.179465438058
|||;24268,24268,24268,24268,0,0,0,0,296.179465438058
|||;24268,24268,24268,24268,0,0,0,0,301.179465438058
|||;24268,24268,24268,24268,0,0,0,0,306.179465438058
|||;24268,24268,24268,24268,0,0,0,0,311.179465438058
|||;24268,24268,24268,24268,0,0,0,0,316.179465438058
|||;24268,24268,24268,24268,0,0,0,0,321.179465438058
|||;24268,24268,24268,24268,0,0,0,0,326.179465438058
|||;24268,24268,24268,24268,0,0,0,0,331.179465438058
|||;24268,24268,24268,24268,0,0,0,0,336.179465438058
|||;24268,24268,24268,24268,0,0,0,0,341.179465438058
|||;24268,24268,24268,24268,0,0,0,0,346.179465438058
|||;24268,24268,24268,24268,0,0,0,0,351.179465438058
|||;24268,24268,24268,24268,0,0,0,0,356.179465438058
|||;24268,24268,24268,24268,0,0,0,0,361.179465438058
|||;24268,24268,24268,24268,0,0,0,0,366.179465438058
|||;24268,24268,24268,24268,0,0,0,0,371.179465438058
|||;24268,24268,24268,24268,0,0,0,0,376.179465438058
|||;24268,24268,24268,24268,0,0,0,0,381.179465438058
|||;24268,24268,24268,24268,0,0,0,0,386.179465438058
|||;24268,24268,24268,24268,0,0,0,0,391.179465438058
|||;24268,24268,24268,24268,0,0,0,0,396.179465438058
|||;24268,24268,24268,24268,0,0,0,0,401.179465438058
|||;24268,24268,24268,24268,0,0,0,0,406.179465438058
|||;24268,24268,24268,24268,0,0,0,0,411.179465438058
|||;24268,24268,24268,24268,0,0,0,0,416.179465438058
|||;24268,24268,24268,24268,0,0,0,0,421.179465438058
|||;24268,24268,24268,24268,0,0,0,0,426.179465438058
|||;24268,24268,24268,24268,0,0,0,0,431.179465438058
|||;24268,24268,24268,24268,0,0,0,0,436.179465438058
|||;24268,24268,24268,24268,0,0,0,0,441.179465438058
|||;24268,24268,24268,24268,0,0,0,0,446.179465438058
|||;24268,24268,24268,24268,0,0,0,0,451.179465438058
|||;24268,24268,24268,24268,0,0,0,0,456.179465438058
|||;24268,24268,24268,24268,0,0,0,0,461.179465438058
|||;24268,24268,24268,24268,0,0,0,0,466.179465438058
|||;24268,24268,24268,24268,0,0,0,0,471.179465438058
|||;24268,24268,24268,24268,0,0,0,0,476.179465438058
|||;24268,24268,24268,24268,0,0,0,0,481.179465438058
|||;24268,24268,24268,24268,0,0,0,0,486.179465438058
|||;24268,24268,24268,24268,0,0,0,0,491.179465438058
|||;24268,24268,24268,24268,0,0,0,0,496.179465438058
|||;24268,24268,24268,24268,0,0,0,0,501.179465438058
|||;24268,24268,24268,24268,0,0,0,0,506.179465438058
|||;24268,24268,24268,24268,0,0,0,0,511.179465438058
|||;24268,24268,24268,24268,0,0,0,0,516.179465438058
|||;24268,24268,24268,24268,0,0,0,0,521.179465438058
|||;24268,24268,24268,24268,0,0,0,0,526.179465438058
|||;24268,24268,24268,24268,0,0,0,0,531.179465438058
|||;24268,24268,24268,24268,0,0,0,0,536.179465438058
|||;24268,24268,24268,24268,0,0,0,0,541.179465438058
|||;24268,24268,24268,24268,0,0,0,0,546.179465438058
|||;24268,24268,24268,24268,0,0,0,0,551.179465438058
|||;24268,24268,24268,24268,0,0,0,0,556.179465438058
|||;24268,24268,24268,24268,0,0,0,0,561.179465438058
|||;24268,24268,24268,24268,0,0,0,0,566.179465438058
|||;24268,24268,24268,24268,0,0,0,0,571.179465438058
|||;24268,24268,24268,24268,0,0,0,0,576.179465438058
|||;24268,24268,24268,24268,0,0,0,0,581.179465438058
|||;24268,24268,24268,24268,0,0,0,0,586.179465438058
|||;24268,24268,24268,24268,0,0,0,0,591.179465438058
|||;24268,24268,24268,24268,0,0,0,0,596.179465438058
|||;24268,24268,24268,24268,0,0,0,0,601.179465438058
|||;24268,24268,24268,24268,0,0,0,0,606.179465438058
|||;24268,24268,24268,24268,0,0,0,0,611.179465438058
|||;24268,24268,24268,24268,0,0,0,0,616.179465438058
|||;24268,24268,24268,24268,0,0,0,0,621.179465438058
|||;24268,24268,24268,24268,0,0,0,0,626.179465438058
|||;24268,24268,24268,24268,0,0,0,0,631.179465438058
|||;24268,24268,24268,24268,0,0,0,0,636.179465438058
|||;24268,24268,24268,24268,0,0,0,0,641.179465438058
|||;24268,24268,24268,24268,0,0,0,0,646.179465438058
|||;24268,24268,24268,24268,0,0,0,0,651.179465438058
|||;24268,24268,24268,24268,0,0,0,0,656.179465438058
|||;24268,24268,24268,24268,0,0,0,0,661.179465438058
|||;24268,24268,24268,24268,0,0,0,0,666.179465438058
|||;24268,24268,24268,24268,0,0,0,0,671.179465438058
|||;24268,24268,24268,24268,0,0,0,0,676.179465438058
|||;24268,24268,24268,24268,0,0,0,0,681.179465438058
|||;24268,24268,24268,24268,0,0,0,0,686.179465438058
|||;24268,24268,24268,24268,0,0,0,0,691.179465438058
|||;24268,24268,24268,24268,0,0,0,0,696.179465438058
|||;24268,24268,24268,24268,0,0,0,0,701.179465438058
|||;24268,24268,24268,24268,0,0,0,0,706.179465438058
|||;24268,24268,24268,24268,0,0,0,0,711.179465438058
|||;24268,24268,24268,24268,0,0,0,0,716.179465438058
|||;24268,24268,24268,24268,0,0,0,0,721.179465438058
|||;24268,24268,24268,24268,0,0,0,0,726.179465438058
|||;24268,24268,24268,24268,0,0,0,0,731.179465438058
|||;24268,24268,24268,24268,0,0,0,0,736.179465438058
|||;24268,24268,24268,24268,0,0,0,0,741.179465438058
|||;24268,24268,24268,24268,0,0,0,0,746.179465438058
|||;24268,24268,24268,24268,0,0,0,0,751.179465438058
|||;24268,24268,24268,24268,0,0,0,0,756.179465438058
|||;24268,24268,24268,24268,0,0,0,0,761.179465438058
|||;24268,24268,24268,24268,0,0,0,0,766.179465438058
|||;24268,24268,24268,24268,0,0,0,0,771.179465438058
|||;24268,24268,24268,24268,0,0,0,0,776.179465438058
|||;24268,24268,24268,24268,0,0,0,0,781.179465438058
|||;24268,24268,24268,24268,0,0,0,0,786.179465438058
|||;24268,24268,24268,24268,0,0,0,0,791.179465438058
|||;24268,24268,24268,24268,0,0,0,0,796.179465438058
|||;24268,24268,24268,24268,0,0,0,0,801.179465438058
|||;24268,24268,24268,24268,0,0,0,0,806.179465438058
|||;24268,24268,24268,24268,0,0,0,0,811.179465438058
|||;24268,24268,24268,24268,0,0,0,0,816.179465438058
|||;24268,24268,24268,24268,0,0,0,0,821.179465438058
|||;24268,24268,24268,24268,0,0,0,0,826.179465438058
|||;24268,24268,24268,24268,0,0,0,0,831.179465438058
|||;24268,24268,24268,24268,0,0,0,0,836.179465438058
|||;24268,24268,24268,24268,0,0,0,0,841.179465438058
|||;24268,24268,24268,24268,0,0,0,0,846.179465438058
|||;24268,24268,24268,24268,0,0,0,0,851.179465438058
|||;24268,24268,24268,24268,0,0,0,0,856.179465438058
|||;24268,24268,24268,24268,0,0,0,0,861.179465438058
|||;24268,24268,24268,24268,0,0,0,0,866.179465438058
|||;24268,24268,24268,24268,0,0,0,0,871.179465438058
|||;24268,24268,24268,24268,0,0,0,0,876.179465438058
|||;24268,24268,24268,24268,0,0,0,0,881.179465438058
|||;24268,24268,24268,24268,0,0,0,0,886.179465438058
|||;24268,24268,24268,24268,0,0,0,0,891.179465438058
|||;24268,24268,24268,24268,0,0,0,0,896.179465438058
|||;24268,24268,24268,24268,0,0,0,0,901.179465438058
|||;24268,24268,24268,24268,0,0,0,0,906.179465438058
|||;24268,24268,24268,24268,0,0,0,0,911.179465438058
|||;24268,24268,24268,24268,0,0,0,0,916.179465438058
|||;24268,24268,24268,24268,0,0,0,0,921.179465438058
|||;24268,24268,24268,24268,0,0,0,0,926.179465438058
|||;24268,24268,24268,24268,0,0,0,0,931.179465438058
|||;24268,24268,24268,24268,0,0,0,0,936.179465438058
|||;24268,24268,24268,24268,0,0,0,0,941.179465438058
|||;24268,24268,24268,24268,0,0,0,0,946.179465438058
|||;24268,24268,24268,24268,0,0,0,0,951.179465438058
|||;24268,24268,24268,24268,0,0,0,0,956.179465438058
|||;24268,24268,24268,24268,0,0,0,0,961.179465438058
|||;24268,24268,24268,24268,0,0,0,0,966.179465438058
|||;24268,24268,24268,24268,0,0,0,0,971.179465438058
|||;24268,24268,24268,24268,0,0,0,0,976.179465438058
|||;24268,24268,24268,24268,0,0,0,0,981.179465438058
|||;24268,24268,24268,24268,0,0,0,0,986.179465438058
|||;24268,24268,24268,24268,0,0,0,0,991.179465438058
|||;24268,24268,24268,24268,0,0,0,0,996.179465438058
|||;24268,24268,24268,24268,0,0,0,0,1001.179465438058
|||;24268,24268,24268,24268,0,0,0,0,1006.179465438058
|||;24268,24268,24268,24268,0,0,0,0,1011.179465438058
|||;24268,24268,24268,24268,0,0,0,0,1016.179465438058
|||;24268,24268,24268,24268,0,0,0,0,1021.179465438058
|||;24268,24268,24268,24268,0,0,0,0,1026.179465438058
|||;24268,24268,24268,24268,0,0,0,0,1031.179465438058
|||;24268,24268,24268,24268,0,0,0,0,1036.179465438058
|||;24268,24268,24268,24268,0,0,0,0,1041.179465438058
|||;24268,24268,24268,24268,0,0,0,0,1046.179465438058
|||;24268,24268,24268,24268,0,0,0,0,1051.179465438058
|||;24268,24268,24268,24268,0,0,0,0,1056.179465438058
|||;24268,24268,24268,24268,0,0,0,0,1061.179465438058
|||;24268,24268,24268,24268,0,0,0,0,1066.179465438058
|||;24268,24268,24268,24268,0,0,0,0,1071.179465438058
|||;24268,24268,24268,24268,0,0,0,0,1076.179465438058
|||;24268,24268,24268,24268,0,0,0,0,1081.179465438058
|||;24268,24268,24268,24268,0,0,0,0,1086.179465438058
|||;24268,24268,24268,24268,0,0,0,0,1091.179465438058
|||;24268,24268,24268,24268,0,0,0,0,1096.179465438058
|||;24268,24268,24268,24268,0,0,0,0,1101.179465438058
|||;24268,24268,24268,24268,0,0,0,0,1106.179465438058
|||;24268,24268,24268,24268,0,0,0,0,1111.179465438058
|||;24268,24268,24268,24268,0,0,0,0,1116.179465438058
|||;24268,24268,24268,24268,0,0,0,0,1121.179465438058
|||;24268,24268,24268,24268,0,0,0,0,1126.179465438058
|||;24268,24268,24268,24268,0,0,0,0,1131.179465438058
|||;24268,24268,24268,24268,0,0,0,0,1136.179465438058
|||;24268,24268,24268,24268,0,0,0,0,1141.179465438058
|||;24268,24268,24268,24268,0,0,0,0,1146.179465438058
|||;24268,24268,24268,24268,0,0,0,0,1151.179465438058
|||;24268,24268,24268,24268,0,0,0,0,1156.179465438058
|||;24268,24268,24268,24268,0,0,0,0,1161.179465438058
|||;24268,24268,24268,24268,0,0,0,0,1166.179465438058
|||;24268,24268,24268,24268,0,0,0,0,1171.179465438058
|||;24268,24268,24268,24268,0,0,0,0,1176.179465438058
|||;24268,24268,24268,24268,0,0,0,0,1181.179465438058
|||;24268,24268,24268,24268,0,0,0,0,1186.179465438058
|||;24268,24268,24268,24268,0,0,0,0,1191.179465438058
|||;24268,24268,24268,24268,0,0,0,0,1196.179465438058
|||;24268,24268,24268,24268,0,0,0,0,1201.179465438058
|||;24268,24268,24268,24268,0,0,0,0,1206.179465438058
|||;24268,24268,24268,24268,0,0,0,0,1211.179465438058
|||;24268,24268,24268,24268,0,0,0,0,1216.179465438058
|||;24268,24268,24268,24268,0,0,0,0,1221.179465438058
|||;24268,24268,24268,24268,0,0,0,0,1226.179465438058
|||;24268,24268,24268,24268,0,0,0,0,1231.179465438058
|||;24268,24268,24268,24268,0,0,0,0,1236.179465438058
|||;24268,24268,24268,24268,0,0,0,0,1241.179465438058
|||;24268,24268,24268,24268,0,0,0,0,1246.179465438058
|||;24268,24268,24268,24268,0,0,0,0,1251.179465438058
|||;24268,24268,24268,24268,0,0,0,0,1256.179465438058
|||;24268,24268,24268,24268,0,0,0,0,1261.179465438058
|||;24268,24268,24268,24268,0,0,0,0,1266.179465438058
|||;24268,24268,24268,24268,0,0,0,0,1271.179465438058
|||;24268,24268,24268,24268,0,0,0,0,1276.179465438058
|||;24268,24268,24268,24268,0,0,0,0,1281.179465438058
|||;24268,24268,24268,24268,0,0,0,0,1286.179465438058
|||;24268,24268,24268,24268,0,0,0,0,1291.179465438058
|||;24268,24268,24268,24268,0,0,0,0,1296.179465438058
|||;24268,24268,24268,24268,0,0,0,0,1301.179465438058
|||;24268,24268,24268,24268,0,0,0,0,1306.179465438058
|||;24268,24268,24268,24268,0,0,0,0,1311.179465438058
|||;24268,24268,24268,24268,0,0,0,0,1316.179465438058
|||;24268,24268,24268,24268,0,0,0,0,1321.179465438058
|||;24268,24268,24268,24268,0,0,0,0,1326.179465438058
|||;24268,24268,24268,24268,0,0,0,0,1331.179465438058
|||;24268,24268,24268,24268,0,0,0,0,1336.179465438058
|||;24268,24268,24268,24268,0,0,0,0,1341.179465438058
|||;24268,24268,24268,24268,0,0,0,0,1346.179465438058
|||;24268,24268,24268,24268,0,0,0,0,1351.179465438058
|||;24268,24268,24268,24268,0,0,0,0,1356.179465438058
|||;24268,24268,24268,24268,0,0,0,0,1361.179465438058
|||;24268,24268,24268,24268,0,0,0,0,1366.179465438058
|||;24268,24268,24268,24268,0,0,0,0,1371.179465438058
|||;24268,24268,24268,24268,0,0,0,0,1376.179465438058
|||;24268,24268,24268,24268,0,0,0,0,1381.179465438058
|||;24268,24268,24268,24268,0,0,0,0,1386.179465438058
|||;24268,24268,24268,24268,0,0,0,0,1391.179465438058
|||;24268,24268,24268,24268,0,0,0,0,1396.179465438058
|||;24268,24268,24268,24268,0,0,0,0,1401.179465438058
|||;24268,24268,24268,24268,0,0,0,0,1406.179465438058
|||;24268,24268,24268,24268,0,0,0,0,1411.179465438058
|||;24268,24268,24268,24268,0,0,0,0,1416.179465438058
|||;24268,24268,24268,24268,0,0,0,0,1421.179465438058
|||;24268,24268,24268,24268,0,0,0,0,1426.179465438058
|||;24268,24268,24268,24268,0,0,0,0,1431.179465438058
|||;24268,24268,24268,24268,0,0,0,0,1436.179465438058
|||;24268,24268,24268,24268,0,0,0,0,1441.179465438058
|||;24268,24268,24268,24268,0,0,0,0,1446.179465438058
|||;24268,24268,24268,24268,0,0,0,0,1451.179465438058
|||;24268,24268,24268,24268,0,0,0,0,1456.179465438058
|||;24268,24268,24268,24268,0,0,0,0,1461.179465438058
|||;24268,24268,24268,24268,0,0,0,0,1466.179465438058
|||;24268,24268,24268,24268,0,0,0,0,1471.179465438058
|||;24268,24268,24268,24268,0,0,0,0,1476.179465438058
|||;24268,24268,24268,24268,0,0,0,0,1481.179465438058
|||;24268,24268,24268,24268,0,0,0,0,1486.179465438058
|||;24268,24268,24268,24268,0,0,0,0,1491.179465438058
|||;24268,24268,24268,24268,0,0,0,0,1496.179465438058
|||;24268,24268,24268,24268,0,0,0,0,1501.179465438058
|||;24268,24268,24268,24268,0,0,0,0,1506.179465438058
|||;24268,24268,24268,24268,0,0,0,0,1511.179465438058
|||;24268,24268,24268,24268,0,0,0,0,1516.179465438058
|||;24268,24268,24268,24268,0,0,0,0,1521.179465438058
|||;24268,24268,24268,24268,0,0,0,0,1526.179465438058
|||;24268,24268,24268,24268,0,0,0,0,1531.179465438058
|||;24268,24268,24268,24268,0,0,0,0,1536.179465438058
|||;24268,24268,24268,24268,0,0,0,0,1541.179465438058
|||;24268,24268,24268,24268,0,0,0,0,1546.179465438058
|||;24268,24268,24268,24268,0,0,0,0,1551.179465438058
|||;24268,24268,24268,24268,0,0,0,0,1556.179465438058
|||;24268,24268,24268,24268,0,0,0,0,1561.179465438058
|||;24268,24268,24268,24268,0,0,0,0,1566.179465438058
|||;24268,24268,24268,24268,0,0,0,0,1571.179465438058
|||;24268,24268,24268,24268,0,0,0,0,1576.179465438058
|||;24268,24268,24268,24268,0,0,0,0,1581.179465438058
|||;24268,24268,24268,24268,0,0,0,0,1586.179465438058
|||;24268,24268,24268,24268,0,0,0,0,1591.179465438058
|||;24268,24268,24268,24268,0,0,0,0,1596.179465438058
|||;24268,24268,24268,24268,0,0,0,0,1601.179465438058
|||;24268,24268,24268,24268,0,0,0,0,1606.179465438058
|||;24268,24268,24268,24268,0,0,0,0,1611.179465438058
|||;24268,24268,24268,24268,0,0,0,0,1616.179465438058
|||;24268,24268,24268,24268,0,0,0,0,1621.179465438058
|||;24268,24268,24268,24268,0,0,0,0,1626.179465438058
|||;24268,24268,24268,24268,0,0,0,0,1631.179465438058
|||;24268,24268,24268,24268,0,0,0,0,1636.179465438058
|||;24268,24268,24268,24268,0,0,0,0,1641.179465438058
|||;24268,24268,24268,24268,0,0,0,0,1646.179465438058
|||;24268,24268,24268,24268,0,0,0,0,1651.179465438058
|||;24268,24268,24268,24268,0,0,0,0,1656.179465438058
|||;24268,24268,24268,24268,0,0,0,0,1661.179465438058
|||;24268,24268,24268,24268,0,0,0,0,1666.179465438058
|||;24268,24268,24268,24268,0,0,0,0,1671.179465438058
|||;24268,24268,24268,24268,0,0,0,0,1676.179465438058
|||;24268,24268,24268,24268,0,0,0,0,1681.179465438058
|||;24268,24268,24268,24268,0,0,0,0,1686.179465438058
|||;24268,24268,24268,24268,0,0,0,0,1691.179465438058
|||;24268,24268,24268,24268,0,0,0,0,1696.179465438058
|||;24268,24268,24268,24268,0,0,0,0,1701.179465438058
|||;24268,24268,24268,24268,0,0,0,0,1706.179465438058
|||;24268,24268,24268,24268,0,0,0,0,1711.179465438058
|||;24268,24268,24268,24268,0,0,0,0,1716.179465438058
|||;24268,24268,24268,24268,0,0,0,0,1721.179465438058
|||;24268,24268,24268,24268,0,0,0,0,1726.179465438058
|||;24268,24268,24268,24268,0,0,0,0,1731.179465438058
|||;24268,24268,24268,24268,0,0,0,0,1736.179465438058
|||;24268,24268,24268,24268,0,0,0,0,1741.179465438058
|||;24268,24268,24268,24268,0,0,0,0,1746.179465438058
|||;24268,24268,24268,24268,0,0,0,0,1751.179465438058
|||;24268,24268,24268,24268,0,0,0,0,1756.179465438058
|||;24268,24268,24268,24268,0,0,0,0,1761.179465438058
|||;24268,24268,24268,24268,0,0,0,0,1766.179465438058
|||;24268,24268,24268,24268,0,0,0,0,1771.179465438058
|||;24268,24268,24268,24268,0,0,0,0,1776.179465438058
|||;24268,24268,24268,24268,0,0,0,0,1781.179465438058
|||;24268,24268,24268,24268,0,0,0,0,1786.179465438058
|||;24268,24268,24268,24268,0,0,0,0,1791.179465438058
|||;24268,24268,24268,24268,0,0,0,0,1796.179465438058
|||;24268,24268,24268,24268,0,0,0,0,1801.179465438058
|||;24268,24268,24268,24268,0,0,0,0,1806.179465438058
|||;24268,24268,24268,24268,0,0,0,0,1811.179465438058
|||;24268,24268,24268,24268,0,0,0,0,1816.179465438058
|||;24268,24268,24268,24268,0,0,0,0,1821.179465438058
|||;24268,24268,24268,24268,0,0,0,0,1826.179465438058
|||;24268,24268,24268,24268,0,0,0,0,1831.179465438058
|||;24268,24268,24268,24268,0,0,0,0,1836.179465438058
|||;24268,24268,24268,24268,0,0,0,0,1841.179465438058
|||;24268,24268,24268,24268,0,0,0,0,1846.179465438058
|||;24268,24268,24268,24268,0,0,0,0,1851.179465438058
|||;24268,24268,24268,24268,0,0,0,0,1856.179465438058
|||;24268,24268,24268,24268,0,0,0,0,1861.179465438058
|||;24268,24268,24268,24268,0,0,0,0,1866.179465438058
|||;24268,24268,24268,24268,0,0,0,0,1871.179465438058
|||;24268,24268,24268,24268,0,0,0,0,1876.179465438058
|||;24268,24268,24268,24268,0,0,0,0,1881.179465438058
|||;24268,24268,24268,24268,0,0,0,0,1886.179465438058
|||;24268,24268,24268,24268,0,0,0,0,1891.179465438058
|||;24268,24268,24268,24268,0,0,0,0,1896.179465438058
|||;24268,24268,24268,24268,0,0,0,0,1901.179465438058
|||;24268,24268,24268,24268,0,0,0,0,1906.179465438058
|||;24268,24268,24268,24268,0,0,0,0,1911.179465438058
|||;24268,24268,24268,24268,0,0,0,0,1916.179465438058
|||;24268,24268,24268,24268,0,0,0,0,1921.179465438058
|||;24268,24268,24268,24268,0,0,0,0,1926.179465438058
|||;24268,24268,24268,24268,0,0,0,0,1931.179465438058
|||;24268,24268,24268,24268,0,0,0,0,1936.179465438058
|||;24268,24268,24268,24268,0,0,0,0,1941.179465438058
|||;24268,24268,24268,24268,0,0,0,0,1946.179465438058
|||;24268,24268,24268,24268,0,0,0,0,1951.179465438058
|||;24268,24268,24268,24268,0,0,0,0,1956.179465438058
|||;24268,24268,24268,24268,0,0,0,0,1961.179465438058
|||;24268,24268,24268,24268,0,0,0,0,1966.179465438058
|||;24268,24268,24268,24268,0,0,0,0,1971.179465438058
|||;24268,24268,24268,24268,0,0,0,0,1976.179465438058
|||;24268,24268,24268,24268,0,0,0,0,1981.179465438058
|||;24268,24268,24268,24268,0,0,0,0,1986.179465438058
|||;24268,24268,24268,24268,0,0,0,0,1991.179465438058
|||;24268,24268,24268,24268,0,0,0,0,1996.179465438058
|||;33075,33075,33075,33075,0,0,0,0,1.179465438058
|||;27340,27340,27340,27340,0,0,0,0,1.179465438058
|||;27340,27340,27340,27340,0,0,0,0,6.179465438058
|||;24678,24678,24678,24678,0,0,0,0,1.179465438058
|||;24678,24678,24678,24678,0,0,0,0,6.179465438058
|||;24678,24678,24678,24678,0,0,0,0,11.179465438058
|||;24678,24678,24678,24678,0,0,0,0,16.179465438058
|||;24678,24678,24678,24678,0,0,0,0,21.179465438058
|||;24678,24678,24678,24678,0,0,0,0,26.179465438058
|||;24678,24678,24678,24678,0,0,0,0,31.179465438058
|||;24678,24678,24678,24678,0,0,0,0,36.179465438058
|||;24678,24678,24678,24678,0,0,0,0,41.179465438058
|||;24678,24678,24678,24678,0,0,0,0,46.179465438058
|||;24678,24678,24678,24678,0,0,0,0,51.179465438058
|||;24678,24678,24678,24678,0,0,0,0,56.179465438058
|||;24473,24473,24473,24473,0,0,0,0,1.179465438058
|||;24473,24473,24473,24473,0,0,0,0,6.179465438058
|||;31232,31232,31232,31232,0,0,0,0,1.179465438058
|||;18534,18534,18534,18534,0,0,0,0,1.179465438058
|||;28364,28364,28364,28364,0,0,0,0,1.179465438058
|||;19558,19558,19558,19558,0,0,0,0,1.179465438058
|||;22630,22630,22630,22630,0,0,0,0,1.179465438058
|||;22630,22630,22630,22630,0,0,0,0,6.179465438058
|||;25702,25702,25702,25702,0,0,0,0,1.179465438058
|||;24473,24473,24473,24473,0,0,0,0,1.179465438058
|||;18534,18534,18534,18534,0,0,0,0,1.179465438058
|||;18534,18534,18534,18534,0,0,0,0,6.179465438058
|||;22630,22630,22630,22630,0,0,0,0,1.179465438058
|||;22630,22630,22630,22630,0,0,0,0,6.179465438058
|||;24064,24064,24064,24064,0,0,0,0,1.179465438058
