|||;33075,33075,33075,33075,0,0,0,0,1.038395177887
|||;33075,33075,33075,33075,0,0,0,0,6.038395177887
|||;33075,33075,33075,33075,0,0,0,0,11.038395177887
|||;33075,33075,33075,33075,0,0,0,0,16.038395177887
|||;33075,33075,33075,33075,0,0,0,0,21.038395177887
|||;33075,33075,33075,33075,0,0,0,0,26.038395177887
|||;33075,33075,33075,33075,0,0,0,0,31.038395177887
|||;33075,33075,33075,33075,0,0,0,0,36.038395177887
|||;33075,33075,33075,33075,0,0,0,0,41.038395177887
|||;33075,33075,33075,33075,0,0,0,0,46.038395177887
|||;33075,33075,33075,33075,0,0,0,0,51.038395177887
|||;33075,33075,33075,33075,0,0,0,0,56.038395177887
|||;33075,33075,33075,33075,0,0,0,0,61.038395177887
|||;33075,33075,33075,33075,0,0,0,0,66.038395177887
|||;33075,33075,33075,33075,0,0,0,0,71.038395177887
|||;33075,33075,33075,33075,0,0,0,0,76.038395177887
|||;33075,33075,33075,33075,0,0,0,0,81.038395177887
|||;33075,33075,33075,33075,0,0,0,0,86.038395177887
|||;33075,33075,33075,33075,0,0,0,0,91.038395177887
|||;33075,33075,33075,33075,0,0,0,0,96.038395177887
|||;33075,33075,33075,33075,0,0,0,0,101.038395177887
|||;33075,33075,33075,33075,0,0,0,0,106.038395177887
|||;33075,33075,33075,33075,0,0,0,0,111.038395177887
|||;33075,33075,33075,33075,0,0,0,0,116.038395177887
|||;33075,33075,33075,33075,0,0,0,0,121.038395177887
|||;33075,33075,33075,33075,0,0,0,0,126.038395177887
|||;33075,33075,33075,33075,0,0,0,0,131.038395177887
|||;33075,33075,33075,33075,0,0,0,0,136.038395177887
|||;33075,33075,33075,33075,0,0,0,0,141.038395177887
|||;33075,33075,33075,33075,0,0,0,0,146.038395177887
|||;33075,33075,33075,33075,0,0,0,0,151.038395177887
|||;33075,33075,33075,33075,0,0,0,0,156.038395177887
|||;33075,33075,33075,33075,0,0,0,0,161.038395177887
|||;33075,33075,33075,33075,0,0,0,0,166.038395177887
|||;33075,33075,33075,33075,0,0,0,0,171.038395177887
|||;33075,33075,33075,33075,0,0,0,0,176.038395177887
|||;33075,33075,33075,33075,0,0,0,0,181.038395177887
|||;33075,33075,33075,33075,0,0,0,0,186.038395177887
|||;33075,33075,33075,33075,0,0,0,0,191.038395177887
|||;33075,33075,33075,33075,0,0,0,0,196.038395177887
|||;33075,33075,33075,33075,0,0,0,0,201.038395177887
|||;33075,33075,33075,33075,0,0,0,0,206.038395177887
|||;33075,33075,33075,33075,0,0,0,0,211.038395177887
|||;33075,33075,33075,33075,0,0,0,0,216.038395177887
|||;33075,33075,33075,33075,0,0,0,0,221.038395177887
|||;33075,33075,33075,33075,0,0,0,0,226.038395177887
|||;33075,33075,33075,33075,0,0,0,0,231.038395177887
|||;33075,33075,33075,33075,0,0,0,0,236.038395177887
|||;33075,33075,33075,33075,0,0,0,0,241.038395177887
|||;33075,33075,33075,33075,0,0,0,0,246.038395177887
|||;33075,33075,33075,33075,0,0,0,0,251.038395177887
|||;33075,33075,33075,33075,0,0,0,0,256.038395177887
|||;33075,33075,33075,33075,0,0,0,0,261.038395177887
|||;33075,33075,33075,33075,0,0,0,0,266.038395177887
|||;33075,33075,33075,33075,0,0,0,0,271.038395177887
|||;33075,33075,33075,33075,0,0,0,0,276.038395177887
|||;33075,33075,33075,33075,0,0,0,0,281.038395177887
|||;33075,33075,33075,33075,0,0,0,0,286.038395177887
|||;33075,33075,33075,33075,0,0,0,0,291.038395177887
|||;33075,33075,33075,33075,0,0,0,0,296.038395177887
|||;33075,33075,33075,33075,0,0,0,0,301.038395177887
|||;33075,33075,33075,33075,0,0,0,0,306.038395177887
|||;33075,33075,33075,33075,0,0,0,0,311.038395177887
|||;33075,33075,33075,33075,0,0,0,0,316.038395177887
|||;33075,33075,33075,33075,0,0,0,0,321.038395177887
|||;33075,33075,33075,33075,0,0,0,0,326.038395177887
|||;33075,33075,33075,33075,0,0,0,0,331.038395177887
|||;33075,33075,33075,33075,0,0,0,0,336.038395177887
|||;33075,33075,33075,33075,0,0,0,0,341.038395177887
|||;33075,33075,33075,33075,0,0,0,0,346.038395177887
|||;33075,33075,33075,33075,0,0,0,0,351.038395177887
|||;33075,33075,33075,33075,0,0,0,0,356.038395177887
|||;33075,33075,33075,33075,0,0,0,0,361.038395177887
|||;33075,33075,33075,33075,0,0,0,0,366.038395177887
|||;33075,33075,33075,33075,0,0,0,0,371.038395177887
|||;33075,33075,33075,33075,0,0,0,0,376.038395177887
|||;33075,33075,33075,33075,0,0,0,0,381.038395177887
|||;33075,33075,33075,33075,0,0,0,0,386.038395177887
|||;33075,33075,33075,33075,0,0,0,0,391.038395177887
|||;33075,33075,33075,33075,0,0,0,0,396.038395177887
|||;33075,33075,33075,33075,0,0,0,0,401.038395177887
|||;33075,33075,33075,33075,0,0,0,0,406.038395177887
|||;33075,33075,33075,33075,0,0,0,0,411.038395177887
|||;33075,33075,33075,33075,0,0,0,0,416.038395177887
|||;33075,33075,33075,33075,0,0,0,0,421.038395177887
|||;33075,33075,33075,33075,0,0,0,0,426.038395177887
|||;33075,33075,33075,33075,0,0,0,0,431.038395177887
|||;33075,33075,33075,33075,0,0,0,0,436.038395177887
|||;33075,33075,33075,33075,0,0,0,0,441.038395177887
|||;33075,33075,33075,33075,0,0,0,0,446.038395177887
|||;33075,33075,33075,33075,0,0,0,0,451.038395177887
|||;33075,33075,33075,33075,0,0,0,0,456.038395177887
|||;33075,33075,33075,33075,0,0,0,0,461.038395177887
|||;33075,33075,33075,33075,0,0,0,0,466.038395177887
|||;33075,33075,33075,33075,0,0,0,0,471.038395177887
|||;33075,33075,33075,33075,0,0,0,0,476.038395177887
|||;33075,33075,33075,33075,0,0,0,0,481.038395177887
|||;33075,33075,33075,33075,0,0,0,0,486.038395177887
|||;33075,33075,33075,33075,0,0,0,0,491.038395177887
|||;33075,33075,33075,33075,0,0,0,0,496.038395177887
|||;33075,33075,33075,33075,0,0,0,0,501.038395177887
|||;33075,33075,33075,33075,0,0,0,0,506.038395177887
|||;33075,33075,33075,33075,0,0,0,0,511.038395177887
|||;33075,33075,33075,33075,0,0,0,0,516.038395177887
|||;33075,33075,33075,33075,0,0,0,0,521.038395177887
|||;33075,33075,33075,33075,0,0,0,0,526.038395177887
|||;33075,33075,33075,33075,0,0,0,0,531.038395177887
|||;33075,33075,33075,33075,0,0,0,0,536.038395177887
|||;33075,33075,33075,33075,0,0,0,0,541.038395177887
|||;33075,33075,33075,33075,0,0,0,0,546.038395177887
|||;33075,33075,33075,33075,0,0,0,0,551.038395177887
|||;33075,33075,33075,33075,0,0,0,0,556.038395177887
|||;33075,33075,33075,33075,0,0,0,0,561.038395177887
|||;33075,33075,33075,33075,0,0,0,0,566.038395177887
|||;33075,33075,33075,33075,0,0,0,0,571.038395177887
|||;33075,33075,33075,33075,0,0,0,0,576.038395177887
|||;33075,33075,33075,33075,0,0,0,0,581.038395177887
|||;33075,33075,33075,33075,0,0,0,0,586.038395177887
|||;33075,33075,33075,33075,0,0,0,0,591.038395177887
|||;33075,33075,33075,33075,0,0,0,0,596.038395177887
|||;33075,33075,33075,33075,0,0,0,0,601.038395177887
|||;33075,33075,33075,33075,0,0,0,0,606.038395177887
|||;33075,33075,33075,33075,0,0,0,0,611.038395177887
|||;33075,33075,33075,33075,0,0,0,0,616.038395177887
|||;33075,33075,33075,33075,0,0,0,0,621.038395177887
|||;33075,33075,33075,33075,0,0,0,0,626.038395177887
|||;33075,33075,33075,33075,0,0,0,0,631.038395177887
|||;33075,33075,33075,33075,0,0,0,0,636.038395177887
|||;33075,33075,33075,33075,0,0,0,0,641.038395177887
|||;33075,33075,33075,33075,0,0,0,0,646.038395177887
|||;33075,33075,33075,33075,0,0,0,0,651.038395177887
|||;33075,33075,33075,33075,0,0,0,0,656.038395177887
|||;33075,33075,33075,33075,0,0,0,0,661.038395177887
|||;33075,33075,33075,33075,0,0,0,0,666.038395177887
|||;33075,33075,33075,33075,0,0,0,0,671.038395177887
|||;33075,33075,33075,33075,0,0,0,0,676.038395177887
|||;33075,33075,33075,33075,0,0,0,0,681.038395177887
|||;33075,33075,33075,33075,0,0,0,0,686.038395177887
|||;33075,33075,33075,33075,0,0,0,0,691.038395177887
|||;33075,33075,33075,33075,0,0,0,0,696.038395177887
|||;33075,33075,33075,33075,0,0,0,0,701.038395177887
|||;33075,33075,33075,33075,0,0,0,0,706.038395177887
|||;33075,33075,33075,33075,0,0,0,0,711.038395177887
|||;33075,33075,33075,33075,0,0,0,0,716.038395177887
|||;33075,33075,33075,33075,0,0,0,0,721.038395177887
|||;33075,33075,33075,33075,0,0,0,0,726.038395177887
|||;33075,33075,33075,33075,0,0,0,0,731.038395177887
|||;33075,33075,33075,33075,0,0,0,0,736.038395177887
|||;33075,33075,33075,33075,0,0,0,0,741.038395177887
|||;33075,33075,33075,33075,0,0,0,0,746.038395177887
|||;33075,33075,33075,33075,0,0,0,0,751.038395177887
|||;33075,33075,33075,33075,0,0,0,0,756.038395177887
|||;33075,33075,33075,33075,0,0,0,0,761.038395177887
|||;33075,33075,33075,33075,0,0,0,0,766.038395177887
|||;33075,33075,33075,33075,0,0,0,0,771.038395177887
|||;33075,33075,33075,33075,0,0,0,0,776.038395177887
|||;33075,33075,33075,33075,0,0,0,0,781.038395177887
|||;33075,33075,33075,33075,0,0,0,0,786.038395177887
|||;33075,33075,33075,33075,0,0,0,0,791.038395177887
|||;33075,33075,33075,33075,0,0,0,0,796.038395177887
|||;33075,33075,33075,33075,0,0,0,0,801.038395177887
|||;33075,33075,33075,33075,0,0,0,0,806.038395177887
|||;33075,33075,33075,33075,0,0,0,0,811.038395177887
|||;33075,33075,33075,33075,0,0,0,0,816.038395177887
|||;33075,33075,33075,33075,0,0,0,0,821.038395177887
|||;33075,33075,33075,33075,0,0,0,0,826.038395177887
|||;33075,33075,33075,33075,0,0,0,0,831.038395177887
|||;33075,33075,33075,33075,0,0,0,0,836.038395177887
|||;33075,33075,33075,33075,0,0,0,0,841.038395177887
|||;33075,33075,33075,33075,0,0,0,0,846.038395177887
|||;33075,33075,33075,33075,0,0,0,0,851.038395177887
|||;33075,33075,33075,33075,0,0,0,0,856.038395177887
|||;33075,33075,33075,33075,0,0,0,0,861.038395177887
|||;33075,33075,33075,33075,0,0,0,0,866.038395177887
|||;33075,33075,33075,33075,0,0,0,0,871.038395177887
|||;33075,33075,33075,33075,0,0,0,0,876.038395177887
|||;33075,33075,33075,33075,0,0,0,0,881.038395177887
|||;33075,33075,33075,33075,0,0,0,0,886.038395177887
|||;33075,33075,33075,33075,0,0,0,0,891.038395177887
|||;33075,33075,33075,33075,0,0,0,0,896.038395177887
|||;33075,33075,33075,33075,0,0,0,0,901.038395177887
|||;33075,33075,33075,33075,0,0,0,0,906.038395177887
|||;33075,33075,33075,33075,0,0,0,0,911.038395177887
|||;33075,33075,33075,33075,0,0,0,0,916.038395177887
|||;33075,33075,33075,33075,0,0,0,0,921.038395177887
|||;33075,33075,33075,33075,0,0,0,0,926.038395177887
|||;33075,33075,33075,33075,0,0,0,0,931.038395177887
|||;33075,33075,33075,33075,0,0,0,0,936.038395177887
|||;33075,33075,33075,33075,0,0,0,0,941.038395177887
|||;33075,33075,33075,33075,0,0,0,0,946.038395177887
|||;33075,33075,33075,33075,0,0,0,0,951.038395177887
|||;33075,33075,33075,33075,0,0,0,0,956.038395177887
|||;33075,33075,33075,33075,0,0,0,0,961.038395177887
|||;33075,33075,33075,33075,0,0,0,0,966.038395177887
|||;33075,33075,33075,33075,0,0,0,0,971.038395177887
|||;33075,33075,33075,33075,0,0,0,0,976.038395177887
|||;33075,33075,33075,33075,0,0,0,0,981.038395177887
|||;33075,33075,33075,33075,0,0,0,0,986.038395177887
|||;33075,33075,33075,33075,0,0,0,0,991.038395177887
|||;33075,33075,33075,33075,0,0,0,0,996.038395177887
|||;33075,33075,33075,33075,0,0,0,0,1001.038395177887
|||;33075,33075,33075,33075,0,0,0,0,1006.038395177887
|||;33075,33075,33075,33075,0,0,0,0,1011.038395177887
|||;33075,33075,33075,33075,0,0,0,0,1016.038395177887
|||;33075,33075,33075,33075,0,0,0,0,1021.038395177887
|||;33075,33075,33075,33075,0,0,0,0,1026.038395177887
|||;33075,33075,33075,33075,0,0,0,0,1031.038395177887
|||;33075,33075,33075,33075,0,0,0,0,1036.038395177887
|||;33075,33075,33075,33075,0,0,0,0,1041.038395177887
|||;33075,33075,33075,33075,0,0,0,0,1046.038395177887
|||;33075,33075,33075,33075,0,0,0,0,1051.038395177887
|||;33075,33075,33075,33075,0,0,0,0,1056.038395177887
|||;33075,33075,33075,33075,0,0,0,0,1061.038395177887
|||;33075,33075,33075,33075,0,0,0,0,1066.038395177887
|||;33075,33075,33075,33075,0,0,0,0,1071.038395177887
|||;33075,33075,33075,33075,0,0,0,0,1076.038395177887
|||;33075,33075,33075,33075,0,0,0,0,1081.038395177887
|||;33075,33075,33075,33075,0,0,0,0,1086.038395177887
|||;33075,33075,33075,33075,0,0,0,0,1091.038395177887
|||;33075,33075,33075,33075,0,0,0,0,1096.038395177887
|||;33075,33075,33075,33075,0,0,0,0,1101.038395177887
|||;33075,33075,33075,33075,0,0,0,0,1106.038395177887
|||;33075,33075,33075,33075,0,0,0,0,1111.038395177887
|||;33075,33075,33075,33075,0,0,0,0,1116.038395177887
|||;33075,33075,33075,33075,0,0,0,0,1121.038395177887
|||;33075,33075,33075,33075,0,0,0,0,1126.038395177887
|||;33075,33075,33075,33075,0,0,0,0,1131.038395177887
|||;33075,33075,33075,33075,0,0,0,0,1136.038395177887
|||;33075,33075,33075,33075,0,0,0,0,1141.038395177887
|||;33075,33075,33075,33075,0,0,0,0,1146.038395177887
|||;33075,33075,33075,33075,0,0,0,0,1151.038395177887
|||;33075,33075,33075,33075,0,0,0,0,1156.038395177887
|||;33075,33075,33075,33075,0,0,0,0,1161.038395177887
|||;33075,33075,33075,33075,0,0,0,0,1166.038395177887
|||;33075,33075,33075,33075,0,0,0,0,1171.038395177887
|||;33075,33075,33075,33075,0,0,0,0,1176.038395177887
|||;33075,33075,33075,33075,0,0,0,0,1181.038395177887
|||;33075,33075,33075,33075,0,0,0,0,1186.038395177887
|||;33075,33075,33075,33075,0,0,0,0,1191.038395177887
|||;33075,33075,33075,33075,0,0,0,0,1196.038395177887
|||;33075,33075,33075,33075,0,0,0,0,1201.038395177887
|||;33075,33075,33075,33075,0,0,0,0,1206.038395177887
|||;33075,33075,33075,33075,0,0,0,0,1211.038395177887
|||;33075,33075,33075,33075,0,0,0,0,1216.038395177887
|||;33075,33075,33075,33075,0,0,0,0,1221.038395177887
|||;33075,33075,33075,33075,0,0,0,0,1226.038395177887
|||;33075,33075,33075,33075,0,0,0,0,1231.038395177887
|||;33075,33075,33075,33075,0,0,0,0,1236.038395177887
|||;33075,33075,33075,33075,0,0,0,0,1241.038395177887
|||;33075,33075,33075,33075,0,0,0,0,1246.038395177887
|||;33075,33075,33075,33075,0,0,0,0,1251.038395177887
|||;33075,33075,33075,33075,0,0,0,0,1256.038395177887
|||;33075,33075,33075,33075,0,0,0,0,1261.038395177887
|||;33075,33075,33075,33075,0,0,0,0,1266.038395177887
|||;33075,33075,33075,33075,0,0,0,0,1271.038395177887
|||;33075,33075,33075,33075,0,0,0,0,1276.038395177887
|||;33075,33075,33075,33075,0,0,0,0,1281.038395177887
|||;33075,33075,33075,33075,0,0,0,0,1286.038395177887
|||;33075,33075,33075,33075,0,0,0,0,1291.038395177887
|||;33075,33075,33075,33075,0,0,0,0,1296.038395177887
|||;33075,33075,33075,33075,0,0,0,0,1301.038395177887
|||;33075,33075,33075,33075,0,0,0,0,1306.038395177887
|||;33075,33075,33075,33075,0,0,0,0,1311.038395177887
|||;33075,33075,33075,33075,0,0,0,0,1316.038395177887
|||;33075,33075,33075,33075,0,0,0,0,1321.038395177887
|||;33075,33075,33075,33075,0,0,0,0,1326.038395177887
|||;33075,33075,33075,33075,0,0,0,0,1331.038395177887
|||;33075,33075,33075,33075,0,0,0,0,1336.038395177887
|||;33075,33075,33075,33075,0,0,0,0,1341.038395177887
|||;33075,33075,33075,33075,0,0,0,0,1346.038395177887
|||;33075,33075,33075,33075,0,0,0,0,1351.038395177887
|||;33075,33075,33075,33075,0,0,0,0,1356.038395177887
|||;33075,33075,33075,33075,0,0,0,0,1361.038395177887
|||;33075,33075,33075,33075,0,0,0,0,1366.038395177887
|||;33075,33075,33075,33075,0,0,0,0,1371.038395177887
|||;33075,33075,33075,33075,0,0,0,0,1376.038395177887
|||;33075,33075,33075,33075,0,0,0,0,1381.038395177887
|||;33075,33075,33075,33075,0,0,0,0,1386.038395177887
|||;33075,33075,33075,33075,0,0,0,0,1391.038395177887
|||;33075,33075,33075,33075,0,0,0,0,1396.038395177887
|||;33075,33075,33075,33075,0,0,0,0,1401.038395177887
|||;33075,33075,33075,33075,0,0,0,0,1406.038395177887
|||;33075,33075,33075,33075,0,0,0,0,1411.038395177887
|||;33075,33075,33075,33075,0,0,0,0,1416.038395177887
|||;33075,33075,33075,33075,0,0,0,0,1421.038395177887
|||;33075,33075,33075,33075,0,0,0,0,1426.038395177887
|||;33075,33075,33075,33075,0,0,0,0,1431.038395177887
|||;33075,33075,33075,33075,0,0,0,0,1436.038395177887
|||;33075,33075,33075,33075,0,0,0,0,1441.038395177887
|||;33075,33075,33075,33075,0,0,0,0,1446.038395177887
|||;33075,33075,33075,33075,0,0,0,0,1451.038395177887
|||;33075,33075,33075,33075,0,0,0,0,1456.038395177887
|||;33075,33075,33075,33075,0,0,0,0,1461.038395177887
|||;33075,33075,33075,33075,0,0,0,0,1466.038395177887
|||;33075,33075,33075,33075,0,0,0,0,1471.038395177887
|||;33075,33075,33075,33075,0,0,0,0,1476.038395177887
|||;33075,33075,33075,33075,0,0,0,0,1481.038395177887
|||;33075,33075,33075,33075,0,0,0,0,1486.038395177887
|||;33075,33075,33075,33075,0,0,0,0,1491.038395177887
|||;33075,33075,33075,33075,0,0,0,0,1496.038395177887
|||;33075,33075,33075,33075,0,0,0,0,1501.038395177887
|||;33075,33075,33075,33075,0,0,0,0,1506.038395177887
|||;33075,33075,33075,33075,0,0,0,0,1511.038395177887
|||;33075,33075,33075,33075,0,0,0,0,1516.038395177887
|||;33075,33075,33075,33075,0,0,0,0,1521.038395177887
|||;33075,33075,33075,33075,0,0,0,0,1526.038395177887
|||;33075,33075,33075,33075,0,0,0,0,1531.038395177887
|||;33075,33075,33075,33075,0,0,0,0,1536.038395177887
|||;33075,33075,33075,33075,0,0,0,0,1541.038395177887
|||;33075,33075,33075,33075,0,0,0,0,1546.038395177887
|||;33075,33075,33075,33075,0,0,0,0,1551.038395177887
|||;33075,33075,33075,33075,0,0,0,0,1556.038395177887
|||;33075,33075,33075,33075,0,0,0,0,1561.038395177887
|||;33075,33075,33075,33075,0,0,0,0,1566.038395177887
|||;33075,33075,33075,33075,0,0,0,0,1571.038395177887
|||;33075,33075,33075,33075,0,0,0,0,1576.038395177887
|||;33075,33075,33075,33075,0,0,0,0,1581.038395177887
|||;33075,33075,33075,33075,0,0,0,0,1586.038395177887
|||;33075,33075,33075,33075,0,0,0,0,1591.038395177887
|||;33075,33075,33075,33075,0,0,0,0,1596.038395177887
|||;33075,33075,33075,33075,0,0,0,0,1601.038395177887
|||;33075,33075,33075,33075,0,0,0,0,1606.038395177887
|||;33075,33075,33075,33075,0,0,0,0,1611.038395177887
|||;33075,33075,33075,33075,0,0,0,0,1616.038395177887
|||;33075,33075,33075,33075,0,0,0,0,1621.038395177887
|||;33075,33075,33075,33075,0,0,0,0,1626.038395177887
|||;33075,33075,33075,33075,0,0,0,0,1631.038395177887
|||;33075,33075,33075,33075,0,0,0,0,1636.038395177887
|||;33075,33075,33075,33075,0,0,0,0,1641.038395177887
|||;33075,33075,33075,33075,0,0,0,0,1646.038395177887
|||;33075,33075,33075,33075,0,0,0,0,1651.038395177887
|||;33075,33075,33075,33075,0,0,0,0,1656.038395177887
|||;33075,33075,33075,33075,0,0,0,0,1661.038395177887
|||;33075,33075,33075,33075,0,0,0,0,1666.038395177887
|||;33075,33075,33075,33075,0,0,0,0,1671.038395177887
|||;33075,33075,33075,33075,0,0,0,0,1676.038395177887
|||;33075,33075,33075,33075,0,0,0,0,1681.038395177887
|||;33075,33075,33075,33075,0,0,0,0,1686.038395177887
|||;33075,33075,33075,33075,0,0,0,0,1691.038395177887
|||;33075,33075,33075,33075,0,0,0,0,1696.038395177887
|||;33075,33075,33075,33075,0,0,0,0,1701.038395177887
|||;33075,33075,33075,33075,0,0,0,0,1706.038395177887
|||;33075,33075,33075,33075,0,0,0,0,1711.038395177887
|||;33075,33075,33075,33075,0,0,0,0,1716.038395177887
|||;33075,33075,33075,33075,0,0,0,0,1721.038395177887
|||;33075,33075,33075,33075,0,0,0,0,1726.038395177887
|||;33075,33075,33075,33075,0,0,0,0,1731.038395177887
|||;33075,33075,33075,33075,0,0,0,0,1736.038395177887
|||;33075,33075,33075,33075,0,0,0,0,1741.038395177887
|||;33075,33075,33075,33075,0,0,0,0,1746.038395177887
|||;33075,33075,33075,33075,0,0,0,0,1751.038395177887
|||;33075,33075,33075,33075,0,0,0,0,1756.038395177887
|||;33075,33075,33075,33075,0,0,0,0,1761.038395177887
|||;33075,33075,33075,33075,0,0,0,0,1766.038395177887
|||;33075,33075,33075,33075,0,0,0,0,1771.038395177887
|||;33075,33075,33075,33075,0,0,0,0,1776.038395177887
|||;33075,33075,33075,33075,0,0,0,0,1781.038395177887
|||;33075,33075,33075,33075,0,0,0,0,1786.038395177887
|||;33075,33075,33075,33075,0,0,0,0,1791.038395177887
|||;33075,33075,33075,33075,0,0,0,0,1796.038395177887
|||;33075,33075,33075,33075,0,0,0,0,1801.038395177887
|||;33075,33075,33075,33075,0,0,0,0,1806.038395177887
|||;33075,33075,33075,33075,0,0,0,0,1811.038395177887
|||;33075,33075,33075,33075,0,0,0,0,1816.038395177887
|||;33075,33075,33075,33075,0,0,0,0,1821.038395177887
|||;33075,33075,33075,33075,0,0,0,0,1826.038395177887
|||;33075,33075,33075,33075,0,0,0,0,1831.038395177887
|||;33075,33075,33075,33075,0,0,0,0,1836.038395177887
|||;33075,33075,33075,33075,0,0,0,0,1841.038395177887
|||;33075,33075,33075,33075,0,0,0,0,1846.038395177887
|||;33075,33075,33075,33075,0,0,0,0,1851.038395177887
|||;33075,33075,33075,33075,0,0,0,0,1856.038395177887
|||;33075,33075,33075,33075,0,0,0,0,1861.038395177887
|||;33075,33075,33075,33075,0,0,0,0,1866.038395177887
|||;33075,33075,33075,33075,0,0,0,0,1871.038395177887
|||;33075,33075,33075,33075,0,0,0,0,1876.038395177887
|||;33075,33075,33075,33075,0,0,0,0,1881.038395177887
|||;33075,33075,33075,33075,0,0,0,0,1886.038395177887
|||;33075,33075,33075,33075,0,0,0,0,1891.038395177887
|||;33075,33075,33075,33075,0,0,0,0,1896.038395177887
|||;33075,33075,33075,33075,0,0,0,0,1901.038395177887
|||;33075,33075,33075,33075,0,0,0,0,1906.038395177887
|||;33075,33075,33075,33075,0,0,0,0,1911.038395177887
|||;33075,33075,33075,33075,0,0,0,0,1916.038395177887
|||;33075,33075,33075,33075,0,0,0,0,1921.038395177887
|||;33075,33075,33075,33075,0,0,0,0,1926.038395177887
|||;33075,33075,33075,33075,0,0,0,0,1931.038395177887
|||;33075,33075,33075,33075,0,0,0,0,1936.038395177887
|||;33075,33075,33075,33075,0,0,0,0,1941.038395177887
|||;33075,33075,33075,33075,0,0,0,0,1946.038395177887
|||;33075,33075,33075,33075,0,0,0,0,1951.038395177887
|||;33075,33075,33075,33075,0,0,0,0,1956.038395177887
|||;33075,33075,33075,33075,0,0,0,0,1961.038395177887
|||;33075,33075,33075,33075,0,0,0,0,1966.038395177887
|||;33075,33075,33075,33075,0,0,0,0,1971.038395177887
|||;33075,33075,33075,33075,0,0,0,0,1976.038395177887
|||;33075,33075,33075,33075,0,0,0,0,1981.038395177887
|||;33075,33075,33075,33075,0,0,0,0,1986.038395177887
|||;33075,33075,33075,33075,0,0,0,0,1991.038395177887
|||;33075,33075,33075,33075,0,0,0,0,1996.038395177887
