|||;32256,32256,32256,32256,0,0,0,0,1.029043108448
917yodsq(2),890ialse(0),|917yodsq(2),|917yodsq(2),|917yodsq(2),;23490.6,31191,30658.6,31191,53.335135315783,4.3958349711,7.303885744433,4.3958349711,6.029043108448
917yodsq(2),890ialse(1),||917yodsq(2),|;23490.6,32256,30658.6,32256,48.335135315783,0,2.303885744433,0,11.029043108448
890ialse(2),|587yuolg(0),202rbnqi(1),|587yuolg(0),202rbnqi(1),|587yuolg(0),202rbnqi(1),;25088,27607,27463.7,27463.6,43.335135315783,30.264037743841,32.298319343389,31.046974490508,16.029043108448
890ialse(2),|587yuolg(2),202rbnqi(1),|587yuolg(2),202rbnqi(1),|587yuolg(2),202rbnqi(1),;25088,27607,27463.7,27463.6,38.335135315783,25.264037743841,27.298319343389,26.046974490508,21.029043108448
890ialse(2),|587yuolg(2),202rbnqi(1),|587yuolg(2),202rbnqi(1),|587yuolg(2),202rbnqi(1),;25088,27607,27463.7,27463.6,33.335135315783,20.264037743841,22.298319343389,21.046974490508,26.029043108448
890ialse(2),555lhtib(0),|587yuolg(2),202rbnqi(1),555lhtib(0),|587yuolg(2),202rbnqi(1),555lhtib(0),|587yuolg(2),202rbnqi(1),555lhtib(0),;20111.4,25948.1,26634.3,26634.2,63.398287613232,31.77579676129,29.172230040838,27.920885187957,31.029043108448
890ialse(2),555lhtib(0),|587yuolg(2),202rbnqi(1),555lhtib(0),|202rbnqi(2),555lhtib(0),|202rbnqi(2),555lhtib(0),;20111.4,25948.1,29337.7,29337.6,58.398287613232,26.77579676129,24.172230040838,22.920885187957,36.029043108448
890ialse(2),555lhtib(1),|202rbnqi(2),555lhtib(1),|202rbnqi(2),555lhtib(1),|202rbnqi(2),555lhtib(1),;20111.4,29552.6,29337.7,29337.6,53.398287613232,21.77579676129,19.172230040838,17.920885187957,41.029043108448
890ialse(2),555lhtib(1),|202rbnqi(3),555lhtib(2),|202rbnqi(3),555lhtib(2),|202rbnqi(3),555lhtib(2),;20111.4,29552.6,29337.7,29337.6,48.398287613232,16.77579676129,14.172230040838,12.920885187957,46.029043108448
890ialse(2),555lhtib(1),|202rbnqi(3),555lhtib(2),|202rbnqi(3),555lhtib(3),|202rbnqi(3),555lhtib(3),;20111.4,29552.6,29337.7,29337.6,43.398287613232,11.77579676129,9.172230040838,7.920885187957,51.029043108448
555lhtib(2),|202rbnqi(3),555lhtib(3),31oicav(0),|202rbnqi(3),555lhtib(3),31oicav(0),|202rbnqi(3),555lhtib(3),31oicav(0),;27279.4,26895.3,26680.4,25794.6,38.398287613232,28.524717857344,25.921151136892,29.622570230677,56.029043108448
555lhtib(2),|202rbnqi(3),31oicav(2),|202rbnqi(3),31oicav(2),|202rbnqi(3),31oicav(2),;27279.4,28554.2,27509.8,26624,33.398287613232,23.524717857344,20.921151136892,24.622570230677,61.029043108448
555lhtib(2),|202rbnqi(3),31oicav(2),|202rbnqi(3),31oicav(2),|202rbnqi(3),31oicav(2),;27279.4,28554.2,27509.8,26624,28.398287613232,18.524717857344,15.921151136892,19.622570230677,66.029043108448
555lhtib(2),|202rbnqi(3),31oicav(2),|202rbnqi(3),31oicav(2),|202rbnqi(3),31oicav(2),;27279.4,28554.2,27509.8,26624,23.398287613232,13.524717857344,10.921151136892,14.622570230677,71.029043108448
555lhtib(2),|202rbnqi(3),31oicav(3),|202rbnqi(3),31oicav(3),|202rbnqi(3),31oicav(2),;27279.4,28554.2,27509.8,26624,18.398287613232,8.524717857344,5.921151136892,9.622570230677,76.029043108448
|202rbnqi(3),31oicav(3),|202rbnqi(3),31oicav(3),|202rbnqi(3),31oicav(3),;32256,28554.2,27509.8,26624,13.398287613232,3.524717857344,0.921151136892,4.622570230677,81.029043108448
|202rbnqi(3),31oicav(3),|202rbnqi(3),31oicav(3),|202rbnqi(3),31oicav(3),;32256,28554.2,27509.8,26624,8.398287613232,0,0,0,86.029043108448
|202rbnqi(3),31oicav(3),|202rbnqi(3),31oicav(3),|202rbnqi(3),31oicav(3),;32256,28554.2,27509.8,26624,3.398287613232,0,0,0,91.029043108448
|202rbnqi(3),31oicav(3),|202rbnqi(3),31oicav(3),|202rbnqi(3),31oicav(3),;32256,28554.2,27509.8,26624,0,0,0,0,96.029043108448
|202rbnqi(3),31oicav(3),|202rbnqi(3),31oicav(3),|202rbnqi(3),31oicav(3),;32256,28554.2,27509.8,26624,0,0,0,0,101.029043108448
|202rbnqi(3),31oicav(3),|202rbnqi(3),31oicav(3),|202rbnqi(3),31oicav(3),;32256,28554.2,27509.8,26624,0,0,0,0,106.029043108448
|31oicav(3),|31oicav(3),|31oicav(3),;32256,29598.7,29598.8,28713,0,0,0,0,111.029043108448
|31oicav(3),|31oicav(3),|31oicav(3),;32256,29598.7,29598.8,28713,0,0,0,0,116.029043108448
|31oicav(3),|31oicav(3),|31oicav(3),;32256,29598.7,29598.8,28713,0,0,0,0,121.029043108448
|31oicav(3),|31oicav(3),|31oicav(3),;32256,29598.7,29598.8,28713,0,0,0,0,126.029043108448
|31oicav(3),|31oicav(3),|31oicav(3),;32256,29598.7,29598.8,28713,0,0,0,0,131.029043108448
|31oicav(3),|31oicav(3),|31oicav(3),;32256,29598.7,29598.8,28713,0,0,0,0,136.029043108448
|||;32256,32256,32256.1,32256,0,0,0,0,141.029043108448
|||;32256,32256,32256.1,32256,0,0,0,0,146.029043108448
|||;32256,32256,32256.1,32256,0,0,0,0,151.029043108448
|||;32256,32256,32256.1,32256,0,0,0,0,156.029043108448
|||;32256,32256,32256.1,32256,0,0,0,0,161.029043108448
604mepyt(2),|604mepyt(2),|604mepyt(2),|604mepyt(2),;29552.6,29552.6,30453.9,30453.8,10.155987116837,10.155987116837,5.11733709017,5.11733709017,166.029043108448
604mepyt(2),|604mepyt(2),||;29552.6,29552.6,32256.1,32256,5.155987116837,5.155987116837,0.11733709017,0.11733709017,171.029043108448
|||;32256,32256,32256.1,32256,0.155987116837,0.155987116837,0,0,176.029043108448
|||;32256,32256,32256.1,32256,0,0,0,0,181.029043108448
|||;32256,32256,32256.1,32256,0,0,0,0,186.029043108448
|||;32256,32256,32256.1,32256,0,0,0,0,191.029043108448
|||;32256,32256,32256.1,32256,0,0,0,0,196.029043108448
|||;32256,32256,32256.1,32256,0,0,0,0,201.029043108448
|||;32256,32256,32256.1,32256,0,0,0,0,206.029043108448
|||;32256,32256,32256.1,32256,0,0,0,0,211.029043108448
36kjoer(2),|||;24514.6,32256,32256.1,32256,38.155391349203,0,0,0,216.029043108448
36kjoer(2),|||;24514.6,32256,32256.1,32256,33.155391349203,0,0,0,221.029043108448
36kjoer(2),|||;24514.6,32256,32256.1,32256,28.155391349203,0,0,0,226.029043108448
36kjoer(2),|||;24514.6,32256,32256.1,32256,23.155391349203,0,0,0,231.029043108448
36kjoer(2),|||;24514.6,32256,32256.1,32256,18.155391349203,0,0,0,236.029043108448
36kjoer(2),|||;24514.6,32256,32256.1,32256,13.155391349203,0,0,0,241.029043108448
36kjoer(2),866kfenb(1),|||;20070.4,32256,32256.1,32256,37.229502077931,0,0,0,246.029043108448
36kjoer(2),866kfenb(1),|||;20070.4,32256,32256.1,32256,32.229502077931,0,0,0,251.029043108448
866kfenb(2),|||;27811.8,32256,32256.1,32256,27.229502077931,0,0,0,256.029043108448
866kfenb(2),|||;27811.8,32256,32256.1,32256,22.229502077931,0,0,0,261.029043108448
866kfenb(2),|||;27811.8,32256,32256.1,32256,17.229502077931,0,0,0,266.029043108448
866kfenb(2),|||;27811.8,32256,32256.1,32256,12.229502077931,0,0,0,271.029043108448
866kfenb(2),|||;27811.8,32256,32256.1,32256,7.229502077931,0,0,0,276.029043108448
|||;32256,32256,32256.1,32256,2.229502077931,0,0,0,281.029043108448
|||;32256,32256,32256.1,32256,0,0,0,0,286.029043108448
|||;32256,32256,32256.1,32256,0,0,0,0,291.029043108448
|||;32256,32256,32256.1,32256,0,0,0,0,296.029043108448
|||;32256,32256,32256.1,32256,0,0,0,0,301.029043108448
|||;32256,32256,32256.1,32256,0,0,0,0,306.029043108448
|||;32256,32256,32256.1,32256,0,0,0,0,311.029043108448
|||;32256,32256,32256.1,32256,0,0,0,0,316.029043108448
|||;32256,32256,32256.1,32256,0,0,0,0,321.029043108448
|||;32256,32256,32256.1,32256,0,0,0,0,326.029043108448
|||;32256,32256,32256.1,32256,0,0,0,0,331.029043108448
|||;32256,32256,32256.1,32256,0,0,0,0,336.029043108448
|||;32256,32256,32256.1,32256,0,0,0,0,341.029043108448
|||;32256,32256,32256.1,32256,0,0,0,0,346.029043108448
|||;32256,32256,32256.1,32256,0,0,0,0,351.029043108448
|||;32256,32256,32256.1,32256,0,0,0,0,356.029043108448
|||;32256,32256,32256.1,32256,0,0,0,0,361.029043108448
|||;32256,32256,32256.1,32256,0,0,0,0,366.029043108448
|||;32256,32256,32256.1,32256,0,0,0,0,371.029043108448
|||;32256,32256,32256.1,32256,0,0,0,0,376.029043108448
|||;32256,32256,32256.1,32256,0,0,0,0,381.029043108448
|||;32256,32256,32256.1,32256,0,0,0,0,386.029043108448
|||;32256,32256,32256.1,32256,0,0,0,0,391.029043108448
|||;32256,32256,32256.1,32256,0,0,0,0,396.029043108448
|||;32256,32256,32256.1,32256,0,0,0,0,401.029043108448
|||;32256,32256,32256.1,32256,0,0,0,0,406.029043108448
|||;32256,32256,32256.1,32256,0,0,0,0,411.029043108448
|||;32256,32256,32256.1,32256,0,0,0,0,416.029043108448
|||;32256,32256,32256.1,32256,0,0,0,0,421.029043108448
|||;32256,32256,32256.1,32256,0,0,0,0,426.029043108448
|||;32256,32256,32256.1,32256,0,0,0,0,431.029043108448
|||;32256,32256,32256.1,32256,0,0,0,0,436.029043108448
|||;32256,32256,32256.1,32256,0,0,0,0,441.029043108448
|||;32256,32256,32256.1,32256,0,0,0,0,446.029043108448
|||;32256,32256,32256.1,32256,0,0,0,0,451.029043108448
|||;32256,32256,32256.1,32256,0,0,0,0,456.029043108448
|||;32256,32256,32256.1,32256,0,0,0,0,461.029043108448
|||;32256,32256,32256.1,32256,0,0,0,0,466.029043108448
|||;32256,32256,32256.1,32256,0,0,0,0,471.029043108448
|||;32256,32256,32256.1,32256,0,0,0,0,476.029043108448
|||;32256,32256,32256.1,32256,0,0,0,0,481.029043108448
|||;32256,32256,32256.1,32256,0,0,0,0,486.029043108448
|||;32256,32256,32256.1,32256,0,0,0,0,491.029043108448
|||;32256,32256,32256.1,32256,0,0,0,0,496.029043108448
|||;32256,32256,32256.1,32256,0,0,0,0,501.029043108448
|||;32256,32256,32256.1,32256,0,0,0,0,506.029043108448
|||;32256,32256,32256.1,32256,0,0,0,0,511.029043108448
|||;32256,32256,32256.1,32256,0,0,0,0,516.029043108448
|||;32256,32256,32256.1,32256,0,0,0,0,521.029043108448
|||;32256,32256,32256.1,32256,0,0,0,0,526.029043108448
|||;32256,32256,32256.1,32256,0,0,0,0,531.029043108448
|||;32256,32256,32256.1,32256,0,0,0,0,536.029043108448
|||;32256,32256,32256.1,32256,0,0,0,0,541.029043108448
|||;32256,32256,32256.1,32256,0,0,0,0,546.029043108448
|||;32256,32256,32256.1,32256,0,0,0,0,551.029043108448
|||;32256,32256,32256.1,32256,0,0,0,0,556.029043108448
|||;32256,32256,32256.1,32256,0,0,0,0,561.029043108448
|||;32256,32256,32256.1,32256,0,0,0,0,566.029043108448
|||;32256,32256,32256.1,32256,0,0,0,0,571.029043108448
|||;32256,32256,32256.1,32256,0,0,0,0,576.029043108448
|||;32256,32256,32256.1,32256,0,0,0,0,581.029043108448
|||;32256,32256,32256.1,32256,0,0,0,0,586.029043108448
|||;32256,32256,32256.1,32256,0,0,0,0,591.029043108448
|||;32256,32256,32256.1,32256,0,0,0,0,596.029043108448
|||;32256,32256,32256.1,32256,0,0,0,0,601.029043108448
|||;32256,32256,32256.1,32256,0,0,0,0,606.029043108448
|||;32256,32256,32256.1,32256,0,0,0,0,611.029043108448
|||;32256,32256,32256.1,32256,0,0,0,0,616.029043108448
|||;32256,32256,32256.1,32256,0,0,0,0,621.029043108448
|||;32256,32256,32256.1,32256,0,0,0,0,626.029043108448
|||;32256,32256,32256.1,32256,0,0,0,0,631.029043108448
|||;32256,32256,32256.1,32256,0,0,0,0,636.029043108448
|||;32256,32256,32256.1,32256,0,0,0,0,641.029043108448
|||;32256,32256,32256.1,32256,0,0,0,0,646.029043108448
|||;32256,32256,32256.1,32256,0,0,0,0,651.029043108448
|||;32256,32256,32256.1,32256,0,0,0,0,656.029043108448
|||;32256,32256,32256.1,32256,0,0,0,0,661.029043108448
|||;32256,32256,32256.1,32256,0,0,0,0,666.029043108448
|||;32256,32256,32256.1,32256,0,0,0,0,671.029043108448
|||;32256,32256,32256.1,32256,0,0,0,0,676.029043108448
|||;32256,32256,32256.1,32256,0,0,0,0,681.029043108448
|||;32256,32256,32256.1,32256,0,0,0,0,686.029043108448
|||;32256,32256,32256.1,32256,0,0,0,0,691.029043108448
|||;32256,32256,32256.1,32256,0,0,0,0,696.029043108448
|||;32256,32256,32256.1,32256,0,0,0,0,701.029043108448
|||;32256,32256,32256.1,32256,0,0,0,0,706.029043108448
|||;32256,32256,32256.1,32256,0,0,0,0,711.029043108448
|||;32256,32256,32256.1,32256,0,0,0,0,716.029043108448
|||;32256,32256,32256.1,32256,0,0,0,0,721.029043108448
|||;32256,32256,32256.1,32256,0,0,0,0,726.029043108448
|||;32256,32256,32256.1,32256,0,0,0,0,731.029043108448
|||;32256,32256,32256.1,32256,0,0,0,0,736.029043108448
|||;32256,32256,32256.1,32256,0,0,0,0,741.029043108448
|||;32256,32256,32256.1,32256,0,0,0,0,746.029043108448
|||;32256,32256,32256.1,32256,0,0,0,0,751.029043108448
|||;32256,32256,32256.1,32256,0,0,0,0,756.029043108448
|||;32256,32256,32256.1,32256,0,0,0,0,761.029043108448
|||;32256,32256,32256.1,32256,0,0,0,0,766.029043108448
|||;32256,32256,32256.1,32256,0,0,0,0,771.029043108448
|||;32256,32256,32256.1,32256,0,0,0,0,776.029043108448
|||;32256,32256,32256.1,32256,0,0,0,0,781.029043108448
|||;32256,32256,32256.1,32256,0,0,0,0,786.029043108448
|||;32256,32256,32256.1,32256,0,0,0,0,791.029043108448
|||;32256,32256,32256.1,32256,0,0,0,0,796.029043108448
|||;32256,32256,32256.1,32256,0,0,0,0,801.029043108448
|||;32256,32256,32256.1,32256,0,0,0,0,806.029043108448
|||;32256,32256,32256.1,32256,0,0,0,0,811.029043108448
|||;32256,32256,32256.1,32256,0,0,0,0,816.029043108448
|||;32256,32256,32256.1,32256,0,0,0,0,821.029043108448
|||;32256,32256,32256.1,32256,0,0,0,0,826.029043108448
|||;32256,32256,32256.1,32256,0,0,0,0,831.029043108448
|||;32256,32256,32256.1,32256,0,0,0,0,836.029043108448
|||;32256,32256,32256.1,32256,0,0,0,0,841.029043108448
|||;32256,32256,32256.1,32256,0,0,0,0,846.029043108448
|||;32256,32256,32256.1,32256,0,0,0,0,851.029043108448
|||;32256,32256,32256.1,32256,0,0,0,0,856.029043108448
|||;32256,32256,32256.1,32256,0,0,0,0,861.029043108448
|||;32256,32256,32256.1,32256,0,0,0,0,866.029043108448
|||;32256,32256,32256.1,32256,0,0,0,0,871.029043108448
|||;32256,32256,32256.1,32256,0,0,0,0,876.029043108448
|||;32256,32256,32256.1,32256,0,0,0,0,881.029043108448
|||;32256,32256,32256.1,32256,0,0,0,0,886.029043108448
|||;32256,32256,32256.1,32256,0,0,0,0,891.029043108448
|||;32256,32256,32256.1,32256,0,0,0,0,896.029043108448
|||;32256,32256,32256.1,32256,0,0,0,0,901.029043108448
|||;32256,32256,32256.1,32256,0,0,0,0,906.029043108448
|||;32256,32256,32256.1,32256,0,0,0,0,911.029043108448
|||;32256,32256,32256.1,32256,0,0,0,0,916.029043108448
|||;32256,32256,32256.1,32256,0,0,0,0,921.029043108448
|||;32256,32256,32256.1,32256,0,0,0,0,926.029043108448
|||;32256,32256,32256.1,32256,0,0,0,0,931.029043108448
|||;32256,32256,32256.1,32256,0,0,0,0,936.029043108448
|||;32256,32256,32256.1,32256,0,0,0,0,941.029043108448
|||;32256,32256,32256.1,32256,0,0,0,0,946.029043108448
|||;32256,32256,32256.1,32256,0,0,0,0,951.029043108448
|||;32256,32256,32256.1,32256,0,0,0,0,956.029043108448
|||;32256,32256,32256.1,32256,0,0,0,0,961.029043108448
|||;32256,32256,32256.1,32256,0,0,0,0,966.029043108448
|||;32256,32256,32256.1,32256,0,0,0,0,971.029043108448
|||;32256,32256,32256.1,32256,0,0,0,0,976.029043108448
|||;32256,32256,32256.1,32256,0,0,0,0,981.029043108448
|||;32256,32256,32256.1,32256,0,0,0,0,986.029043108448
|||;32256,32256,32256.1,32256,0,0,0,0,991.029043108448
|||;32256,32256,32256.1,32256,0,0,0,0,996.029043108448
586sqcla(2),|||;25006.1,32256,32256.1,32256,38.298301842923,0,0,0,1001.029043108448
586sqcla(2),|||;25006.1,32256,32256.1,32256,33.298301842923,0,0,0,1006.029043108448
586sqcla(2),|||;25006.1,32256,32256.1,32256,28.298301842923,0,0,0,1011.029043108448
586sqcla(2),|||;25006.1,32256,32256.1,32256,23.298301842923,0,0,0,1016.029043108448
586sqcla(2),|||;25006.1,32256,32256.1,32256,18.298301842923,0,0,0,1021.029043108448
586sqcla(2),|||;25006.1,32256,32256.1,32256,13.298301842923,0,0,0,1026.029043108448
586sqcla(2),|||;25006.1,32256,32256.1,32256,8.298301842923,0,0,0,1031.029043108448
586sqcla(2),|||;25006.1,32256,32256.1,32256,3.298301842923,0,0,0,1036.029043108448
|||;32256,32256,32256.1,32256,0,0,0,0,1041.029043108448
|||;32256,32256,32256.1,32256,0,0,0,0,1046.029043108448
|||;32256,32256,32256.1,32256,0,0,0,0,1051.029043108448
|||;32256,32256,32256.1,32256,0,0,0,0,1056.029043108448
|||;32256,32256,32256.1,32256,0,0,0,0,1061.029043108448
|||;32256,32256,32256.1,32256,0,0,0,0,1066.029043108448
|||;32256,32256,32256.1,32256,0,0,0,0,1071.029043108448
|||;32256,32256,32256.1,32256,0,0,0,0,1076.029043108448
|||;32256,32256,32256.1,32256,0,0,0,0,1081.029043108448
|||;32256,32256,32256.1,32256,0,0,0,0,1086.029043108448
|||;32256,32256,32256.1,32256,0,0,0,0,1091.029043108448
|||;32256,32256,32256.1,32256,0,0,0,0,1096.029043108448
|||;32256,32256,32256.1,32256,0,0,0,0,1101.029043108448
|||;32256,32256,32256.1,32256,0,0,0,0,1106.029043108448
|||;32256,32256,32256.1,32256,0,0,0,0,1111.029043108448
|||;32256,32256,32256.1,32256,0,0,0,0,1116.029043108448
|||;32256,32256,32256.1,32256,0,0,0,0,1121.029043108448
|||;32256,32256,32256.1,32256,0,0,0,0,1126.029043108448
|||;32256,32256,32256.1,32256,0,0,0,0,1131.029043108448
|||;32256,32256,32256.1,32256,0,0,0,0,1136.029043108448
|||;32256,32256,32256.1,32256,0,0,0,0,1141.029043108448
|||;32256,32256,32256.1,32256,0,0,0,0,1146.029043108448
|||;32256,32256,32256.1,32256,0,0,0,0,1151.029043108448
|||;32256,32256,32256.1,32256,0,0,0,0,1156.029043108448
|||;32256,32256,32256.1,32256,0,0,0,0,1161.029043108448
|||;32256,32256,32256.1,32256,0,0,0,0,1166.029043108448
|||;32256,32256,32256.1,32256,0,0,0,0,1171.029043108448
|||;32256,32256,32256.1,32256,0,0,0,0,1176.029043108448
|||;32256,32256,32256.1,32256,0,0,0,0,1181.029043108448
|||;32256,32256,32256.1,32256,0,0,0,0,1186.029043108448
|||;32256,32256,32256.1,32256,0,0,0,0,1191.029043108448
|||;32256,32256,32256.1,32256,0,0,0,0,1196.029043108448
|||;32256,32256,32256.1,32256,0,0,0,0,1201.029043108448
|||;32256,32256,32256.1,32256,0,0,0,0,1206.029043108448
|||;32256,32256,32256.1,32256,0,0,0,0,1211.029043108448
|||;32256,32256,32256.1,32256,0,0,0,0,1216.029043108448
|||;32256,32256,32256.1,32256,0,0,0,0,1221.029043108448
|||;32256,32256,32256.1,32256,0,0,0,0,1226.029043108448
|||;32256,32256,32256.1,32256,0,0,0,0,1231.029043108448
|||;32256,32256,32256.1,32256,0,0,0,0,1236.029043108448
|||;32256,32256,32256.1,32256,0,0,0,0,1241.029043108448
|||;32256,32256,32256.1,32256,0,0,0,0,1246.029043108448
|||;32256,32256,32256.1,32256,0,0,0,0,1251.029043108448
|||;32256,32256,32256.1,32256,0,0,0,0,1256.029043108448
|||;32256,32256,32256.1,32256,0,0,0,0,1261.029043108448
|||;32256,32256,32256.1,32256,0,0,0,0,1266.029043108448
|||;32256,32256,32256.1,32256,0,0,0,0,1271.029043108448
|||;32256,32256,32256.1,32256,0,0,0,0,1276.029043108448
|||;32256,32256,32256.1,32256,0,0,0,0,1281.029043108448
|||;32256,32256,32256.1,32256,0,0,0,0,1286.029043108448
|||;32256,32256,32256.1,32256,0,0,0,0,1291.029043108448
|||;32256,32256,32256.1,32256,0,0,0,0,1296.029043108448
|||;32256,32256,32256.1,32256,0,0,0,0,1301.029043108448
|||;32256,32256,32256.1,32256,0,0,0,0,1306.029043108448
|||;32256,32256,32256.1,32256,0,0,0,0,1311.029043108448
|||;32256,32256,32256.1,32256,0,0,0,0,1316.029043108448
|||;32256,32256,32256.1,32256,0,0,0,0,1321.029043108448
|||;32256,32256,32256.1,32256,0,0,0,0,1326.029043108448
|||;32256,32256,32256.1,32256,0,0,0,0,1331.029043108448
|||;32256,32256,32256.1,32256,0,0,0,0,1336.029043108448
|||;32256,32256,32256.1,32256,0,0,0,0,1341.029043108448
|||;32256,32256,32256.1,32256,0,0,0,0,1346.029043108448
|||;32256,32256,32256.1,32256,0,0,0,0,1351.029043108448
|||;32256,32256,32256.1,32256,0,0,0,0,1356.029043108448
|||;32256,32256,32256.1,32256,0,0,0,0,1361.029043108448
|||;32256,32256,32256.1,32256,0,0,0,0,1366.029043108448
|||;32256,32256,32256.1,32256,0,0,0,0,1371.029043108448
|||;32256,32256,32256.1,32256,0,0,0,0,1376.029043108448
|||;32256,32256,32256.1,32256,0,0,0,0,1381.029043108448
|||;32256,32256,32256.1,32256,0,0,0,0,1386.029043108448
|||;32256,32256,32256.1,32256,0,0,0,0,1391.029043108448
|||;32256,32256,32256.1,32256,0,0,0,0,1396.029043108448
|||;32256,32256,32256.1,32256,0,0,0,0,1401.029043108448
|||;32256,32256,32256.1,32256,0,0,0,0,1406.029043108448
|||;32256,32256,32256.1,32256,0,0,0,0,1411.029043108448
|||;32256,32256,32256.1,32256,0,0,0,0,1416.029043108448
|||;32256,32256,32256.1,32256,0,0,0,0,1421.029043108448
|||;32256,32256,32256.1,32256,0,0,0,0,1426.029043108448
|||;32256,32256,32256.1,32256,0,0,0,0,1431.029043108448
|||;32256,32256,32256.1,32256,0,0,0,0,1436.029043108448
|||;32256,32256,32256.1,32256,0,0,0,0,1441.029043108448
|||;32256,32256,32256.1,32256,0,0,0,0,1446.029043108448
|||;32256,32256,32256.1,32256,0,0,0,0,1451.029043108448
|||;32256,32256,32256.1,32256,0,0,0,0,1456.029043108448
|||;32256,32256,32256.1,32256,0,0,0,0,1461.029043108448
|||;32256,32256,32256.1,32256,0,0,0,0,1466.029043108448
|||;32256,32256,32256.1,32256,0,0,0,0,1471.029043108448
|||;32256,32256,32256.1,32256,0,0,0,0,1476.029043108448
|||;32256,32256,32256.1,32256,0,0,0,0,1481.029043108448
|||;32256,32256,32256.1,32256,0,0,0,0,1486.029043108448
|||;32256,32256,32256.1,32256,0,0,0,0,1491.029043108448
|||;32256,32256,32256.1,32256,0,0,0,0,1496.029043108448
|||;32256,32256,32256.1,32256,0,0,0,0,1501.029043108448
|||;32256,32256,32256.1,32256,0,0,0,0,1506.029043108448
|||;32256,32256,32256.1,32256,0,0,0,0,1511.029043108448
|||;32256,32256,32256.1,32256,0,0,0,0,1516.029043108448
|||;32256,32256,32256.1,32256,0,0,0,0,1521.029043108448
|||;32256,32256,32256.1,32256,0,0,0,0,1526.029043108448
|||;32256,32256,32256.1,32256,0,0,0,0,1531.029043108448
|||;32256,32256,32256.1,32256,0,0,0,0,1536.029043108448
|||;32256,32256,32256.1,32256,0,0,0,0,1541.029043108448
|||;32256,32256,32256.1,32256,0,0,0,0,1546.029043108448
|||;32256,32256,32256.1,32256,0,0,0,0,1551.029043108448
|||;32256,32256,32256.1,32256,0,0,0,0,1556.029043108448
|||;32256,32256,32256.1,32256,0,0,0,0,1561.029043108448
|||;32256,32256,32256.1,32256,0,0,0,0,1566.029043108448
|||;32256,32256,32256.1,32256,0,0,0,0,1571.029043108448
|||;32256,32256,32256.1,32256,0,0,0,0,1576.029043108448
|||;32256,32256,32256.1,32256,0,0,0,0,1581.029043108448
|||;32256,32256,32256.1,32256,0,0,0,0,1586.029043108448
|||;32256,32256,32256.1,32256,0,0,0,0,1591.029043108448
|||;32256,32256,32256.1,32256,0,0,0,0,1596.029043108448
|||;32256,32256,32256.1,32256,0,0,0,0,1601.029043108448
|||;32256,32256,32256.1,32256,0,0,0,0,1606.029043108448
|||;32256,32256,32256.1,32256,0,0,0,0,1611.029043108448
|||;32256,32256,32256.1,32256,0,0,0,0,1616.029043108448
|||;32256,32256,32256.1,32256,0,0,0,0,1621.029043108448
|||;32256,32256,32256.1,32256,0,0,0,0,1626.029043108448
|||;32256,32256,32256.1,32256,0,0,0,0,1631.029043108448
|||;32256,32256,32256.1,32256,0,0,0,0,1636.029043108448
|||;32256,32256,32256.1,32256,0,0,0,0,1641.029043108448
|||;32256,32256,32256.1,32256,0,0,0,0,1646.029043108448
|||;32256,32256,32256.1,32256,0,0,0,0,1651.029043108448
|||;32256,32256,32256.1,32256,0,0,0,0,1656.029043108448
|||;32256,32256,32256.1,32256,0,0,0,0,1661.029043108448
|||;32256,32256,32256.1,32256,0,0,0,0,1666.029043108448
|||;32256,32256,32256.1,32256,0,0,0,0,1671.029043108448
|||;32256,32256,32256.1,32256,0,0,0,0,1676.029043108448
|||;32256,32256,32256.1,32256,0,0,0,0,1681.029043108448
|||;32256,32256,32256.1,32256,0,0,0,0,1686.029043108448
|||;32256,32256,32256.1,32256,0,0,0,0,1691.029043108448
|||;32256,32256,32256.1,32256,0,0,0,0,1696.029043108448
|||;32256,32256,32256.1,32256,0,0,0,0,1701.029043108448
|||;32256,32256,32256.1,32256,0,0,0,0,1706.029043108448
|||;32256,32256,32256.1,32256,0,0,0,0,1711.029043108448
|||;32256,32256,32256.1,32256,0,0,0,0,1716.029043108448
|||;32256,32256,32256.1,32256,0,0,0,0,1721.029043108448
|||;32256,32256,32256.1,32256,0,0,0,0,1726.029043108448
|||;32256,32256,32256.1,32256,0,0,0,0,1731.029043108448
|||;32256,32256,32256.1,32256,0,0,0,0,1736.029043108448
|||;32256,32256,32256.1,32256,0,0,0,0,1741.029043108448
|||;32256,32256,32256.1,32256,0,0,0,0,1746.029043108448
|||;32256,32256,32256.1,32256,0,0,0,0,1751.029043108448
|||;32256,32256,32256.1,32256,0,0,0,0,1756.029043108448
|||;32256,32256,32256.1,32256,0,0,0,0,1761.029043108448
|||;32256,32256,32256.1,32256,0,0,0,0,1766.029043108448
|||;32256,32256,32256.1,32256,0,0,0,0,1771.029043108448
|||;32256,32256,32256.1,32256,0,0,0,0,1776.029043108448
|||;32256,32256,32256.1,32256,0,0,0,0,1781.029043108448
|||;32256,32256,32256.1,32256,0,0,0,0,1786.029043108448
|||;32256,32256,32256.1,32256,0,0,0,0,1791.029043108448
|||;32256,32256,32256.1,32256,0,0,0,0,1796.029043108448
|||;32256,32256,32256.1,32256,0,0,0,0,1801.029043108448
|||;32256,32256,32256.1,32256,0,0,0,0,1806.029043108448
|||;32256,32256,32256.1,32256,0,0,0,0,1811.029043108448
|||;32256,32256,32256.1,32256,0,0,0,0,1816.029043108448
|||;32256,32256,32256.1,32256,0,0,0,0,1821.029043108448
|||;32256,32256,32256.1,32256,0,0,0,0,1826.029043108448
|||;32256,32256,32256.1,32256,0,0,0,0,1831.029043108448
|||;32256,32256,32256.1,32256,0,0,0,0,1836.029043108448
|||;32256,32256,32256.1,32256,0,0,0,0,1841.029043108448
|||;32256,32256,32256.1,32256,0,0,0,0,1846.029043108448
|||;32256,32256,32256.1,32256,0,0,0,0,1851.029043108448
|||;32256,32256,32256.1,32256,0,0,0,0,1856.029043108448
|||;32256,32256,32256.1,32256,0,0,0,0,1861.029043108448
|||;32256,32256,32256.1,32256,0,0,0,0,1866.029043108448
|||;32256,32256,32256.1,32256,0,0,0,0,1871.029043108448
|||;32256,32256,32256.1,32256,0,0,0,0,1876.029043108448
|||;32256,32256,32256.1,32256,0,0,0,0,1881.029043108448
|||;32256,32256,32256.1,32256,0,0,0,0,1886.029043108448
|||;32256,32256,32256.1,32256,0,0,0,0,1891.029043108448
|||;32256,32256,32256.1,32256,0,0,0,0,1896.029043108448
|||;32256,32256,32256.1,32256,0,0,0,0,1901.029043108448
|||;32256,32256,32256.1,32256,0,0,0,0,1906.029043108448
|||;32256,32256,32256.1,32256,0,0,0,0,1911.029043108448
|||;32256,32256,32256.1,32256,0,0,0,0,1916.029043108448
|||;32256,32256,32256.1,32256,0,0,0,0,1921.029043108448
|||;32256,32256,32256.1,32256,0,0,0,0,1926.029043108448
|||;32256,32256,32256.1,32256,0,0,0,0,1931.029043108448
|||;32256,32256,32256.1,32256,0,0,0,0,1936.029043108448
|||;32256,32256,32256.1,32256,0,0,0,0,1941.029043108448
|||;32256,32256,32256.1,32256,0,0,0,0,1946.029043108448
|||;32256,32256,32256.1,32256,0,0,0,0,1951.029043108448
|||;32256,32256,32256.1,32256,0,0,0,0,1956.029043108448
|||;32256,32256,32256.1,32256,0,0,0,0,1961.029043108448
|||;32256,32256,32256.1,32256,0,0,0,0,1966.029043108448
|||;32256,32256,32256.1,32256,0,0,0,0,1971.029043108448
|||;32256,32256,32256.1,32256,0,0,0,0,1976.029043108448
|||;32256,32256,32256.1,32256,0,0,0,0,1981.029043108448
|||;32256,32256,32256.1,32256,0,0,0,0,1986.029043108448
|||;32256,32256,32256.1,32256,0,0,0,0,1991.029043108448
|||;32256,32256,32256.1,32256,0,0,0,0,1996.029043108448
