|||;36966,36966,36966,36966,0,0,0,0,1.145705846692
919agimx(0),|919agimx(0),|919agimx(0),|919agimx(0),;35614.3,35614.3,35614.3,36290.2,6.393750732078,6.393750732078,6.393750732078,3.345065555608,6.145705846692
919agimx(2),792ucine(1),|919agimx(2),|919agimx(2),|;27954.8,35614.3,35614.3,36966,41.173967017027,1.393750732078,1.393750732078,0,11.145705846692
792ucine(2),|||;29306.5,36966,36966,36966,36.173967017027,0,0,0,16.145705846692
792ucine(2),460vhsoe(0),857jzeot(1),|||;21109.4,36966,36966,36966,76.713205087293,0,0,0,21.145705846692
792ucine(2),460vhsoe(1),857jzeot(1),|||;21109.4,36966,36966,36966,71.713205087293,0,0,0,26.145705846692
792ucine(2),460vhsoe(1),857jzeot(1),|||;21109.4,36966,36966,36966,66.713205087293,0,0,0,31.145705846692
792ucine(2),460vhsoe(1),857jzeot(1),|||;21109.4,36966,36966,36966,61.713205087293,0,0,0,36.145705846692
792ucine(2),460vhsoe(1),857jzeot(1),|365myscg(0),|365myscg(0),|365myscg(0),;21109.4,33279.6,34201.2,34201.2,56.713205087293,21.067204469027,16.909906501112,16.909906501112,41.145705846692
792ucine(3),460vhsoe(1),857jzeot(1),|365myscg(2),920uimxt(0),|365myscg(2),920uimxt(0),|365myscg(2),920uimxt(0),;21109.4,31723.1,31088.2,31088.2,51.713205087293,27.928961361848,30.590211073077,30.590211073077,46.145705846692
792ucine(3),460vhsoe(2),857jzeot(1),|365myscg(2),920uimxt(1),|365myscg(2),920uimxt(1),|365myscg(2),920uimxt(1),;21109.4,31723.1,31088.2,31088.2,46.713205087293,22.928961361848,25.590211073077,25.590211073077,51.145705846692
792ucine(3),460vhsoe(2),857jzeot(1),|365myscg(2),920uimxt(1),323klati(0),|365myscg(2),920uimxt(1),323klati(0),|365myscg(2),920uimxt(1),323klati(0),;21109.4,26705.5,27074.1,30084.7,41.713205087293,46.377253891738,44.511668037905,30.931161342718,56.145705846692
792ucine(3),460vhsoe(3),857jzeot(2),|365myscg(2),920uimxt(1),323klati(1),|920uimxt(2),323klati(1),|920uimxt(2),323klati(1),;21109.4,26705.5,29838.9,32849.5,36.713205087293,41.377253891738,39.511668037905,25.931161342718,61.145705846692
792ucine(3),460vhsoe(3),857jzeot(2),|920uimxt(2),323klati(1),|920uimxt(2),323klati(1),|920uimxt(2),323klati(1),;21109.4,30391.9,29838.9,32849.5,31.713205087293,36.377253891738,34.511668037905,20.931161342718,66.145705846692
792ucine(3),460vhsoe(3),857jzeot(2),443jxqvf(1),|323klati(2),443jxqvf(1),|920uimxt(2),323klati(1),443jxqvf(1),|920uimxt(2),323klati(1),443jxqvf(1),;19686,31236.7,29127.2,28579.4,36.668732835775,38.215090431664,36.349504577831,38.357453925425,71.145705846692
792ucine(3),460vhsoe(3),857jzeot(2),443jxqvf(1),|323klati(2),443jxqvf(1),|323klati(2),443jxqvf(1),|323klati(2),443jxqvf(1),;19686,31236.7,32240.2,31692.4,31.668732835775,33.215090431664,31.349504577831,33.357453925425,76.145705846692
792ucine(3),460vhsoe(3),857jzeot(2),443jxqvf(1),|323klati(2),443jxqvf(1),|323klati(2),443jxqvf(1),|323klati(3),443jxqvf(2),;19686,31236.7,32240.2,31692.4,26.668732835775,28.215090431664,26.349504577831,28.357453925425,81.145705846692
792ucine(3),460vhsoe(3),443jxqvf(2),|323klati(2),443jxqvf(1),|323klati(2),443jxqvf(1),|443jxqvf(2),;25010.8,31236.7,32240.2,32695.9,21.668732835775,23.215090431664,21.349504577831,23.357453925425,86.145705846692
792ucine(3),460vhsoe(3),|323klati(2),443jxqvf(1),|323klati(3),443jxqvf(2),|443jxqvf(2),;26434.2,31236.7,32240.2,32695.9,16.668732835775,18.215090431664,16.349504577831,18.357453925425,91.145705846692
792ucine(3),460vhsoe(3),|323klati(3),|323klati(3),|;26434.2,31948.4,32951.9,36966,11.668732835775,13.215090431664,11.349504577831,13.357453925425,96.145705846692
792ucine(3),|323klati(3),|323klati(3),|;29306.5,31948.4,32951.9,36966,6.668732835775,8.215090431664,6.349504577831,8.357453925425,101.145705846692
792ucine(3),|||;29306.5,36966,36966,36966,1.668732835775,3.215090431664,1.349504577831,3.357453925425,106.145705846692
|||;36966,36966,36966,36966,0,0,0,0,111.145705846692
|||;36966,36966,36966,36966,0,0,0,0,116.145705846692
115tjrvu(2),|115tjrvu(2),|115tjrvu(2),|115tjrvu(2),;34185.8,34185.8,35112.6,35112.6,12.02519412884,12.02519412884,7.965466727771,7.965466727771,121.145705846692
115tjrvu(2),967octfq(0),|115tjrvu(2),967octfq(0),|115tjrvu(2),788ychwp(0),967octfq(0),|115tjrvu(2),967octfq(0),;32404,32404,33095.3,33924.8,18.640953065555,18.640953065555,20.96925708282,11.979411418497,126.145705846692
115tjrvu(2),967octfq(1),|115tjrvu(2),967octfq(1),|788ychwp(2),967octfq(1),|967octfq(2),;32404,32404,34948.7,35778.2,13.640953065555,13.640953065555,15.96925708282,6.979411418497,131.145705846692
967octfq(2),|967octfq(2),|967octfq(2),|;35184.2,35184.2,35778.1,36966,8.640953065555,8.640953065555,10.96925708282,1.979411418497,136.145705846692
967octfq(2),|967octfq(2),|967octfq(3),|;35184.2,35184.2,35778.1,36966,3.640953065555,3.640953065555,5.96925708282,0,141.145705846692
967octfq(3),|967octfq(3),|967octfq(3),|;35184.2,35184.2,35778.1,36966,0,0,0.96925708282,0,146.145705846692
967octfq(3),|967octfq(3),|967octfq(3),|;35184.2,35184.2,35778.1,36966,0,0,0,0,151.145705846692
|||;36966,36966,36965.9,36966,0,0,0,0,156.145705846692
|||;36966,36966,36965.9,36966,0,0,0,0,161.145705846692
|||;36966,36966,36965.9,36966,0,0,0,0,166.145705846692
|||;36966,36966,36965.9,36966,0,0,0,0,171.145705846692
|||;36966,36966,36965.9,36966,0,0,0,0,176.145705846692
|||;36966,36966,36965.9,36966,0,0,0,0,181.145705846692
561wvtcf(2),|||;31764.1,36966,36965.9,36966,22.862764353971,0,0,0,186.145705846692
561wvtcf(2),|||;31764.1,36966,36965.9,36966,17.862764353971,0,0,0,191.145705846692
561wvtcf(2),|||;31764.1,36966,36965.9,36966,12.862764353971,0,0,0,196.145705846692
561wvtcf(2),|98dcwhb(2),|98dcwhb(2),|98dcwhb(2),;31764.1,33791.6,34585.1,34585.2,7.862764353971,11.08655470118,7.609992562143,7.609992562143,201.145705846692
561wvtcf(2),|98dcwhb(2),|98dcwhb(2),|98dcwhb(2),;31764.1,33791.6,34585.1,34585.2,2.862764353971,6.08655470118,2.609992562143,2.609992562143,206.145705846692
|98dcwhb(2),||;36966,33791.6,36965.9,36966,0,1.08655470118,0,0,211.145705846692
|||;36966,36966,36965.9,36966,0,0,0,0,216.145705846692
|||;36966,36966,36965.9,36966,0,0,0,0,221.145705846692
|||;36966,36966,36965.9,36966,0,0,0,0,226.145705846692
|||;36966,36966,36965.9,36966,0,0,0,0,231.145705846692
|||;36966,36966,36965.9,36966,0,0,0,0,236.145705846692
|||;36966,36966,36965.9,36966,0,0,0,0,241.145705846692
|||;36966,36966,36965.9,36966,0,0,0,0,246.145705846692
|||;36966,36966,36965.9,36966,0,0,0,0,251.145705846692
|||;36966,36966,36965.9,36966,0,0,0,0,256.145705846692
|||;36966,36966,36965.9,36966,0,0,0,0,261.145705846692
|||;36966,36966,36965.9,36966,0,0,0,0,266.145705846692
|||;36966,36966,36965.9,36966,0,0,0,0,271.145705846692
|||;36966,36966,36965.9,36966,0,0,0,0,276.145705846692
|||;36966,36966,36965.9,36966,0,0,0,0,281.145705846692
|||;36966,36966,36965.9,36966,0,0,0,0,286.145705846692
|||;36966,36966,36965.9,36966,0,0,0,0,291.145705846692
|||;36966,36966,36965.9,36966,0,0,0,0,296.145705846692
|||;36966,36966,36965.9,36966,0,0,0,0,301.145705846692
|||;36966,36966,36965.9,36966,0,0,0,0,306.145705846692
|||;36966,36966,36965.9,36966,0,0,0,0,311.145705846692
|||;36966,36966,36965.9,36966,0,0,0,0,316.145705846692
|||;36966,36966,36965.9,36966,0,0,0,0,321.145705846692
|||;36966,36966,36965.9,36966,0,0,0,0,326.145705846692
|||;36966,36966,36965.9,36966,0,0,0,0,331.145705846692
|||;36966,36966,36965.9,36966,0,0,0,0,336.145705846692
|||;36966,36966,36965.9,36966,0,0,0,0,341.145705846692
|||;36966,36966,36965.9,36966,0,0,0,0,346.145705846692
|||;36966,36966,36965.9,36966,0,0,0,0,351.145705846692
|||;36966,36966,36965.9,36966,0,0,0,0,356.145705846692
|||;36966,36966,36965.9,36966,0,0,0,0,361.145705846692
|||;36966,36966,36965.9,36966,0,0,0,0,366.145705846692
|||;36966,36966,36965.9,36966,0,0,0,0,371.145705846692
|||;36966,36966,36965.9,36966,0,0,0,0,376.145705846692
|||;36966,36966,36965.9,36966,0,0,0,0,381.145705846692
|||;36966,36966,36965.9,36966,0,0,0,0,386.145705846692
|||;36966,36966,36965.9,36966,0,0,0,0,391.145705846692
|||;36966,36966,36965.9,36966,0,0,0,0,396.145705846692
|||;36966,36966,36965.9,36966,0,0,0,0,401.145705846692
|||;36966,36966,36965.9,36966,0,0,0,0,406.145705846692
|||;36966,36966,36965.9,36966,0,0,0,0,411.145705846692
|||;36966,36966,36965.9,36966,0,0,0,0,416.145705846692
|||;36966,36966,36965.9,36966,0,0,0,0,421.145705846692
|||;36966,36966,36965.9,36966,0,0,0,0,426.145705846692
|||;36966,36966,36965.9,36966,0,0,0,0,431.145705846692
|||;36966,36966,36965.9,36966,0,0,0,0,436.145705846692
|||;36966,36966,36965.9,36966,0,0,0,0,441.145705846692
|||;36966,36966,36965.9,36966,0,0,0,0,446.145705846692
|||;36966,36966,36965.9,36966,0,0,0,0,451.145705846692
|||;36966,36966,36965.9,36966,0,0,0,0,456.145705846692
|||;36966,36966,36965.9,36966,0,0,0,0,461.145705846692
|||;36966,36966,36965.9,36966,0,0,0,0,466.145705846692
|||;36966,36966,36965.9,36966,0,0,0,0,471.145705846692
|||;36966,36966,36965.9,36966,0,0,0,0,476.145705846692
|||;36966,36966,36965.9,36966,0,0,0,0,481.145705846692
|||;36966,36966,36965.9,36966,0,0,0,0,486.145705846692
|||;36966,36966,36965.9,36966,0,0,0,0,491.145705846692
|||;36966,36966,36965.9,36966,0,0,0,0,496.145705846692
|||;36966,36966,36965.9,36966,0,0,0,0,501.145705846692
|||;36966,36966,36965.9,36966,0,0,0,0,506.145705846692
|||;36966,36966,36965.9,36966,0,0,0,0,511.145705846692
|||;36966,36966,36965.9,36966,0,0,0,0,516.145705846692
|||;36966,36966,36965.9,36966,0,0,0,0,521.145705846692
|||;36966,36966,36965.9,36966,0,0,0,0,526.145705846692
|||;36966,36966,36965.9,36966,0,0,0,0,531.145705846692
|||;36966,36966,36965.9,36966,0,0,0,0,536.145705846692
|||;36966,36966,36965.9,36966,0,0,0,0,541.145705846692
|||;36966,36966,36965.9,36966,0,0,0,0,546.145705846692
|||;36966,36966,36965.9,36966,0,0,0,0,551.145705846692
|||;36966,36966,36965.9,36966,0,0,0,0,556.145705846692
|||;36966,36966,36965.9,36966,0,0,0,0,561.145705846692
|||;36966,36966,36965.9,36966,0,0,0,0,566.145705846692
|||;36966,36966,36965.9,36966,0,0,0,0,571.145705846692
|||;36966,36966,36965.9,36966,0,0,0,0,576.145705846692
|||;36966,36966,36965.9,36966,0,0,0,0,581.145705846692
|||;36966,36966,36965.9,36966,0,0,0,0,586.145705846692
|||;36966,36966,36965.9,36966,0,0,0,0,591.145705846692
|||;36966,36966,36965.9,36966,0,0,0,0,596.145705846692
|||;36966,36966,36965.9,36966,0,0,0,0,601.145705846692
|||;36966,36966,36965.9,36966,0,0,0,0,606.145705846692
|||;36966,36966,36965.9,36966,0,0,0,0,611.145705846692
|||;36966,36966,36965.9,36966,0,0,0,0,616.145705846692
|||;36966,36966,36965.9,36966,0,0,0,0,621.145705846692
|||;36966,36966,36965.9,36966,0,0,0,0,626.145705846692
|||;36966,36966,36965.9,36966,0,0,0,0,631.145705846692
|||;36966,36966,36965.9,36966,0,0,0,0,636.145705846692
|||;36966,36966,36965.9,36966,0,0,0,0,641.145705846692
|||;36966,36966,36965.9,36966,0,0,0,0,646.145705846692
|||;36966,36966,36965.9,36966,0,0,0,0,651.145705846692
|||;36966,36966,36965.9,36966,0,0,0,0,656.145705846692
|||;36966,36966,36965.9,36966,0,0,0,0,661.145705846692
|||;36966,36966,36965.9,36966,0,0,0,0,666.145705846692
|||;36966,36966,36965.9,36966,0,0,0,0,671.145705846692
|||;36966,36966,36965.9,36966,0,0,0,0,676.145705846692
|||;36966,36966,36965.9,36966,0,0,0,0,681.145705846692
|||;36966,36966,36965.9,36966,0,0,0,0,686.145705846692
|||;36966,36966,36965.9,36966,0,0,0,0,691.145705846692
|||;36966,36966,36965.9,36966,0,0,0,0,696.145705846692
|||;36966,36966,36965.9,36966,0,0,0,0,701.145705846692
|||;36966,36966,36965.9,36966,0,0,0,0,706.145705846692
|||;36966,36966,36965.9,36966,0,0,0,0,711.145705846692
|||;36966,36966,36965.9,36966,0,0,0,0,716.145705846692
|||;36966,36966,36965.9,36966,0,0,0,0,721.145705846692
|||;36966,36966,36965.9,36966,0,0,0,0,726.145705846692
|||;36966,36966,36965.9,36966,0,0,0,0,731.145705846692
|||;36966,36966,36965.9,36966,0,0,0,0,736.145705846692
|||;36966,36966,36965.9,36966,0,0,0,0,741.145705846692
|||;36966,36966,36965.9,36966,0,0,0,0,746.145705846692
|||;36966,36966,36965.9,36966,0,0,0,0,751.145705846692
|||;36966,36966,36965.9,36966,0,0,0,0,756.145705846692
|||;36966,36966,36965.9,36966,0,0,0,0,761.145705846692
|||;36966,36966,36965.9,36966,0,0,0,0,766.145705846692
|||;36966,36966,36965.9,36966,0,0,0,0,771.145705846692
|||;36966,36966,36965.9,36966,0,0,0,0,776.145705846692
|||;36966,36966,36965.9,36966,0,0,0,0,781.145705846692
|||;36966,36966,36965.9,36966,0,0,0,0,786.145705846692
|||;36966,36966,36965.9,36966,0,0,0,0,791.145705846692
|||;36966,36966,36965.9,36966,0,0,0,0,796.145705846692
|||;36966,36966,36965.9,36966,0,0,0,0,801.145705846692
|||;36966,36966,36965.9,36966,0,0,0,0,806.145705846692
|||;36966,36966,36965.9,36966,0,0,0,0,811.145705846692
|||;36966,36966,36965.9,36966,0,0,0,0,816.145705846692
|||;36966,36966,36965.9,36966,0,0,0,0,821.145705846692
|||;36966,36966,36965.9,36966,0,0,0,0,826.145705846692
|||;36966,36966,36965.9,36966,0,0,0,0,831.145705846692
|||;36966,36966,36965.9,36966,0,0,0,0,836.145705846692
|||;36966,36966,36965.9,36966,0,0,0,0,841.145705846692
|||;36966,36966,36965.9,36966,0,0,0,0,846.145705846692
|||;36966,36966,36965.9,36966,0,0,0,0,851.145705846692
|||;36966,36966,36965.9,36966,0,0,0,0,856.145705846692
|||;36966,36966,36965.9,36966,0,0,0,0,861.145705846692
|||;36966,36966,36965.9,36966,0,0,0,0,866.145705846692
|||;36966,36966,36965.9,36966,0,0,0,0,871.145705846692
|||;36966,36966,36965.9,36966,0,0,0,0,876.145705846692
|||;36966,36966,36965.9,36966,0,0,0,0,881.145705846692
|||;36966,36966,36965.9,36966,0,0,0,0,886.145705846692
|||;36966,36966,36965.9,36966,0,0,0,0,891.145705846692
|||;36966,36966,36965.9,36966,0,0,0,0,896.145705846692
|||;36966,36966,36965.9,36966,0,0,0,0,901.145705846692
|||;36966,36966,36965.9,36966,0,0,0,0,906.145705846692
|||;36966,36966,36965.9,36966,0,0,0,0,911.145705846692
|||;36966,36966,36965.9,36966,0,0,0,0,916.145705846692
|||;36966,36966,36965.9,36966,0,0,0,0,921.145705846692
|||;36966,36966,36965.9,36966,0,0,0,0,926.145705846692
|||;36966,36966,36965.9,36966,0,0,0,0,931.145705846692
|||;36966,36966,36965.9,36966,0,0,0,0,936.145705846692
|||;36966,36966,36965.9,36966,0,0,0,0,941.145705846692
|||;36966,36966,36965.9,36966,0,0,0,0,946.145705846692
|||;36966,36966,36965.9,36966,0,0,0,0,951.145705846692
|||;36966,36966,36965.9,36966,0,0,0,0,956.145705846692
|||;36966,36966,36965.9,36966,0,0,0,0,961.145705846692
|||;36966,36966,36965.9,36966,0,0,0,0,966.145705846692
|||;36966,36966,36965.9,36966,0,0,0,0,971.145705846692
|||;36966,36966,36965.9,36966,0,0,0,0,976.145705846692
|||;36966,36966,36965.9,36966,0,0,0,0,981.145705846692
|||;36966,36966,36965.9,36966,0,0,0,0,986.145705846692
|||;36966,36966,36965.9,36966,0,0,0,0,991.145705846692
|||;36966,36966,36965.9,36966,0,0,0,0,996.145705846692
|||;36966,36966,36965.9,36966,0,0,0,0,1001.145705846692
|||;36966,36966,36965.9,36966,0,0,0,0,1006.145705846692
|||;36966,36966,36965.9,36966,0,0,0,0,1011.145705846692
|||;36966,36966,36965.9,36966,0,0,0,0,1016.145705846692
|||;36966,36966,36965.9,36966,0,0,0,0,1021.145705846692
|||;36966,36966,36965.9,36966,0,0,0,0,1026.145705846692
|||;36966,36966,36965.9,36966,0,0,0,0,1031.145705846692
|||;36966,36966,36965.9,36966,0,0,0,0,1036.145705846692
|||;36966,36966,36965.9,36966,0,0,0,0,1041.145705846692
|||;36966,36966,36965.9,36966,0,0,0,0,1046.145705846692
|||;36966,36966,36965.9,36966,0,0,0,0,1051.145705846692
|||;36966,36966,36965.9,36966,0,0,0,0,1056.145705846692
|||;36966,36966,36965.9,36966,0,0,0,0,1061.145705846692
|||;36966,36966,36965.9,36966,0,0,0,0,1066.145705846692
|||;36966,36966,36965.9,36966,0,0,0,0,1071.145705846692
|||;36966,36966,36965.9,36966,0,0,0,0,1076.145705846692
|||;36966,36966,36965.9,36966,0,0,0,0,1081.145705846692
|||;36966,36966,36965.9,36966,0,0,0,0,1086.145705846692
|||;36966,36966,36965.9,36966,0,0,0,0,1091.145705846692
|||;36966,36966,36965.9,36966,0,0,0,0,1096.145705846692
|||;36966,36966,36965.9,36966,0,0,0,0,1101.145705846692
|||;36966,36966,36965.9,36966,0,0,0,0,1106.145705846692
|||;36966,36966,36965.9,36966,0,0,0,0,1111.145705846692
|||;36966,36966,36965.9,36966,0,0,0,0,1116.145705846692
|||;36966,36966,36965.9,36966,0,0,0,0,1121.145705846692
|||;36966,36966,36965.9,36966,0,0,0,0,1126.145705846692
|||;36966,36966,36965.9,36966,0,0,0,0,1131.145705846692
|||;36966,36966,36965.9,36966,0,0,0,0,1136.145705846692
|||;36966,36966,36965.9,36966,0,0,0,0,1141.145705846692
|||;36966,36966,36965.9,36966,0,0,0,0,1146.145705846692
|||;36966,36966,36965.9,36966,0,0,0,0,1151.145705846692
|||;36966,36966,36965.9,36966,0,0,0,0,1156.145705846692
|||;36966,36966,36965.9,36966,0,0,0,0,1161.145705846692
|||;36966,36966,36965.9,36966,0,0,0,0,1166.145705846692
|||;36966,36966,36965.9,36966,0,0,0,0,1171.145705846692
|||;36966,36966,36965.9,36966,0,0,0,0,1176.145705846692
|||;36966,36966,36965.9,36966,0,0,0,0,1181.145705846692
|||;36966,36966,36965.9,36966,0,0,0,0,1186.145705846692
|||;36966,36966,36965.9,36966,0,0,0,0,1191.145705846692
|||;36966,36966,36965.9,36966,0,0,0,0,1196.145705846692
|||;36966,36966,36965.9,36966,0,0,0,0,1201.145705846692
|||;36966,36966,36965.9,36966,0,0,0,0,1206.145705846692
|||;36966,36966,36965.9,36966,0,0,0,0,1211.145705846692
|||;36966,36966,36965.9,36966,0,0,0,0,1216.145705846692
|||;36966,36966,36965.9,36966,0,0,0,0,1221.145705846692
|||;36966,36966,36965.9,36966,0,0,0,0,1226.145705846692
|||;36966,36966,36965.9,36966,0,0,0,0,1231.145705846692
|||;36966,36966,36965.9,36966,0,0,0,0,1236.145705846692
|||;36966,36966,36965.9,36966,0,0,0,0,1241.145705846692
|||;36966,36966,36965.9,36966,0,0,0,0,1246.145705846692
|||;36966,36966,36965.9,36966,0,0,0,0,1251.145705846692
|||;36966,36966,36965.9,36966,0,0,0,0,1256.145705846692
|||;36966,36966,36965.9,36966,0,0,0,0,1261.145705846692
|||;36966,36966,36965.9,36966,0,0,0,0,1266.145705846692
|||;36966,36966,36965.9,36966,0,0,0,0,1271.145705846692
|||;36966,36966,36965.9,36966,0,0,0,0,1276.145705846692
|||;36966,36966,36965.9,36966,0,0,0,0,1281.145705846692
|||;36966,36966,36965.9,36966,0,0,0,0,1286.145705846692
|||;36966,36966,36965.9,36966,0,0,0,0,1291.145705846692
|||;36966,36966,36965.9,36966,0,0,0,0,1296.145705846692
|||;36966,36966,36965.9,36966,0,0,0,0,1301.145705846692
|||;36966,36966,36965.9,36966,0,0,0,0,1306.145705846692
|||;36966,36966,36965.9,36966,0,0,0,0,1311.145705846692
|||;36966,36966,36965.9,36966,0,0,0,0,1316.145705846692
|||;36966,36966,36965.9,36966,0,0,0,0,1321.145705846692
|||;36966,36966,36965.9,36966,0,0,0,0,1326.145705846692
|||;36966,36966,36965.9,36966,0,0,0,0,1331.145705846692
|||;36966,36966,36965.9,36966,0,0,0,0,1336.145705846692
|||;36966,36966,36965.9,36966,0,0,0,0,1341.145705846692
|||;36966,36966,36965.9,36966,0,0,0,0,1346.145705846692
|||;36966,36966,36965.9,36966,0,0,0,0,1351.145705846692
|||;36966,36966,36965.9,36966,0,0,0,0,1356.145705846692
|||;36966,36966,36965.9,36966,0,0,0,0,1361.145705846692
|||;36966,36966,36965.9,36966,0,0,0,0,1366.145705846692
|||;36966,36966,36965.9,36966,0,0,0,0,1371.145705846692
|||;36966,36966,36965.9,36966,0,0,0,0,1376.145705846692
|||;36966,36966,36965.9,36966,0,0,0,0,1381.145705846692
|||;36966,36966,36965.9,36966,0,0,0,0,1386.145705846692
|||;36966,36966,36965.9,36966,0,0,0,0,1391.145705846692
|||;36966,36966,36965.9,36966,0,0,0,0,1396.145705846692
|||;36966,36966,36965.9,36966,0,0,0,0,1401.145705846692
|||;36966,36966,36965.9,36966,0,0,0,0,1406.145705846692
|||;36966,36966,36965.9,36966,0,0,0,0,1411.145705846692
|||;36966,36966,36965.9,36966,0,0,0,0,1416.145705846692
|||;36966,36966,36965.9,36966,0,0,0,0,1421.145705846692
|||;36966,36966,36965.9,36966,0,0,0,0,1426.145705846692
|||;36966,36966,36965.9,36966,0,0,0,0,1431.145705846692
|||;36966,36966,36965.9,36966,0,0,0,0,1436.145705846692
|||;36966,36966,36965.9,36966,0,0,0,0,1441.145705846692
|||;36966,36966,36965.9,36966,0,0,0,0,1446.145705846692
|||;36966,36966,36965.9,36966,0,0,0,0,1451.145705846692
|||;36966,36966,36965.9,36966,0,0,0,0,1456.145705846692
|||;36966,36966,36965.9,36966,0,0,0,0,1461.145705846692
|||;36966,36966,36965.9,36966,0,0,0,0,1466.145705846692
|||;36966,36966,36965.9,36966,0,0,0,0,1471.145705846692
|||;36966,36966,36965.9,36966,0,0,0,0,1476.145705846692
|||;36966,36966,36965.9,36966,0,0,0,0,1481.145705846692
|||;36966,36966,36965.9,36966,0,0,0,0,1486.145705846692
|||;36966,36966,36965.9,36966,0,0,0,0,1491.145705846692
|||;36966,36966,36965.9,36966,0,0,0,0,1496.145705846692
|||;36966,36966,36965.9,36966,0,0,0,0,1501.145705846692
|||;36966,36966,36965.9,36966,0,0,0,0,1506.145705846692
|||;36966,36966,36965.9,36966,0,0,0,0,1511.145705846692
|||;36966,36966,36965.9,36966,0,0,0,0,1516.145705846692
|||;36966,36966,36965.9,36966,0,0,0,0,1521.145705846692
|||;36966,36966,36965.9,36966,0,0,0,0,1526.145705846692
|||;36966,36966,36965.9,36966,0,0,0,0,1531.145705846692
|||;36966,36966,36965.9,36966,0,0,0,0,1536.145705846692
|||;36966,36966,36965.9,36966,0,0,0,0,1541.145705846692
|||;36966,36966,36965.9,36966,0,0,0,0,1546.145705846692
|||;36966,36966,36965.9,36966,0,0,0,0,1551.145705846692
|||;36966,36966,36965.9,36966,0,0,0,0,1556.145705846692
|||;36966,36966,36965.9,36966,0,0,0,0,1561.145705846692
|||;36966,36966,36965.9,36966,0,0,0,0,1566.145705846692
|||;36966,36966,36965.9,36966,0,0,0,0,1571.145705846692
|||;36966,36966,36965.9,36966,0,0,0,0,1576.145705846692
|||;36966,36966,36965.9,36966,0,0,0,0,1581.145705846692
|||;36966,36966,36965.9,36966,0,0,0,0,1586.145705846692
|||;36966,36966,36965.9,36966,0,0,0,0,1591.145705846692
|||;36966,36966,36965.9,36966,0,0,0,0,1596.145705846692
|||;36966,36966,36965.9,36966,0,0,0,0,1601.145705846692
|||;36966,36966,36965.9,36966,0,0,0,0,1606.145705846692
|||;36966,36966,36965.9,36966,0,0,0,0,1611.145705846692
|||;36966,36966,36965.9,36966,0,0,0,0,1616.145705846692
|||;36966,36966,36965.9,36966,0,0,0,0,1621.145705846692
|||;36966,36966,36965.9,36966,0,0,0,0,1626.145705846692
|||;36966,36966,36965.9,36966,0,0,0,0,1631.145705846692
|||;36966,36966,36965.9,36966,0,0,0,0,1636.145705846692
|||;36966,36966,36965.9,36966,0,0,0,0,1641.145705846692
|||;36966,36966,36965.9,36966,0,0,0,0,1646.145705846692
|||;36966,36966,36965.9,36966,0,0,0,0,1651.145705846692
|||;36966,36966,36965.9,36966,0,0,0,0,1656.145705846692
|||;36966,36966,36965.9,36966,0,0,0,0,1661.145705846692
|||;36966,36966,36965.9,36966,0,0,0,0,1666.145705846692
|||;36966,36966,36965.9,36966,0,0,0,0,1671.145705846692
|||;36966,36966,36965.9,36966,0,0,0,0,1676.145705846692
|||;36966,36966,36965.9,36966,0,0,0,0,1681.145705846692
|||;36966,36966,36965.9,36966,0,0,0,0,1686.145705846692
|||;36966,36966,36965.9,36966,0,0,0,0,1691.145705846692
|||;36966,36966,36965.9,36966,0,0,0,0,1696.145705846692
|||;36966,36966,36965.9,36966,0,0,0,0,1701.145705846692
|||;36966,36966,36965.9,36966,0,0,0,0,1706.145705846692
|||;36966,36966,36965.9,36966,0,0,0,0,1711.145705846692
|||;36966,36966,36965.9,36966,0,0,0,0,1716.145705846692
|||;36966,36966,36965.9,36966,0,0,0,0,1721.145705846692
|||;36966,36966,36965.9,36966,0,0,0,0,1726.145705846692
|||;36966,36966,36965.9,36966,0,0,0,0,1731.145705846692
|||;36966,36966,36965.9,36966,0,0,0,0,1736.145705846692
|||;36966,36966,36965.9,36966,0,0,0,0,1741.145705846692
|||;36966,36966,36965.9,36966,0,0,0,0,1746.145705846692
|||;36966,36966,36965.9,36966,0,0,0,0,1751.145705846692
|||;36966,36966,36965.9,36966,0,0,0,0,1756.145705846692
|||;36966,36966,36965.9,36966,0,0,0,0,1761.145705846692
|||;36966,36966,36965.9,36966,0,0,0,0,1766.145705846692
|||;36966,36966,36965.9,36966,0,0,0,0,1771.145705846692
|||;36966,36966,36965.9,36966,0,0,0,0,1776.145705846692
|||;36966,36966,36965.9,36966,0,0,0,0,1781.145705846692
|||;36966,36966,36965.9,36966,0,0,0,0,1786.145705846692
|||;36966,36966,36965.9,36966,0,0,0,0,1791.145705846692
|||;36966,36966,36965.9,36966,0,0,0,0,1796.145705846692
|||;36966,36966,36965.9,36966,0,0,0,0,1801.145705846692
|||;36966,36966,36965.9,36966,0,0,0,0,1806.145705846692
|||;36966,36966,36965.9,36966,0,0,0,0,1811.145705846692
|||;36966,36966,36965.9,36966,0,0,0,0,1816.145705846692
|||;36966,36966,36965.9,36966,0,0,0,0,1821.145705846692
|||;36966,36966,36965.9,36966,0,0,0,0,1826.145705846692
|||;36966,36966,36965.9,36966,0,0,0,0,1831.145705846692
|||;36966,36966,36965.9,36966,0,0,0,0,1836.145705846692
|||;36966,36966,36965.9,36966,0,0,0,0,1841.145705846692
|||;36966,36966,36965.9,36966,0,0,0,0,1846.145705846692
|||;36966,36966,36965.9,36966,0,0,0,0,1851.145705846692
|||;36966,36966,36965.9,36966,0,0,0,0,1856.145705846692
|||;36966,36966,36965.9,36966,0,0,0,0,1861.145705846692
|||;36966,36966,36965.9,36966,0,0,0,0,1866.145705846692
|||;36966,36966,36965.9,36966,0,0,0,0,1871.145705846692
|||;36966,36966,36965.9,36966,0,0,0,0,1876.145705846692
|||;36966,36966,36965.9,36966,0,0,0,0,1881.145705846692
|||;36966,36966,36965.9,36966,0,0,0,0,1886.145705846692
|||;36966,36966,36965.9,36966,0,0,0,0,1891.145705846692
|||;36966,36966,36965.9,36966,0,0,0,0,1896.145705846692
|||;36966,36966,36965.9,36966,0,0,0,0,1901.145705846692
|||;36966,36966,36965.9,36966,0,0,0,0,1906.145705846692
|||;36966,36966,36965.9,36966,0,0,0,0,1911.145705846692
|||;36966,36966,36965.9,36966,0,0,0,0,1916.145705846692
|||;36966,36966,36965.9,36966,0,0,0,0,1921.145705846692
|||;36966,36966,36965.9,36966,0,0,0,0,1926.145705846692
|||;36966,36966,36965.9,36966,0,0,0,0,1931.145705846692
|||;36966,36966,36965.9,36966,0,0,0,0,1936.145705846692
|||;36966,36966,36965.9,36966,0,0,0,0,1941.145705846692
|||;36966,36966,36965.9,36966,0,0,0,0,1946.145705846692
|||;36966,36966,36965.9,36966,0,0,0,0,1951.145705846692
|||;36966,36966,36965.9,36966,0,0,0,0,1956.145705846692
|||;36966,36966,36965.9,36966,0,0,0,0,1961.145705846692
|||;36966,36966,36965.9,36966,0,0,0,0,1966.145705846692
|||;36966,36966,36965.9,36966,0,0,0,0,1971.145705846692
|||;36966,36966,36965.9,36966,0,0,0,0,1976.145705846692
|||;36966,36966,36965.9,36966,0,0,0,0,1981.145705846692
|||;36966,36966,36965.9,36966,0,0,0,0,1986.145705846692
|||;36966,36966,36965.9,36966,0,0,0,0,1991.145705846692
|||;36966,36966,36965.9,36966,0,0,0,0,1996.145705846692
|||;34713,34713,34713,34713,0,0,0,0,1.145705846692
|||;27750,27750,27750,27750,0,0,0,0,1.145705846692
|||;27750,27750,27750,27750,0,0,0,0,6.145705846692
|||;33075,33075,33075,33075,0,0,0,0,1.145705846692
398ytzbp(2),|||;27084.6,33075,33075,33075,36.78995648727,0,0,0,6.145705846692
398ytzbp(2),|||;27084.6,33075,33075,33075,31.78995648727,0,0,0,11.145705846692
398ytzbp(2),|||;27084.6,33075,33075,33075,26.78995648727,0,0,0,16.145705846692
398ytzbp(2),|||;27084.6,33075,33075,33075,21.78995648727,0,0,0,21.145705846692
398ytzbp(2),|||;27084.6,33075,33075,33075,16.78995648727,0,0,0,26.145705846692
398ytzbp(2),|841nmlxw(2),|304nygwa(2),|;27084.6,24985.4,24166.2,33075,11.78995648727,47.632389205133,53.493909360397,0,31.145705846692
398ytzbp(2),|841nmlxw(2),|304nygwa(2),|;27084.6,24985.4,24166.2,33075,6.78995648727,42.632389205133,48.493909360397,0,36.145705846692
398ytzbp(2),367rodip(1),|841nmlxw(2),|304nygwa(2),|515lkpyx(0),;19660.6,24985.4,24166.2,24422.2,53.097931078148,37.632389205133,43.493909360397,55.771677028514,41.145705846692
367rodip(2),|841nmlxw(2),|304nygwa(2),|515lkpyx(0),;25651,24985.4,24166.2,24422.2,48.097931078148,32.632389205133,38.493909360397,50.771677028514,46.145705846692
367rodip(2),|841nmlxw(2),|304nygwa(2),|515lkpyx(0),;25651,24985.4,24166.2,24422.2,43.097931078148,27.632389205133,33.493909360397,45.771677028514,51.145705846692
367rodip(2),|841nmlxw(2),|304nygwa(2),|515lkpyx(0),;25651,24985.4,24166.2,24422.2,38.097931078148,22.632389205133,28.493909360397,40.771677028514,56.145705846692
|||;33689,33689,33689,33689,0,0,0,0,1.145705846692
|||;33689,33689,33689,33689,0,0,0,0,6.145705846692
|||;20787,20787,20787,20787,0,0,0,0,1.145705846692
|||;26726,26726,26726,26726,0,0,0,0,1.145705846692
|||;18944,18944,18944,18944,0,0,0,0,1.145705846692
|||;32870,32870,32870,32870,0,0,0,0,1.145705846692
|||;34099,34099,34099,34099,0,0,0,0,1.145705846692
|||;34099,34099,34099,34099,0,0,0,0,6.145705846692
|||;35328,35328,35328,35328,0,0,0,0,1.145705846692
|||;18944,18944,18944,18944,0,0,0,0,1.145705846692
|||;23859,23859,23859,23859,0,0,0,0,1.145705846692
|||;23859,23859,23859,23859,0,0,0,0,6.145705846692
|||;32870,32870,32870,32870,0,0,0,0,1.145705846692
|||;32870,32870,32870,32870,0,0,0,0,6.145705846692
|||;19353,19353,19353,19353,0,0,0,0,1.145705846692
