|||;27750,27750,27750,27750,0,0,0,0,1.199780930544
|||;27750,27750,27750,27750,0,0,0,0,6.199780930544
|||;27750,27750,27750,27750,0,0,0,0,11.199780930544
|||;27750,27750,27750,27750,0,0,0,0,16.199780930544
|||;27750,27750,27750,27750,0,0,0,0,21.199780930544
|||;27750,27750,27750,27750,0,0,0,0,26.199780930544
|||;27750,27750,27750,27750,0,0,0,0,31.199780930544
|||;27750,27750,27750,27750,0,0,0,0,36.199780930544
|||;27750,27750,27750,27750,0,0,0,0,41.199780930544
|||;27750,27750,27750,27750,0,0,0,0,46.199780930544
|||;27750,27750,27750,27750,0,0,0,0,51.199780930544
|||;27750,27750,27750,27750,0,0,0,0,56.199780930544
|||;27750,27750,27750,27750,0,0,0,0,61.199780930544
|||;27750,27750,27750,27750,0,0,0,0,66.199780930544
|||;27750,27750,27750,27750,0,0,0,0,71.199780930544
|||;27750,27750,27750,27750,0,0,0,0,76.199780930544
|||;27750,27750,27750,27750,0,0,0,0,81.199780930544
|||;27750,27750,27750,27750,0,0,0,0,86.199780930544
|||;27750,27750,27750,27750,0,0,0,0,91.199780930544
|||;27750,27750,27750,27750,0,0,0,0,96.199780930544
|||;27750,27750,27750,27750,0,0,0,0,101.199780930544
|||;27750,27750,27750,27750,0,0,0,0,106.199780930544
|||;27750,27750,27750,27750,0,0,0,0,111.199780930544
|||;27750,27750,27750,27750,0,0,0,0,116.199780930544
|||;27750,27750,27750,27750,0,0,0,0,121.199780930544
|||;27750,27750,27750,27750,0,0,0,0,126.199780930544
|||;27750,27750,27750,27750,0,0,0,0,131.199780930544
|||;27750,27750,27750,27750,0,0,0,0,136.199780930544
|||;27750,27750,27750,27750,0,0,0,0,141.199780930544
|||;27750,27750,27750,27750,0,0,0,0,146.199780930544
|||;27750,27750,27750,27750,0,0,0,0,151.199780930544
|||;27750,27750,27750,27750,0,0,0,0,156.199780930544
|||;27750,27750,27750,27750,0,0,0,0,161.199780930544
|||;27750,27750,27750,27750,0,0,0,0,166.199780930544
|||;27750,27750,27750,27750,0,0,0,0,171.199780930544
|||;27750,27750,27750,27750,0,0,0,0,176.199780930544
|||;27750,27750,27750,27750,0,0,0,0,181.199780930544
|||;27750,27750,27750,27750,0,0,0,0,186.199780930544
|||;27750,27750,27750,27750,0,0,0,0,191.199780930544
|||;27750,27750,27750,27750,0,0,0,0,196.199780930544
|||;27750,27750,27750,27750,0,0,0,0,201.199780930544
|||;27750,27750,27750,27750,0,0,0,0,206.199780930544
|||;27750,27750,27750,27750,0,0,0,0,211.199780930544
|||;27750,27750,27750,27750,0,0,0,0,216.199780930544
|||;27750,27750,27750,27750,0,0,0,0,221.199780930544
|||;27750,27750,27750,27750,0,0,0,0,226.199780930544
|||;27750,27750,27750,27750,0,0,0,0,231.199780930544
|||;27750,27750,27750,27750,0,0,0,0,236.199780930544
|||;27750,27750,27750,27750,0,0,0,0,241.199780930544
|||;27750,27750,27750,27750,0,0,0,0,246.199780930544
|||;27750,27750,27750,27750,0,0,0,0,251.199780930544
|||;27750,27750,27750,27750,0,0,0,0,256.199780930544
|||;27750,27750,27750,27750,0,0,0,0,261.199780930544
|||;27750,27750,27750,27750,0,0,0,0,266.199780930544
|||;27750,27750,27750,27750,0,0,0,0,271.199780930544
|||;27750,27750,27750,27750,0,0,0,0,276.199780930544
|||;27750,27750,27750,27750,0,0,0,0,281.199780930544
|||;27750,27750,27750,27750,0,0,0,0,286.199780930544
|||;27750,27750,27750,27750,0,0,0,0,291.199780930544
|||;27750,27750,27750,27750,0,0,0,0,296.199780930544
|||;27750,27750,27750,27750,0,0,0,0,301.199780930544
|||;27750,27750,27750,27750,0,0,0,0,306.199780930544
|||;27750,27750,27750,27750,0,0,0,0,311.199780930544
|||;27750,27750,27750,27750,0,0,0,0,316.199780930544
|||;27750,27750,27750,27750,0,0,0,0,321.199780930544
|||;27750,27750,27750,27750,0,0,0,0,326.199780930544
|||;27750,27750,27750,27750,0,0,0,0,331.199780930544
|||;27750,27750,27750,27750,0,0,0,0,336.199780930544
|||;27750,27750,27750,27750,0,0,0,0,341.199780930544
|||;27750,27750,27750,27750,0,0,0,0,346.199780930544
|||;27750,27750,27750,27750,0,0,0,0,351.199780930544
|||;27750,27750,27750,27750,0,0,0,0,356.199780930544
|||;27750,27750,27750,27750,0,0,0,0,361.199780930544
|||;27750,27750,27750,27750,0,0,0,0,366.199780930544
|||;27750,27750,27750,27750,0,0,0,0,371.199780930544
|||;27750,27750,27750,27750,0,0,0,0,376.199780930544
|||;27750,27750,27750,27750,0,0,0,0,381.199780930544
|||;27750,27750,27750,27750,0,0,0,0,386.199780930544
|||;27750,27750,27750,27750,0,0,0,0,391.199780930544
|||;27750,27750,27750,27750,0,0,0,0,396.199780930544
|||;27750,27750,27750,27750,0,0,0,0,401.199780930544
|||;27750,27750,27750,27750,0,0,0,0,406.199780930544
|||;27750,27750,27750,27750,0,0,0,0,411.199780930544
|||;27750,27750,27750,27750,0,0,0,0,416.199780930544
|||;27750,27750,27750,27750,0,0,0,0,421.199780930544
|||;27750,27750,27750,27750,0,0,0,0,426.199780930544
|||;27750,27750,27750,27750,0,0,0,0,431.199780930544
|||;27750,27750,27750,27750,0,0,0,0,436.199780930544
|||;27750,27750,27750,27750,0,0,0,0,441.199780930544
|||;27750,27750,27750,27750,0,0,0,0,446.199780930544
|||;27750,27750,27750,27750,0,0,0,0,451.199780930544
|||;27750,27750,27750,27750,0,0,0,0,456.199780930544
|||;27750,27750,27750,27750,0,0,0,0,461.199780930544
|||;27750,27750,27750,27750,0,0,0,0,466.199780930544
|||;27750,27750,27750,27750,0,0,0,0,471.199780930544
|||;27750,27750,27750,27750,0,0,0,0,476.199780930544
|||;27750,27750,27750,27750,0,0,0,0,481.199780930544
|||;27750,27750,27750,27750,0,0,0,0,486.199780930544
|||;27750,27750,27750,27750,0,0,0,0,491.199780930544
|||;27750,27750,27750,27750,0,0,0,0,496.199780930544
|||;27750,27750,27750,27750,0,0,0,0,501.199780930544
|||;27750,27750,27750,27750,0,0,0,0,506.199780930544
|||;27750,27750,27750,27750,0,0,0,0,511.199780930544
|||;27750,27750,27750,27750,0,0,0,0,516.199780930544
|||;27750,27750,27750,27750,0,0,0,0,521.199780930544
|||;27750,27750,27750,27750,0,0,0,0,526.199780930544
|||;27750,27750,27750,27750,0,0,0,0,531.199780930544
|||;27750,27750,27750,27750,0,0,0,0,536.199780930544
|||;27750,27750,27750,27750,0,0,0,0,541.199780930544
|||;27750,27750,27750,27750,0,0,0,0,546.199780930544
|||;27750,27750,27750,27750,0,0,0,0,551.199780930544
|||;27750,27750,27750,27750,0,0,0,0,556.199780930544
|||;27750,27750,27750,27750,0,0,0,0,561.199780930544
|||;27750,27750,27750,27750,0,0,0,0,566.199780930544
|||;27750,27750,27750,27750,0,0,0,0,571.199780930544
|||;27750,27750,27750,27750,0,0,0,0,576.199780930544
|||;27750,27750,27750,27750,0,0,0,0,581.199780930544
|||;27750,27750,27750,27750,0,0,0,0,586.199780930544
|||;27750,27750,27750,27750,0,0,0,0,591.199780930544
|||;27750,27750,27750,27750,0,0,0,0,596.199780930544
|||;27750,27750,27750,27750,0,0,0,0,601.199780930544
|||;27750,27750,27750,27750,0,0,0,0,606.199780930544
|||;27750,27750,27750,27750,0,0,0,0,611.199780930544
|||;27750,27750,27750,27750,0,0,0,0,616.199780930544
|||;27750,27750,27750,27750,0,0,0,0,621.199780930544
|||;27750,27750,27750,27750,0,0,0,0,626.199780930544
|||;27750,27750,27750,27750,0,0,0,0,631.199780930544
|||;27750,27750,27750,27750,0,0,0,0,636.199780930544
|||;27750,27750,27750,27750,0,0,0,0,641.199780930544
|||;27750,27750,27750,27750,0,0,0,0,646.199780930544
|||;27750,27750,27750,27750,0,0,0,0,651.199780930544
|||;27750,27750,27750,27750,0,0,0,0,656.199780930544
|||;27750,27750,27750,27750,0,0,0,0,661.199780930544
|||;27750,27750,27750,27750,0,0,0,0,666.199780930544
|||;27750,27750,27750,27750,0,0,0,0,671.199780930544
|||;27750,27750,27750,27750,0,0,0,0,676.199780930544
|||;27750,27750,27750,27750,0,0,0,0,681.199780930544
|||;27750,27750,27750,27750,0,0,0,0,686.199780930544
|||;27750,27750,27750,27750,0,0,0,0,691.199780930544
|||;27750,27750,27750,27750,0,0,0,0,696.199780930544
|||;27750,27750,27750,27750,0,0,0,0,701.199780930544
|||;27750,27750,27750,27750,0,0,0,0,706.199780930544
|||;27750,27750,27750,27750,0,0,0,0,711.199780930544
|||;27750,27750,27750,27750,0,0,0,0,716.199780930544
|||;27750,27750,27750,27750,0,0,0,0,721.199780930544
|||;27750,27750,27750,27750,0,0,0,0,726.199780930544
|||;27750,27750,27750,27750,0,0,0,0,731.199780930544
|||;27750,27750,27750,27750,0,0,0,0,736.199780930544
|||;27750,27750,27750,27750,0,0,0,0,741.199780930544
|||;27750,27750,27750,27750,0,0,0,0,746.199780930544
|||;27750,27750,27750,27750,0,0,0,0,751.199780930544
|||;27750,27750,27750,27750,0,0,0,0,756.199780930544
|||;27750,27750,27750,27750,0,0,0,0,761.199780930544
|||;27750,27750,27750,27750,0,0,0,0,766.199780930544
|||;27750,27750,27750,27750,0,0,0,0,771.199780930544
|||;27750,27750,27750,27750,0,0,0,0,776.199780930544
|||;27750,27750,27750,27750,0,0,0,0,781.199780930544
|||;27750,27750,27750,27750,0,0,0,0,786.199780930544
|||;27750,27750,27750,27750,0,0,0,0,791.199780930544
|||;27750,27750,27750,27750,0,0,0,0,796.199780930544
|||;27750,27750,27750,27750,0,0,0,0,801.199780930544
|||;27750,27750,27750,27750,0,0,0,0,806.199780930544
|||;27750,27750,27750,27750,0,0,0,0,811.199780930544
|||;27750,27750,27750,27750,0,0,0,0,816.199780930544
|||;27750,27750,27750,27750,0,0,0,0,821.199780930544
|||;27750,27750,27750,27750,0,0,0,0,826.199780930544
|||;27750,27750,27750,27750,0,0,0,0,831.199780930544
|||;27750,27750,27750,27750,0,0,0,0,836.199780930544
|||;27750,27750,27750,27750,0,0,0,0,841.199780930544
|||;27750,27750,27750,27750,0,0,0,0,846.199780930544
|||;27750,27750,27750,27750,0,0,0,0,851.199780930544
|||;27750,27750,27750,27750,0,0,0,0,856.199780930544
|||;27750,27750,27750,27750,0,0,0,0,861.199780930544
|||;27750,27750,27750,27750,0,0,0,0,866.199780930544
|||;27750,27750,27750,27750,0,0,0,0,871.199780930544
|||;27750,27750,27750,27750,0,0,0,0,876.199780930544
|||;27750,27750,27750,27750,0,0,0,0,881.199780930544
|||;27750,27750,27750,27750,0,0,0,0,886.199780930544
|||;27750,27750,27750,27750,0,0,0,0,891.199780930544
|||;27750,27750,27750,27750,0,0,0,0,896.199780930544
|||;27750,27750,27750,27750,0,0,0,0,901.199780930544
|||;27750,27750,27750,27750,0,0,0,0,906.199780930544
|||;27750,27750,27750,27750,0,0,0,0,911.199780930544
|||;27750,27750,27750,27750,0,0,0,0,916.199780930544
|||;27750,27750,27750,27750,0,0,0,0,921.199780930544
|||;27750,27750,27750,27750,0,0,0,0,926.199780930544
|||;27750,27750,27750,27750,0,0,0,0,931.199780930544
|||;27750,27750,27750,27750,0,0,0,0,936.199780930544
|||;27750,27750,27750,27750,0,0,0,0,941.199780930544
|||;27750,27750,27750,27750,0,0,0,0,946.199780930544
|||;27750,27750,27750,27750,0,0,0,0,951.199780930544
|||;27750,27750,27750,27750,0,0,0,0,956.199780930544
|||;27750,27750,27750,27750,0,0,0,0,961.199780930544
|||;27750,27750,27750,27750,0,0,0,0,966.199780930544
|||;27750,27750,27750,27750,0,0,0,0,971.199780930544
|||;27750,27750,27750,27750,0,0,0,0,976.199780930544
|||;27750,27750,27750,27750,0,0,0,0,981.199780930544
|||;27750,27750,27750,27750,0,0,0,0,986.199780930544
|||;27750,27750,27750,27750,0,0,0,0,991.199780930544
|||;27750,27750,27750,27750,0,0,0,0,996.199780930544
|||;27750,27750,27750,27750,0,0,0,0,1001.199780930544
|||;27750,27750,27750,27750,0,0,0,0,1006.199780930544
|||;27750,27750,27750,27750,0,0,0,0,1011.199780930544
|||;27750,27750,27750,27750,0,0,0,0,1016.199780930544
|||;27750,27750,27750,27750,0,0,0,0,1021.199780930544
|||;27750,27750,27750,27750,0,0,0,0,1026.199780930544
|||;27750,27750,27750,27750,0,0,0,0,1031.199780930544
|||;27750,27750,27750,27750,0,0,0,0,1036.199780930544
|||;27750,27750,27750,27750,0,0,0,0,1041.199780930544
|||;27750,27750,27750,27750,0,0,0,0,1046.199780930544
|||;27750,27750,27750,27750,0,0,0,0,1051.199780930544
|||;27750,27750,27750,27750,0,0,0,0,1056.199780930544
|||;27750,27750,27750,27750,0,0,0,0,1061.199780930544
|||;27750,27750,27750,27750,0,0,0,0,1066.199780930544
|||;27750,27750,27750,27750,0,0,0,0,1071.199780930544
|||;27750,27750,27750,27750,0,0,0,0,1076.199780930544
|||;27750,27750,27750,27750,0,0,0,0,1081.199780930544
|||;27750,27750,27750,27750,0,0,0,0,1086.199780930544
|||;27750,27750,27750,27750,0,0,0,0,1091.199780930544
|||;27750,27750,27750,27750,0,0,0,0,1096.199780930544
|||;27750,27750,27750,27750,0,0,0,0,1101.199780930544
|||;27750,27750,27750,27750,0,0,0,0,1106.199780930544
|||;27750,27750,27750,27750,0,0,0,0,1111.199780930544
|||;27750,27750,27750,27750,0,0,0,0,1116.199780930544
|||;27750,27750,27750,27750,0,0,0,0,1121.199780930544
|||;27750,27750,27750,27750,0,0,0,0,1126.199780930544
|||;27750,27750,27750,27750,0,0,0,0,1131.199780930544
|||;27750,27750,27750,27750,0,0,0,0,1136.199780930544
|||;27750,27750,27750,27750,0,0,0,0,1141.199780930544
|||;27750,27750,27750,27750,0,0,0,0,1146.199780930544
|||;27750,27750,27750,27750,0,0,0,0,1151.199780930544
|||;27750,27750,27750,27750,0,0,0,0,1156.199780930544
|||;27750,27750,27750,27750,0,0,0,0,1161.199780930544
|||;27750,27750,27750,27750,0,0,0,0,1166.199780930544
|||;27750,27750,27750,27750,0,0,0,0,1171.199780930544
|||;27750,27750,27750,27750,0,0,0,0,1176.199780930544
|||;27750,27750,27750,27750,0,0,0,0,1181.199780930544
|||;27750,27750,27750,27750,0,0,0,0,1186.199780930544
|||;27750,27750,27750,27750,0,0,0,0,1191.199780930544
|||;27750,27750,27750,27750,0,0,0,0,1196.199780930544
|||;27750,27750,27750,27750,0,0,0,0,1201.199780930544
|||;27750,27750,27750,27750,0,0,0,0,1206.199780930544
|||;27750,27750,27750,27750,0,0,0,0,1211.199780930544
|||;27750,27750,27750,27750,0,0,0,0,1216.199780930544
|||;27750,27750,27750,27750,0,0,0,0,1221.199780930544
|||;27750,27750,27750,27750,0,0,0,0,1226.199780930544
|||;27750,27750,27750,27750,0,0,0,0,1231.199780930544
|||;27750,27750,27750,27750,0,0,0,0,1236.199780930544
|||;27750,27750,27750,27750,0,0,0,0,1241.199780930544
|||;27750,27750,27750,27750,0,0,0,0,1246.199780930544
|||;27750,27750,27750,27750,0,0,0,0,1251.199780930544
|||;27750,27750,27750,27750,0,0,0,0,1256.199780930544
|||;27750,27750,27750,27750,0,0,0,0,1261.199780930544
|||;27750,27750,27750,27750,0,0,0,0,1266.199780930544
|||;27750,27750,27750,27750,0,0,0,0,1271.199780930544
|||;27750,27750,27750,27750,0,0,0,0,1276.199780930544
|||;27750,27750,27750,27750,0,0,0,0,1281.199780930544
|||;27750,27750,27750,27750,0,0,0,0,1286.199780930544
|||;27750,27750,27750,27750,0,0,0,0,1291.199780930544
|||;27750,27750,27750,27750,0,0,0,0,1296.199780930544
|||;27750,27750,27750,27750,0,0,0,0,1301.199780930544
|||;27750,27750,27750,27750,0,0,0,0,1306.199780930544
|||;27750,27750,27750,27750,0,0,0,0,1311.199780930544
|||;27750,27750,27750,27750,0,0,0,0,1316.199780930544
|||;27750,27750,27750,27750,0,0,0,0,1321.199780930544
|||;27750,27750,27750,27750,0,0,0,0,1326.199780930544
|||;27750,27750,27750,27750,0,0,0,0,1331.199780930544
|||;27750,27750,27750,27750,0,0,0,0,1336.199780930544
|||;27750,27750,27750,27750,0,0,0,0,1341.199780930544
|||;27750,27750,27750,27750,0,0,0,0,1346.199780930544
|||;27750,27750,27750,27750,0,0,0,0,1351.199780930544
|||;27750,27750,27750,27750,0,0,0,0,1356.199780930544
|||;27750,27750,27750,27750,0,0,0,0,1361.199780930544
|||;27750,27750,27750,27750,0,0,0,0,1366.199780930544
|||;27750,27750,27750,27750,0,0,0,0,1371.199780930544
|||;27750,27750,27750,27750,0,0,0,0,1376.199780930544
|||;27750,27750,27750,27750,0,0,0,0,1381.199780930544
|||;27750,27750,27750,27750,0,0,0,0,1386.199780930544
|||;27750,27750,27750,27750,0,0,0,0,1391.199780930544
|||;27750,27750,27750,27750,0,0,0,0,1396.199780930544
|||;27750,27750,27750,27750,0,0,0,0,1401.199780930544
|||;27750,27750,27750,27750,0,0,0,0,1406.199780930544
|||;27750,27750,27750,27750,0,0,0,0,1411.199780930544
|||;27750,27750,27750,27750,0,0,0,0,1416.199780930544
|||;27750,27750,27750,27750,0,0,0,0,1421.199780930544
|||;27750,27750,27750,27750,0,0,0,0,1426.199780930544
|||;27750,27750,27750,27750,0,0,0,0,1431.199780930544
|||;27750,27750,27750,27750,0,0,0,0,1436.199780930544
|||;27750,27750,27750,27750,0,0,0,0,1441.199780930544
|||;27750,27750,27750,27750,0,0,0,0,1446.199780930544
|||;27750,27750,27750,27750,0,0,0,0,1451.199780930544
|||;27750,27750,27750,27750,0,0,0,0,1456.199780930544
|||;27750,27750,27750,27750,0,0,0,0,1461.199780930544
|||;27750,27750,27750,27750,0,0,0,0,1466.199780930544
|||;27750,27750,27750,27750,0,0,0,0,1471.199780930544
|||;27750,27750,27750,27750,0,0,0,0,1476.199780930544
|||;27750,27750,27750,27750,0,0,0,0,1481.199780930544
|||;27750,27750,27750,27750,0,0,0,0,1486.199780930544
|||;27750,27750,27750,27750,0,0,0,0,1491.199780930544
|||;27750,27750,27750,27750,0,0,0,0,1496.199780930544
|||;27750,27750,27750,27750,0,0,0,0,1501.199780930544
|||;27750,27750,27750,27750,0,0,0,0,1506.199780930544
|||;27750,27750,27750,27750,0,0,0,0,1511.199780930544
|||;27750,27750,27750,27750,0,0,0,0,1516.199780930544
|||;27750,27750,27750,27750,0,0,0,0,1521.199780930544
|||;27750,27750,27750,27750,0,0,0,0,1526.199780930544
|||;27750,27750,27750,27750,0,0,0,0,1531.199780930544
|||;27750,27750,27750,27750,0,0,0,0,1536.199780930544
|||;27750,27750,27750,27750,0,0,0,0,1541.199780930544
|||;27750,27750,27750,27750,0,0,0,0,1546.199780930544
|||;27750,27750,27750,27750,0,0,0,0,1551.199780930544
|||;27750,27750,27750,27750,0,0,0,0,1556.199780930544
|||;27750,27750,27750,27750,0,0,0,0,1561.199780930544
|||;27750,27750,27750,27750,0,0,0,0,1566.199780930544
|||;27750,27750,27750,27750,0,0,0,0,1571.199780930544
|||;27750,27750,27750,27750,0,0,0,0,1576.199780930544
|||;27750,27750,27750,27750,0,0,0,0,1581.199780930544
|||;27750,27750,27750,27750,0,0,0,0,1586.199780930544
|||;27750,27750,27750,27750,0,0,0,0,1591.199780930544
|||;27750,27750,27750,27750,0,0,0,0,1596.199780930544
|||;27750,27750,27750,27750,0,0,0,0,1601.199780930544
|||;27750,27750,27750,27750,0,0,0,0,1606.199780930544
|||;27750,27750,27750,27750,0,0,0,0,1611.199780930544
|||;27750,27750,27750,27750,0,0,0,0,1616.199780930544
|||;27750,27750,27750,27750,0,0,0,0,1621.199780930544
|||;27750,27750,27750,27750,0,0,0,0,1626.199780930544
|||;27750,27750,27750,27750,0,0,0,0,1631.199780930544
|||;27750,27750,27750,27750,0,0,0,0,1636.199780930544
|||;27750,27750,27750,27750,0,0,0,0,1641.199780930544
|||;27750,27750,27750,27750,0,0,0,0,1646.199780930544
|||;27750,27750,27750,27750,0,0,0,0,1651.199780930544
|||;27750,27750,27750,27750,0,0,0,0,1656.199780930544
|||;27750,27750,27750,27750,0,0,0,0,1661.199780930544
|||;27750,27750,27750,27750,0,0,0,0,1666.199780930544
|||;27750,27750,27750,27750,0,0,0,0,1671.199780930544
|||;27750,27750,27750,27750,0,0,0,0,1676.199780930544
|||;27750,27750,27750,27750,0,0,0,0,1681.199780930544
|||;27750,27750,27750,27750,0,0,0,0,1686.199780930544
|||;27750,27750,27750,27750,0,0,0,0,1691.199780930544
|||;27750,27750,27750,27750,0,0,0,0,1696.199780930544
|||;27750,27750,27750,27750,0,0,0,0,1701.199780930544
|||;27750,27750,27750,27750,0,0,0,0,1706.199780930544
|||;27750,27750,27750,27750,0,0,0,0,1711.199780930544
|||;27750,27750,27750,27750,0,0,0,0,1716.199780930544
|||;27750,27750,27750,27750,0,0,0,0,1721.199780930544
|||;27750,27750,27750,27750,0,0,0,0,1726.199780930544
|||;27750,27750,27750,27750,0,0,0,0,1731.199780930544
|||;27750,27750,27750,27750,0,0,0,0,1736.199780930544
|||;27750,27750,27750,27750,0,0,0,0,1741.199780930544
|||;27750,27750,27750,27750,0,0,0,0,1746.199780930544
|||;27750,27750,27750,27750,0,0,0,0,1751.199780930544
|||;27750,27750,27750,27750,0,0,0,0,1756.199780930544
|||;27750,27750,27750,27750,0,0,0,0,1761.199780930544
|||;27750,27750,27750,27750,0,0,0,0,1766.199780930544
|||;27750,27750,27750,27750,0,0,0,0,1771.199780930544
|||;27750,27750,27750,27750,0,0,0,0,1776.199780930544
|||;27750,27750,27750,27750,0,0,0,0,1781.199780930544
|||;27750,27750,27750,27750,0,0,0,0,1786.199780930544
|||;27750,27750,27750,27750,0,0,0,0,1791.199780930544
|||;27750,27750,27750,27750,0,0,0,0,1796.199780930544
|||;27750,27750,27750,27750,0,0,0,0,1801.199780930544
|||;27750,27750,27750,27750,0,0,0,0,1806.199780930544
|||;27750,27750,27750,27750,0,0,0,0,1811.199780930544
|||;27750,27750,27750,27750,0,0,0,0,1816.199780930544
|||;27750,27750,27750,27750,0,0,0,0,1821.199780930544
|||;27750,27750,27750,27750,0,0,0,0,1826.199780930544
|||;27750,27750,27750,27750,0,0,0,0,1831.199780930544
|||;27750,27750,27750,27750,0,0,0,0,1836.199780930544
|||;27750,27750,27750,27750,0,0,0,0,1841.199780930544
|||;27750,27750,27750,27750,0,0,0,0,1846.199780930544
|||;27750,27750,27750,27750,0,0,0,0,1851.199780930544
|||;27750,27750,27750,27750,0,0,0,0,1856.199780930544
|||;27750,27750,27750,27750,0,0,0,0,1861.199780930544
|||;27750,27750,27750,27750,0,0,0,0,1866.199780930544
|||;27750,27750,27750,27750,0,0,0,0,1871.199780930544
|||;27750,27750,27750,27750,0,0,0,0,1876.199780930544
|||;27750,27750,27750,27750,0,0,0,0,1881.199780930544
|||;27750,27750,27750,27750,0,0,0,0,1886.199780930544
|||;27750,27750,27750,27750,0,0,0,0,1891.199780930544
|||;27750,27750,27750,27750,0,0,0,0,1896.199780930544
|||;27750,27750,27750,27750,0,0,0,0,1901.199780930544
|||;27750,27750,27750,27750,0,0,0,0,1906.199780930544
|||;27750,27750,27750,27750,0,0,0,0,1911.199780930544
|||;27750,27750,27750,27750,0,0,0,0,1916.199780930544
|||;27750,27750,27750,27750,0,0,0,0,1921.199780930544
|||;27750,27750,27750,27750,0,0,0,0,1926.199780930544
|||;27750,27750,27750,27750,0,0,0,0,1931.199780930544
|||;27750,27750,27750,27750,0,0,0,0,1936.199780930544
|||;27750,27750,27750,27750,0,0,0,0,1941.199780930544
|||;27750,27750,27750,27750,0,0,0,0,1946.199780930544
|||;27750,27750,27750,27750,0,0,0,0,1951.199780930544
|||;27750,27750,27750,27750,0,0,0,0,1956.199780930544
|||;27750,27750,27750,27750,0,0,0,0,1961.199780930544
|||;27750,27750,27750,27750,0,0,0,0,1966.199780930544
|||;27750,27750,27750,27750,0,0,0,0,1971.199780930544
|||;27750,27750,27750,27750,0,0,0,0,1976.199780930544
|||;27750,27750,27750,27750,0,0,0,0,1981.199780930544
|||;27750,27750,27750,27750,0,0,0,0,1986.199780930544
|||;27750,27750,27750,27750,0,0,0,0,1991.199780930544
|||;27750,27750,27750,27750,0,0,0,0,1996.199780930544
|||;18124,18124,18124,18124,0,0,0,0,1.199780930544
|||;34918,34918,34918,34918,0,0,0,0,1.199780930544
|||;34918,34918,34918,34918,0,0,0,0,6.199780930544
|||;36147,36147,36147,36147,0,0,0,0,1.199780930544
|||;36147,36147,36147,36147,0,0,0,0,6.199780930544
|||;36147,36147,36147,36147,0,0,0,0,11.199780930544
|||;36147,36147,36147,36147,0,0,0,0,16.199780930544
|||;36147,36147,36147,36147,0,0,0,0,21.199780930544
|||;36147,36147,36147,36147,0,0,0,0,26.199780930544
|||;36147,36147,36147,36147,0,0,0,0,31.199780930544
|||;36147,36147,36147,36147,0,0,0,0,36.199780930544
|||;36147,36147,36147,36147,0,0,0,0,41.199780930544
|||;36147,36147,36147,36147,0,0,0,0,46.199780930544
|||;36147,36147,36147,36147,0,0,0,0,51.199780930544
|||;36147,36147,36147,36147,0,0,0,0,56.199780930544
|||;18329,18329,18329,18329,0,0,0,0,1.199780930544
|||;18329,18329,18329,18329,0,0,0,0,6.199780930544
|||;33075,33075,33075,33075,0,0,0,0,1.199780930544
|||;24678,24678,24678,24678,0,0,0,0,1.199780930544
|||;36966,36966,36966,36966,0,0,0,0,1.199780930544
|||;29798,29798,29798,29798,0,0,0,0,1.199780930544
|||;28979,28979,28979,28979,0,0,0,0,1.199780930544
|||;28979,28979,28979,28979,0,0,0,0,6.199780930544
|||;27955,27955,27955,27955,0,0,0,0,1.199780930544
|||;36966,36966,36966,36966,0,0,0,0,1.199780930544
|||;32665,32665,32665,32665,0,0,0,0,1.199780930544
|||;32665,32665,32665,32665,0,0,0,0,6.199780930544
|||;32665,32665,32665,32665,0,0,0,0,1.199780930544
|||;32665,32665,32665,32665,0,0,0,0,6.199780930544
|||;38195,38195,38195,38195,0,0,0,0,1.199780930544
