|||;33280,33280,33280,33280,0,0,0,0,1.126956317818
818hloke(2),|818hloke(2),|818hloke(2),|818hloke(2),;30638.1,30638.1,31518.7,31518.7,9.704055066275,9.704055066275,6.023339311173,6.023339311173,6.126956317818
818hloke(2),|818hloke(2),|818hloke(2),|818hloke(2),;30638.1,30638.1,31518.7,31518.7,4.704055066275,4.704055066275,1.023339311173,1.023339311173,11.126956317818
|||;33280,33280,33280,33280,0,0,0,0,16.126956317818
|||;33280,33280,33280,33280,0,0,0,0,21.126956317818
|||;33280,33280,33280,33280,0,0,0,0,26.126956317818
|||;33280,33280,33280,33280,0,0,0,0,31.126956317818
|||;33280,33280,33280,33280,0,0,0,0,36.126956317818
|||;33280,33280,33280,33280,0,0,0,0,41.126956317818
|||;33280,33280,33280,33280,0,0,0,0,46.126956317818
|||;33280,33280,33280,33280,0,0,0,0,51.126956317818
|||;33280,33280,33280,33280,0,0,0,0,56.126956317818
|||;33280,33280,33280,33280,0,0,0,0,61.126956317818
|||;33280,33280,33280,33280,0,0,0,0,66.126956317818
|||;33280,33280,33280,33280,0,0,0,0,71.126956317818
|||;33280,33280,33280,33280,0,0,0,0,76.126956317818
|||;33280,33280,33280,33280,0,0,0,0,81.126956317818
|||;33280,33280,33280,33280,0,0,0,0,86.126956317818
|||;33280,33280,33280,33280,0,0,0,0,91.126956317818
|||;33280,33280,33280,33280,0,0,0,0,96.126956317818
|||;33280,33280,33280,33280,0,0,0,0,101.126956317818
|||;33280,33280,33280,33280,0,0,0,0,106.126956317818
|||;33280,33280,33280,33280,0,0,0,0,111.126956317818
|||;33280,33280,33280,33280,0,0,0,0,116.126956317818
|||;33280,33280,33280,33280,0,0,0,0,121.126956317818
465jyuzl(2),|465jyuzl(2),|465jyuzl(2),|465jyuzl(2),;30530.6,30530.6,31447,31447,10.437782948129,10.437782948129,6.607270621598,6.607270621598,126.126956317818
465jyuzl(2),|465jyuzl(2),|465jyuzl(2),|465jyuzl(2),;30530.6,30530.6,31447,31447,5.437782948129,5.437782948129,1.607270621598,1.607270621598,131.126956317818
465jyuzl(2),|465jyuzl(2),||;30530.6,30530.6,33280,33280,0.437782948129,0.437782948129,0,0,136.126956317818
|||;33280,33280,33280,33280,0,0,0,0,141.126956317818
|||;33280,33280,33280,33280,0,0,0,0,146.126956317818
|||;33280,33280,33280,33280,0,0,0,0,151.126956317818
|||;33280,33280,33280,33280,0,0,0,0,156.126956317818
|||;33280,33280,33280,33280,0,0,0,0,161.126956317818
|||;33280,33280,33280,33280,0,0,0,0,166.126956317818
|||;33280,33280,33280,33280,0,0,0,0,171.126956317818
|||;33280,33280,33280,33280,0,0,0,0,176.126956317818
|||;33280,33280,33280,33280,0,0,0,0,181.126956317818
|||;33280,33280,33280,33280,0,0,0,0,186.126956317818
|||;33280,33280,33280,33280,0,0,0,0,191.126956317818
|||;33280,33280,33280,33280,0,0,0,0,196.126956317818
|||;33280,33280,33280,33280,0,0,0,0,201.126956317818
|||;33280,33280,33280,33280,0,0,0,0,206.126956317818
|||;33280,33280,33280,33280,0,0,0,0,211.126956317818
|||;33280,33280,33280,33280,0,0,0,0,216.126956317818
|||;33280,33280,33280,33280,0,0,0,0,221.126956317818
|||;33280,33280,33280,33280,0,0,0,0,226.126956317818
|||;33280,33280,33280,33280,0,0,0,0,231.126956317818
|||;33280,33280,33280,33280,0,0,0,0,236.126956317818
|||;33280,33280,33280,33280,0,0,0,0,241.126956317818
|||;33280,33280,33280,33280,0,0,0,0,246.126956317818
|||;33280,33280,33280,33280,0,0,0,0,251.126956317818
|||;33280,33280,33280,33280,0,0,0,0,256.126956317818
|||;33280,33280,33280,33280,0,0,0,0,261.126956317818
|||;33280,33280,33280,33280,0,0,0,0,266.126956317818
|||;33280,33280,33280,33280,0,0,0,0,271.126956317818
|||;33280,33280,33280,33280,0,0,0,0,276.126956317818
|||;33280,33280,33280,33280,0,0,0,0,281.126956317818
|||;33280,33280,33280,33280,0,0,0,0,286.126956317818
|||;33280,33280,33280,33280,0,0,0,0,291.126956317818
|||;33280,33280,33280,33280,0,0,0,0,296.126956317818
|||;33280,33280,33280,33280,0,0,0,0,301.126956317818
|||;33280,33280,33280,33280,0,0,0,0,306.126956317818
|||;33280,33280,33280,33280,0,0,0,0,311.126956317818
|||;33280,33280,33280,33280,0,0,0,0,316.126956317818
|||;33280,33280,33280,33280,0,0,0,0,321.126956317818
|||;33280,33280,33280,33280,0,0,0,0,326.126956317818
|||;33280,33280,33280,33280,0,0,0,0,331.126956317818
|||;33280,33280,33280,33280,0,0,0,0,336.126956317818
|||;33280,33280,33280,33280,0,0,0,0,341.126956317818
|||;33280,33280,33280,33280,0,0,0,0,346.126956317818
|||;33280,33280,33280,33280,0,0,0,0,351.126956317818
|||;33280,33280,33280,33280,0,0,0,0,356.126956317818
|||;33280,33280,33280,33280,0,0,0,0,361.126956317818
|||;33280,33280,33280,33280,0,0,0,0,366.126956317818
|||;33280,33280,33280,33280,0,0,0,0,371.126956317818
|||;33280,33280,33280,33280,0,0,0,0,376.126956317818
|||;33280,33280,33280,33280,0,0,0,0,381.126956317818
|||;33280,33280,33280,33280,0,0,0,0,386.126956317818
|||;33280,33280,33280,33280,0,0,0,0,391.126956317818
|||;33280,33280,33280,33280,0,0,0,0,396.126956317818
|||;33280,33280,33280,33280,0,0,0,0,401.126956317818
|||;33280,33280,33280,33280,0,0,0,0,406.126956317818
|||;33280,33280,33280,33280,0,0,0,0,411.126956317818
|||;33280,33280,33280,33280,0,0,0,0,416.126956317818
|||;33280,33280,33280,33280,0,0,0,0,421.126956317818
|||;33280,33280,33280,33280,0,0,0,0,426.126956317818
|||;33280,33280,33280,33280,0,0,0,0,431.126956317818
|||;33280,33280,33280,33280,0,0,0,0,436.126956317818
|||;33280,33280,33280,33280,0,0,0,0,441.126956317818
|||;33280,33280,33280,33280,0,0,0,0,446.126956317818
|||;33280,33280,33280,33280,0,0,0,0,451.126956317818
|||;33280,33280,33280,33280,0,0,0,0,456.126956317818
|||;33280,33280,33280,33280,0,0,0,0,461.126956317818
|||;33280,33280,33280,33280,0,0,0,0,466.126956317818
|||;33280,33280,33280,33280,0,0,0,0,471.126956317818
|||;33280,33280,33280,33280,0,0,0,0,476.126956317818
|||;33280,33280,33280,33280,0,0,0,0,481.126956317818
|||;33280,33280,33280,33280,0,0,0,0,486.126956317818
|||;33280,33280,33280,33280,0,0,0,0,491.126956317818
|||;33280,33280,33280,33280,0,0,0,0,496.126956317818
|||;33280,33280,33280,33280,0,0,0,0,501.126956317818
|||;33280,33280,33280,33280,0,0,0,0,506.126956317818
|||;33280,33280,33280,33280,0,0,0,0,511.126956317818
|||;33280,33280,33280,33280,0,0,0,0,516.126956317818
|||;33280,33280,33280,33280,0,0,0,0,521.126956317818
|||;33280,33280,33280,33280,0,0,0,0,526.126956317818
|||;33280,33280,33280,33280,0,0,0,0,531.126956317818
|||;33280,33280,33280,33280,0,0,0,0,536.126956317818
|||;33280,33280,33280,33280,0,0,0,0,541.126956317818
|||;33280,33280,33280,33280,0,0,0,0,546.126956317818
|||;33280,33280,33280,33280,0,0,0,0,551.126956317818
|||;33280,33280,33280,33280,0,0,0,0,556.126956317818
|||;33280,33280,33280,33280,0,0,0,0,561.126956317818
|||;33280,33280,33280,33280,0,0,0,0,566.126956317818
|||;33280,33280,33280,33280,0,0,0,0,571.126956317818
|||;33280,33280,33280,33280,0,0,0,0,576.126956317818
|||;33280,33280,33280,33280,0,0,0,0,581.126956317818
|||;33280,33280,33280,33280,0,0,0,0,586.126956317818
|||;33280,33280,33280,33280,0,0,0,0,591.126956317818
|||;33280,33280,33280,33280,0,0,0,0,596.126956317818
|||;33280,33280,33280,33280,0,0,0,0,601.126956317818
|||;33280,33280,33280,33280,0,0,0,0,606.126956317818
|||;33280,33280,33280,33280,0,0,0,0,611.126956317818
|||;33280,33280,33280,33280,0,0,0,0,616.126956317818
|||;33280,33280,33280,33280,0,0,0,0,621.126956317818
|||;33280,33280,33280,33280,0,0,0,0,626.126956317818
|||;33280,33280,33280,33280,0,0,0,0,631.126956317818
|||;33280,33280,33280,33280,0,0,0,0,636.126956317818
|||;33280,33280,33280,33280,0,0,0,0,641.126956317818
|||;33280,33280,33280,33280,0,0,0,0,646.126956317818
|||;33280,33280,33280,33280,0,0,0,0,651.126956317818
|||;33280,33280,33280,33280,0,0,0,0,656.126956317818
|||;33280,33280,33280,33280,0,0,0,0,661.126956317818
|||;33280,33280,33280,33280,0,0,0,0,666.126956317818
|||;33280,33280,33280,33280,0,0,0,0,671.126956317818
|||;33280,33280,33280,33280,0,0,0,0,676.126956317818
|||;33280,33280,33280,33280,0,0,0,0,681.126956317818
|||;33280,33280,33280,33280,0,0,0,0,686.126956317818
|||;33280,33280,33280,33280,0,0,0,0,691.126956317818
|||;33280,33280,33280,33280,0,0,0,0,696.126956317818
|||;33280,33280,33280,33280,0,0,0,0,701.126956317818
|||;33280,33280,33280,33280,0,0,0,0,706.126956317818
|||;33280,33280,33280,33280,0,0,0,0,711.126956317818
|||;33280,33280,33280,33280,0,0,0,0,716.126956317818
|||;33280,33280,33280,33280,0,0,0,0,721.126956317818
|||;33280,33280,33280,33280,0,0,0,0,726.126956317818
|||;33280,33280,33280,33280,0,0,0,0,731.126956317818
|||;33280,33280,33280,33280,0,0,0,0,736.126956317818
|||;33280,33280,33280,33280,0,0,0,0,741.126956317818
|||;33280,33280,33280,33280,0,0,0,0,746.126956317818
|||;33280,33280,33280,33280,0,0,0,0,751.126956317818
|||;33280,33280,33280,33280,0,0,0,0,756.126956317818
|||;33280,33280,33280,33280,0,0,0,0,761.126956317818
|||;33280,33280,33280,33280,0,0,0,0,766.126956317818
|||;33280,33280,33280,33280,0,0,0,0,771.126956317818
|||;33280,33280,33280,33280,0,0,0,0,776.126956317818
|||;33280,33280,33280,33280,0,0,0,0,781.126956317818
|||;33280,33280,33280,33280,0,0,0,0,786.126956317818
|||;33280,33280,33280,33280,0,0,0,0,791.126956317818
|||;33280,33280,33280,33280,0,0,0,0,796.126956317818
|||;33280,33280,33280,33280,0,0,0,0,801.126956317818
|||;33280,33280,33280,33280,0,0,0,0,806.126956317818
|||;33280,33280,33280,33280,0,0,0,0,811.126956317818
|||;33280,33280,33280,33280,0,0,0,0,816.126956317818
|||;33280,33280,33280,33280,0,0,0,0,821.126956317818
|||;33280,33280,33280,33280,0,0,0,0,826.126956317818
|||;33280,33280,33280,33280,0,0,0,0,831.126956317818
|||;33280,33280,33280,33280,0,0,0,0,836.126956317818
|||;33280,33280,33280,33280,0,0,0,0,841.126956317818
|||;33280,33280,33280,33280,0,0,0,0,846.126956317818
|||;33280,33280,33280,33280,0,0,0,0,851.126956317818
|||;33280,33280,33280,33280,0,0,0,0,856.126956317818
|||;33280,33280,33280,33280,0,0,0,0,861.126956317818
|||;33280,33280,33280,33280,0,0,0,0,866.126956317818
|||;33280,33280,33280,33280,0,0,0,0,871.126956317818
|||;33280,33280,33280,33280,0,0,0,0,876.126956317818
|||;33280,33280,33280,33280,0,0,0,0,881.126956317818
|||;33280,33280,33280,33280,0,0,0,0,886.126956317818
|||;33280,33280,33280,33280,0,0,0,0,891.126956317818
|||;33280,33280,33280,33280,0,0,0,0,896.126956317818
|||;33280,33280,33280,33280,0,0,0,0,901.126956317818
|||;33280,33280,33280,33280,0,0,0,0,906.126956317818
|||;33280,33280,33280,33280,0,0,0,0,911.126956317818
|||;33280,33280,33280,33280,0,0,0,0,916.126956317818
|||;33280,33280,33280,33280,0,0,0,0,921.126956317818
|||;33280,33280,33280,33280,0,0,0,0,926.126956317818
|||;33280,33280,33280,33280,0,0,0,0,931.126956317818
|||;33280,33280,33280,33280,0,0,0,0,936.126956317818
|||;33280,33280,33280,33280,0,0,0,0,941.126956317818
|||;33280,33280,33280,33280,0,0,0,0,946.126956317818
|||;33280,33280,33280,33280,0,0,0,0,951.126956317818
|||;33280,33280,33280,33280,0,0,0,0,956.126956317818
|||;33280,33280,33280,33280,0,0,0,0,961.126956317818
|||;33280,33280,33280,33280,0,0,0,0,966.126956317818
|||;33280,33280,33280,33280,0,0,0,0,971.126956317818
|||;33280,33280,33280,33280,0,0,0,0,976.126956317818
|||;33280,33280,33280,33280,0,0,0,0,981.126956317818
|||;33280,33280,33280,33280,0,0,0,0,986.126956317818
|||;33280,33280,33280,33280,0,0,0,0,991.126956317818
|||;33280,33280,33280,33280,0,0,0,0,996.126956317818
|||;33280,33280,33280,33280,0,0,0,0,1001.126956317818
|||;33280,33280,33280,33280,0,0,0,0,1006.126956317818
|||;33280,33280,33280,33280,0,0,0,0,1011.126956317818
|||;33280,33280,33280,33280,0,0,0,0,1016.126956317818
|||;33280,33280,33280,33280,0,0,0,0,1021.126956317818
|||;33280,33280,33280,33280,0,0,0,0,1026.126956317818
|||;33280,33280,33280,33280,0,0,0,0,1031.126956317818
|||;33280,33280,33280,33280,0,0,0,0,1036.126956317818
|||;33280,33280,33280,33280,0,0,0,0,1041.126956317818
|||;33280,33280,33280,33280,0,0,0,0,1046.126956317818
|||;33280,33280,33280,33280,0,0,0,0,1051.126956317818
|||;33280,33280,33280,33280,0,0,0,0,1056.126956317818
|||;33280,33280,33280,33280,0,0,0,0,1061.126956317818
|||;33280,33280,33280,33280,0,0,0,0,1066.126956317818
|||;33280,33280,33280,33280,0,0,0,0,1071.126956317818
|||;33280,33280,33280,33280,0,0,0,0,1076.126956317818
|||;33280,33280,33280,33280,0,0,0,0,1081.126956317818
|||;33280,33280,33280,33280,0,0,0,0,1086.126956317818
|||;33280,33280,33280,33280,0,0,0,0,1091.126956317818
|||;33280,33280,33280,33280,0,0,0,0,1096.126956317818
|||;33280,33280,33280,33280,0,0,0,0,1101.126956317818
|||;33280,33280,33280,33280,0,0,0,0,1106.126956317818
|||;33280,33280,33280,33280,0,0,0,0,1111.126956317818
|||;33280,33280,33280,33280,0,0,0,0,1116.126956317818
|||;33280,33280,33280,33280,0,0,0,0,1121.126956317818
|||;33280,33280,33280,33280,0,0,0,0,1126.126956317818
|||;33280,33280,33280,33280,0,0,0,0,1131.126956317818
|||;33280,33280,33280,33280,0,0,0,0,1136.126956317818
|||;33280,33280,33280,33280,0,0,0,0,1141.126956317818
|||;33280,33280,33280,33280,0,0,0,0,1146.126956317818
|||;33280,33280,33280,33280,0,0,0,0,1151.126956317818
|||;33280,33280,33280,33280,0,0,0,0,1156.126956317818
|||;33280,33280,33280,33280,0,0,0,0,1161.126956317818
|||;33280,33280,33280,33280,0,0,0,0,1166.126956317818
|||;33280,33280,33280,33280,0,0,0,0,1171.126956317818
|||;33280,33280,33280,33280,0,0,0,0,1176.126956317818
|||;33280,33280,33280,33280,0,0,0,0,1181.126956317818
|||;33280,33280,33280,33280,0,0,0,0,1186.126956317818
|||;33280,33280,33280,33280,0,0,0,0,1191.126956317818
|||;33280,33280,33280,33280,0,0,0,0,1196.126956317818
|||;33280,33280,33280,33280,0,0,0,0,1201.126956317818
|||;33280,33280,33280,33280,0,0,0,0,1206.126956317818
|||;33280,33280,33280,33280,0,0,0,0,1211.126956317818
|||;33280,33280,33280,33280,0,0,0,0,1216.126956317818
|||;33280,33280,33280,33280,0,0,0,0,1221.126956317818
|||;33280,33280,33280,33280,0,0,0,0,1226.126956317818
|||;33280,33280,33280,33280,0,0,0,0,1231.126956317818
|||;33280,33280,33280,33280,0,0,0,0,1236.126956317818
|||;33280,33280,33280,33280,0,0,0,0,1241.126956317818
|||;33280,33280,33280,33280,0,0,0,0,1246.126956317818
|||;33280,33280,33280,33280,0,0,0,0,1251.126956317818
|||;33280,33280,33280,33280,0,0,0,0,1256.126956317818
|||;33280,33280,33280,33280,0,0,0,0,1261.126956317818
|||;33280,33280,33280,33280,0,0,0,0,1266.126956317818
|||;33280,33280,33280,33280,0,0,0,0,1271.126956317818
|||;33280,33280,33280,33280,0,0,0,0,1276.126956317818
|||;33280,33280,33280,33280,0,0,0,0,1281.126956317818
|||;33280,33280,33280,33280,0,0,0,0,1286.126956317818
|||;33280,33280,33280,33280,0,0,0,0,1291.126956317818
|||;33280,33280,33280,33280,0,0,0,0,1296.126956317818
|||;33280,33280,33280,33280,0,0,0,0,1301.126956317818
|||;33280,33280,33280,33280,0,0,0,0,1306.126956317818
|||;33280,33280,33280,33280,0,0,0,0,1311.126956317818
|||;33280,33280,33280,33280,0,0,0,0,1316.126956317818
|||;33280,33280,33280,33280,0,0,0,0,1321.126956317818
|||;33280,33280,33280,33280,0,0,0,0,1326.126956317818
|||;33280,33280,33280,33280,0,0,0,0,1331.126956317818
|||;33280,33280,33280,33280,0,0,0,0,1336.126956317818
|||;33280,33280,33280,33280,0,0,0,0,1341.126956317818
|||;33280,33280,33280,33280,0,0,0,0,1346.126956317818
|||;33280,33280,33280,33280,0,0,0,0,1351.126956317818
|||;33280,33280,33280,33280,0,0,0,0,1356.126956317818
|||;33280,33280,33280,33280,0,0,0,0,1361.126956317818
|||;33280,33280,33280,33280,0,0,0,0,1366.126956317818
|||;33280,33280,33280,33280,0,0,0,0,1371.126956317818
|||;33280,33280,33280,33280,0,0,0,0,1376.126956317818
|||;33280,33280,33280,33280,0,0,0,0,1381.126956317818
|||;33280,33280,33280,33280,0,0,0,0,1386.126956317818
|||;33280,33280,33280,33280,0,0,0,0,1391.126956317818
|||;33280,33280,33280,33280,0,0,0,0,1396.126956317818
|||;33280,33280,33280,33280,0,0,0,0,1401.126956317818
|||;33280,33280,33280,33280,0,0,0,0,1406.126956317818
|||;33280,33280,33280,33280,0,0,0,0,1411.126956317818
|||;33280,33280,33280,33280,0,0,0,0,1416.126956317818
|||;33280,33280,33280,33280,0,0,0,0,1421.126956317818
|||;33280,33280,33280,33280,0,0,0,0,1426.126956317818
|||;33280,33280,33280,33280,0,0,0,0,1431.126956317818
|||;33280,33280,33280,33280,0,0,0,0,1436.126956317818
|||;33280,33280,33280,33280,0,0,0,0,1441.126956317818
|||;33280,33280,33280,33280,0,0,0,0,1446.126956317818
|||;33280,33280,33280,33280,0,0,0,0,1451.126956317818
|||;33280,33280,33280,33280,0,0,0,0,1456.126956317818
|||;33280,33280,33280,33280,0,0,0,0,1461.126956317818
|||;33280,33280,33280,33280,0,0,0,0,1466.126956317818
|||;33280,33280,33280,33280,0,0,0,0,1471.126956317818
|||;33280,33280,33280,33280,0,0,0,0,1476.126956317818
|||;33280,33280,33280,33280,0,0,0,0,1481.126956317818
|||;33280,33280,33280,33280,0,0,0,0,1486.126956317818
|||;33280,33280,33280,33280,0,0,0,0,1491.126956317818
|||;33280,33280,33280,33280,0,0,0,0,1496.126956317818
|||;33280,33280,33280,33280,0,0,0,0,1501.126956317818
|||;33280,33280,33280,33280,0,0,0,0,1506.126956317818
|||;33280,33280,33280,33280,0,0,0,0,1511.126956317818
|||;33280,33280,33280,33280,0,0,0,0,1516.126956317818
|||;33280,33280,33280,33280,0,0,0,0,1521.126956317818
|||;33280,33280,33280,33280,0,0,0,0,1526.126956317818
|||;33280,33280,33280,33280,0,0,0,0,1531.126956317818
|||;33280,33280,33280,33280,0,0,0,0,1536.126956317818
|||;33280,33280,33280,33280,0,0,0,0,1541.126956317818
|||;33280,33280,33280,33280,0,0,0,0,1546.126956317818
|||;33280,33280,33280,33280,0,0,0,0,1551.126956317818
|||;33280,33280,33280,33280,0,0,0,0,1556.126956317818
|||;33280,33280,33280,33280,0,0,0,0,1561.126956317818
|||;33280,33280,33280,33280,0,0,0,0,1566.126956317818
|||;33280,33280,33280,33280,0,0,0,0,1571.126956317818
|||;33280,33280,33280,33280,0,0,0,0,1576.126956317818
|||;33280,33280,33280,33280,0,0,0,0,1581.126956317818
|||;33280,33280,33280,33280,0,0,0,0,1586.126956317818
|||;33280,33280,33280,33280,0,0,0,0,1591.126956317818
|||;33280,33280,33280,33280,0,0,0,0,1596.126956317818
|||;33280,33280,33280,33280,0,0,0,0,1601.126956317818
|||;33280,33280,33280,33280,0,0,0,0,1606.126956317818
|||;33280,33280,33280,33280,0,0,0,0,1611.126956317818
|||;33280,33280,33280,33280,0,0,0,0,1616.126956317818
|||;33280,33280,33280,33280,0,0,0,0,1621.126956317818
|||;33280,33280,33280,33280,0,0,0,0,1626.126956317818
|||;33280,33280,33280,33280,0,0,0,0,1631.126956317818
|||;33280,33280,33280,33280,0,0,0,0,1636.126956317818
|||;33280,33280,33280,33280,0,0,0,0,1641.126956317818
|||;33280,33280,33280,33280,0,0,0,0,1646.126956317818
|||;33280,33280,33280,33280,0,0,0,0,1651.126956317818
|||;33280,33280,33280,33280,0,0,0,0,1656.126956317818
|||;33280,33280,33280,33280,0,0,0,0,1661.126956317818
|||;33280,33280,33280,33280,0,0,0,0,1666.126956317818
|||;33280,33280,33280,33280,0,0,0,0,1671.126956317818
|||;33280,33280,33280,33280,0,0,0,0,1676.126956317818
|||;33280,33280,33280,33280,0,0,0,0,1681.126956317818
|||;33280,33280,33280,33280,0,0,0,0,1686.126956317818
|||;33280,33280,33280,33280,0,0,0,0,1691.126956317818
|||;33280,33280,33280,33280,0,0,0,0,1696.126956317818
|||;33280,33280,33280,33280,0,0,0,0,1701.126956317818
|||;33280,33280,33280,33280,0,0,0,0,1706.126956317818
|||;33280,33280,33280,33280,0,0,0,0,1711.126956317818
|||;33280,33280,33280,33280,0,0,0,0,1716.126956317818
|||;33280,33280,33280,33280,0,0,0,0,1721.126956317818
|||;33280,33280,33280,33280,0,0,0,0,1726.126956317818
|||;33280,33280,33280,33280,0,0,0,0,1731.126956317818
|||;33280,33280,33280,33280,0,0,0,0,1736.126956317818
|||;33280,33280,33280,33280,0,0,0,0,1741.126956317818
|||;33280,33280,33280,33280,0,0,0,0,1746.126956317818
|||;33280,33280,33280,33280,0,0,0,0,1751.126956317818
|||;33280,33280,33280,33280,0,0,0,0,1756.126956317818
|||;33280,33280,33280,33280,0,0,0,0,1761.126956317818
|||;33280,33280,33280,33280,0,0,0,0,1766.126956317818
|||;33280,33280,33280,33280,0,0,0,0,1771.126956317818
|||;33280,33280,33280,33280,0,0,0,0,1776.126956317818
|||;33280,33280,33280,33280,0,0,0,0,1781.126956317818
|||;33280,33280,33280,33280,0,0,0,0,1786.126956317818
|||;33280,33280,33280,33280,0,0,0,0,1791.126956317818
|||;33280,33280,33280,33280,0,0,0,0,1796.126956317818
|||;33280,33280,33280,33280,0,0,0,0,1801.126956317818
|||;33280,33280,33280,33280,0,0,0,0,1806.126956317818
|||;33280,33280,33280,33280,0,0,0,0,1811.126956317818
|||;33280,33280,33280,33280,0,0,0,0,1816.126956317818
|||;33280,33280,33280,33280,0,0,0,0,1821.126956317818
|||;33280,33280,33280,33280,0,0,0,0,1826.126956317818
|||;33280,33280,33280,33280,0,0,0,0,1831.126956317818
|||;33280,33280,33280,33280,0,0,0,0,1836.126956317818
|||;33280,33280,33280,33280,0,0,0,0,1841.126956317818
|||;33280,33280,33280,33280,0,0,0,0,1846.126956317818
|||;33280,33280,33280,33280,0,0,0,0,1851.126956317818
|||;33280,33280,33280,33280,0,0,0,0,1856.126956317818
|||;33280,33280,33280,33280,0,0,0,0,1861.126956317818
|||;33280,33280,33280,33280,0,0,0,0,1866.126956317818
|||;33280,33280,33280,33280,0,0,0,0,1871.126956317818
|||;33280,33280,33280,33280,0,0,0,0,1876.126956317818
|||;33280,33280,33280,33280,0,0,0,0,1881.126956317818
|||;33280,33280,33280,33280,0,0,0,0,1886.126956317818
|||;33280,33280,33280,33280,0,0,0,0,1891.126956317818
|||;33280,33280,33280,33280,0,0,0,0,1896.126956317818
|||;33280,33280,33280,33280,0,0,0,0,1901.126956317818
|||;33280,33280,33280,33280,0,0,0,0,1906.126956317818
|||;33280,33280,33280,33280,0,0,0,0,1911.126956317818
|||;33280,33280,33280,33280,0,0,0,0,1916.126956317818
|||;33280,33280,33280,33280,0,0,0,0,1921.126956317818
|||;33280,33280,33280,33280,0,0,0,0,1926.126956317818
|||;33280,33280,33280,33280,0,0,0,0,1931.126956317818
|||;33280,33280,33280,33280,0,0,0,0,1936.126956317818
|||;33280,33280,33280,33280,0,0,0,0,1941.126956317818
|||;33280,33280,33280,33280,0,0,0,0,1946.126956317818
|||;33280,33280,33280,33280,0,0,0,0,1951.126956317818
|||;33280,33280,33280,33280,0,0,0,0,1956.126956317818
|||;33280,33280,33280,33280,0,0,0,0,1961.126956317818
|||;33280,33280,33280,33280,0,0,0,0,1966.126956317818
|||;33280,33280,33280,33280,0,0,0,0,1971.126956317818
|||;33280,33280,33280,33280,0,0,0,0,1976.126956317818
|||;33280,33280,33280,33280,0,0,0,0,1981.126956317818
|||;33280,33280,33280,33280,0,0,0,0,1986.126956317818
|||;33280,33280,33280,33280,0,0,0,0,1991.126956317818
|||;33280,33280,33280,33280,0,0,0,0,1996.126956317818
|||;22425,22425,22425,22425,0,0,0,0,1.126956317818
|||;22630,22630,22630,22630,0,0,0,0,1.126956317818
|||;22630,22630,22630,22630,0,0,0,0,6.126956317818
|||;24268,24268,24268,24268,0,0,0,0,1.126956317818
|||;24268,24268,24268,24268,0,0,0,0,6.126956317818
|||;24268,24268,24268,24268,0,0,0,0,11.126956317818
|||;24268,24268,24268,24268,0,0,0,0,16.126956317818
|||;24268,24268,24268,24268,0,0,0,0,21.126956317818
|||;24268,24268,24268,24268,0,0,0,0,26.126956317818
|||;24268,24268,24268,24268,0,0,0,0,31.126956317818
|||;24268,24268,24268,24268,0,0,0,0,36.126956317818
|||;24268,24268,24268,24268,0,0,0,0,41.126956317818
|||;24268,24268,24268,24268,0,0,0,0,46.126956317818
|||;24268,24268,24268,24268,0,0,0,0,51.126956317818
|||;24268,24268,24268,24268,0,0,0,0,56.126956317818
|||;30822,30822,30822,30822,0,0,0,0,1.126956317818
|||;30822,30822,30822,30822,0,0,0,0,6.126956317818
|||;34304,34304,34304,34304,0,0,0,0,1.126956317818
|||;36761,36761,36761,36761,0,0,0,0,1.126956317818
|||;30208,30208,30208,30208,0,0,0,0,1.126956317818
|||;27136,27136,27136,27136,0,0,0,0,1.126956317818
|||;34713,34713,34713,34713,0,0,0,0,1.126956317818
|||;34713,34713,34713,34713,0,0,0,0,6.126956317818
|||;21811,21811,21811,21811,0,0,0,0,1.126956317818
|||;32051,32051,32051,32051,0,0,0,0,1.126956317818
|||;34713,34713,34713,34713,0,0,0,0,1.126956317818
|||;34713,34713,34713,34713,0,0,0,0,6.126956317818
|||;19968,19968,19968,19968,0,0,0,0,1.126956317818
|||;19968,19968,19968,19968,0,0,0,0,6.126956317818
|||;27955,27955,27955,27955,0,0,0,0,1.126956317818
