|||;22425,22425,22425,22425,0,0,0,0,1.17494395151
933nsiot(2),|933nsiot(2),|933nsiot(2),|933nsiot(2),;21196.2,21196.2,20581.8,20581.8,7.870208491106,7.870208491106,12.029848821684,12.029848821684,6.17494395151
933nsiot(2),|933nsiot(2),|933nsiot(2),|933nsiot(2),;21196.2,21196.2,20581.8,20581.8,2.870208491106,2.870208491106,7.029848821684,7.029848821684,11.17494395151
||933nsiot(2),|933nsiot(2),;22425,22425,20581.8,20581.8,0,0,2.029848821684,2.029848821684,16.17494395151
|||;22425,22425,22425,22425,0,0,0,0,21.17494395151
|||;22425,22425,22425,22425,0,0,0,0,26.17494395151
|||;22425,22425,22425,22425,0,0,0,0,31.17494395151
8vjldq(2),|8vjldq(2),|8vjldq(2),|8vjldq(2),;20633,20633,19737,19737,8.203813819605,8.203813819605,14.269955968365,14.269955968365,36.17494395151
8vjldq(2),|8vjldq(2),|8vjldq(2),|8vjldq(2),;20633,20633,19737,19737,3.203813819605,3.203813819605,9.269955968365,9.269955968365,41.17494395151
||8vjldq(2),|8vjldq(2),;22425,22425,19737,19737,0,0,4.269955968365,4.269955968365,46.17494395151
|||;22425,22425,22425,22425,0,0,0,0,51.17494395151
|||;22425,22425,22425,22425,0,0,0,0,56.17494395151
|||;22425,22425,22425,22425,0,0,0,0,61.17494395151
|||;22425,22425,22425,22425,0,0,0,0,66.17494395151
|||;22425,22425,22425,22425,0,0,0,0,71.17494395151
|||;22425,22425,22425,22425,0,0,0,0,76.17494395151
|||;22425,22425,22425,22425,0,0,0,0,81.17494395151
406bmwyk(2),|406bmwyk(2),|406bmwyk(2),|406bmwyk(2),;21124.5,21124.5,21124.5,21124.5,8.523250571156,8.523250571156,8.523250571156,8.523250571156,86.17494395151
406bmwyk(2),17dijxm(1),|406bmwyk(2),17dijxm(1),|406bmwyk(2),17dijxm(1),|406bmwyk(2),17dijxm(1),;19097,19097,19772.8,19772.8,21.157502522644,21.157502522644,16.581898159007,16.581898159007,91.17494395151
17dijxm(2),|17dijxm(2),|17dijxm(2),|17dijxm(2),;20397.5,20397.5,21073.3,21073.3,16.157502522644,16.157502522644,11.581898159007,11.581898159007,96.17494395151
17dijxm(2),141ykpou(0),|17dijxm(2),141ykpou(0),|17dijxm(2),141ykpou(0),|17dijxm(2),141ykpou(0),;19609,19609,19496.3,19496.3,22.562782866384,22.562782866384,23.428050260323,23.428050260323,101.17494395151
17dijxm(2),141ykpou(1),|17dijxm(2),141ykpou(1),|17dijxm(3),141ykpou(2),|17dijxm(3),141ykpou(2),;19609,19609,19496.3,19496.3,17.562782866384,17.562782866384,18.428050260323,18.428050260323,106.17494395151
17dijxm(3),141ykpou(2),|17dijxm(3),141ykpou(2),|17dijxm(3),141ykpou(2),|17dijxm(3),141ykpou(2),;19609,19609,19496.3,19496.3,12.562782866384,12.562782866384,13.428050260323,13.428050260323,111.17494395151
17dijxm(3),|17dijxm(3),|17dijxm(3),141ykpou(2),|17dijxm(3),141ykpou(2),;20397.5,20397.5,19496.3,19496.3,7.562782866384,7.562782866384,8.428050260323,8.428050260323,116.17494395151
17dijxm(3),|17dijxm(3),|17dijxm(3),|17dijxm(3),;20397.5,20397.5,21073.3,21073.3,2.562782866384,2.562782866384,3.428050260323,3.428050260323,121.17494395151
17dijxm(3),|17dijxm(3),|17dijxm(3),|17dijxm(3),;20397.5,20397.5,21073.3,21073.3,0,0,0,0,126.17494395151
17dijxm(3),|17dijxm(3),|17dijxm(3),|17dijxm(3),;20397.5,20397.5,21073.3,21073.3,0,0,0,0,131.17494395151
17dijxm(3),|17dijxm(3),|17dijxm(3),|17dijxm(3),;20397.5,20397.5,21073.3,21073.3,0,0,0,0,136.17494395151
|||;22425,22425,22425,22425,0,0,0,0,141.17494395151
|||;22425,22425,22425,22425,0,0,0,0,146.17494395151
911yldpv(2),|911yldpv(2),|911yldpv(2),|911yldpv(2),;20520.4,20520.4,20520.4,20520.4,9.411317363283,9.411317363283,9.411317363283,9.411317363283,151.17494395151
911yldpv(2),|911yldpv(2),|911yldpv(2),|911yldpv(2),;20520.4,20520.4,20520.4,20520.4,4.411317363283,4.411317363283,4.411317363283,4.411317363283,156.17494395151
|||;22425,22425,22425,22425,0,0,0,0,161.17494395151
|||;22425,22425,22425,22425,0,0,0,0,166.17494395151
|||;22425,22425,22425,22425,0,0,0,0,171.17494395151
|||;22425,22425,22425,22425,0,0,0,0,176.17494395151
|||;22425,22425,22425,22425,0,0,0,0,181.17494395151
|||;22425,22425,22425,22425,0,0,0,0,186.17494395151
|||;22425,22425,22425,22425,0,0,0,0,191.17494395151
|||;22425,22425,22425,22425,0,0,0,0,196.17494395151
|||;22425,22425,22425,22425,0,0,0,0,201.17494395151
|||;22425,22425,22425,22425,0,0,0,0,206.17494395151
|||;22425,22425,22425,22425,0,0,0,0,211.17494395151
|||;22425,22425,22425,22425,0,0,0,0,216.17494395151
|||;22425,22425,22425,22425,0,0,0,0,221.17494395151
|||;22425,22425,22425,22425,0,0,0,0,226.17494395151
|||;22425,22425,22425,22425,0,0,0,0,231.17494395151
|||;22425,22425,22425,22425,0,0,0,0,236.17494395151
|||;22425,22425,22425,22425,0,0,0,0,241.17494395151
|||;22425,22425,22425,22425,0,0,0,0,246.17494395151
|||;22425,22425,22425,22425,0,0,0,0,251.17494395151
|||;22425,22425,22425,22425,0,0,0,0,256.17494395151
|||;22425,22425,22425,22425,0,0,0,0,261.17494395151
|||;22425,22425,22425,22425,0,0,0,0,266.17494395151
|||;22425,22425,22425,22425,0,0,0,0,271.17494395151
|||;22425,22425,22425,22425,0,0,0,0,276.17494395151
|||;22425,22425,22425,22425,0,0,0,0,281.17494395151
|||;22425,22425,22425,22425,0,0,0,0,286.17494395151
|||;22425,22425,22425,22425,0,0,0,0,291.17494395151
|||;22425,22425,22425,22425,0,0,0,0,296.17494395151
|||;22425,22425,22425,22425,0,0,0,0,301.17494395151
|||;22425,22425,22425,22425,0,0,0,0,306.17494395151
|||;22425,22425,22425,22425,0,0,0,0,311.17494395151
|||;22425,22425,22425,22425,0,0,0,0,316.17494395151
|||;22425,22425,22425,22425,0,0,0,0,321.17494395151
|||;22425,22425,22425,22425,0,0,0,0,326.17494395151
|||;22425,22425,22425,22425,0,0,0,0,331.17494395151
|||;22425,22425,22425,22425,0,0,0,0,336.17494395151
|||;22425,22425,22425,22425,0,0,0,0,341.17494395151
|||;22425,22425,22425,22425,0,0,0,0,346.17494395151
|||;22425,22425,22425,22425,0,0,0,0,351.17494395151
|||;22425,22425,22425,22425,0,0,0,0,356.17494395151
|||;22425,22425,22425,22425,0,0,0,0,361.17494395151
|||;22425,22425,22425,22425,0,0,0,0,366.17494395151
|||;22425,22425,22425,22425,0,0,0,0,371.17494395151
|||;22425,22425,22425,22425,0,0,0,0,376.17494395151
|||;22425,22425,22425,22425,0,0,0,0,381.17494395151
|||;22425,22425,22425,22425,0,0,0,0,386.17494395151
|||;22425,22425,22425,22425,0,0,0,0,391.17494395151
|||;22425,22425,22425,22425,0,0,0,0,396.17494395151
|||;22425,22425,22425,22425,0,0,0,0,401.17494395151
|||;22425,22425,22425,22425,0,0,0,0,406.17494395151
|||;22425,22425,22425,22425,0,0,0,0,411.17494395151
|||;22425,22425,22425,22425,0,0,0,0,416.17494395151
|||;22425,22425,22425,22425,0,0,0,0,421.17494395151
|||;22425,22425,22425,22425,0,0,0,0,426.17494395151
|||;22425,22425,22425,22425,0,0,0,0,431.17494395151
|||;22425,22425,22425,22425,0,0,0,0,436.17494395151
|||;22425,22425,22425,22425,0,0,0,0,441.17494395151
|||;22425,22425,22425,22425,0,0,0,0,446.17494395151
|||;22425,22425,22425,22425,0,0,0,0,451.17494395151
|||;22425,22425,22425,22425,0,0,0,0,456.17494395151
|||;22425,22425,22425,22425,0,0,0,0,461.17494395151
|||;22425,22425,22425,22425,0,0,0,0,466.17494395151
|||;22425,22425,22425,22425,0,0,0,0,471.17494395151
|||;22425,22425,22425,22425,0,0,0,0,476.17494395151
|||;22425,22425,22425,22425,0,0,0,0,481.17494395151
|||;22425,22425,22425,22425,0,0,0,0,486.17494395151
|||;22425,22425,22425,22425,0,0,0,0,491.17494395151
|||;22425,22425,22425,22425,0,0,0,0,496.17494395151
|||;22425,22425,22425,22425,0,0,0,0,501.17494395151
|||;22425,22425,22425,22425,0,0,0,0,506.17494395151
|||;22425,22425,22425,22425,0,0,0,0,511.17494395151
|||;22425,22425,22425,22425,0,0,0,0,516.17494395151
|||;22425,22425,22425,22425,0,0,0,0,521.17494395151
|||;22425,22425,22425,22425,0,0,0,0,526.17494395151
|||;22425,22425,22425,22425,0,0,0,0,531.17494395151
|||;22425,22425,22425,22425,0,0,0,0,536.17494395151
|||;22425,22425,22425,22425,0,0,0,0,541.17494395151
|||;22425,22425,22425,22425,0,0,0,0,546.17494395151
|||;22425,22425,22425,22425,0,0,0,0,551.17494395151
|||;22425,22425,22425,22425,0,0,0,0,556.17494395151
|||;22425,22425,22425,22425,0,0,0,0,561.17494395151
|||;22425,22425,22425,22425,0,0,0,0,566.17494395151
|||;22425,22425,22425,22425,0,0,0,0,571.17494395151
|||;22425,22425,22425,22425,0,0,0,0,576.17494395151
|||;22425,22425,22425,22425,0,0,0,0,581.17494395151
|||;22425,22425,22425,22425,0,0,0,0,586.17494395151
|||;22425,22425,22425,22425,0,0,0,0,591.17494395151
|||;22425,22425,22425,22425,0,0,0,0,596.17494395151
|||;22425,22425,22425,22425,0,0,0,0,601.17494395151
|||;22425,22425,22425,22425,0,0,0,0,606.17494395151
|||;22425,22425,22425,22425,0,0,0,0,611.17494395151
|||;22425,22425,22425,22425,0,0,0,0,616.17494395151
|||;22425,22425,22425,22425,0,0,0,0,621.17494395151
|||;22425,22425,22425,22425,0,0,0,0,626.17494395151
|||;22425,22425,22425,22425,0,0,0,0,631.17494395151
|||;22425,22425,22425,22425,0,0,0,0,636.17494395151
|||;22425,22425,22425,22425,0,0,0,0,641.17494395151
|||;22425,22425,22425,22425,0,0,0,0,646.17494395151
|||;22425,22425,22425,22425,0,0,0,0,651.17494395151
|||;22425,22425,22425,22425,0,0,0,0,656.17494395151
|||;22425,22425,22425,22425,0,0,0,0,661.17494395151
|||;22425,22425,22425,22425,0,0,0,0,666.17494395151
|||;22425,22425,22425,22425,0,0,0,0,671.17494395151
|||;22425,22425,22425,22425,0,0,0,0,676.17494395151
|||;22425,22425,22425,22425,0,0,0,0,681.17494395151
|||;22425,22425,22425,22425,0,0,0,0,686.17494395151
|||;22425,22425,22425,22425,0,0,0,0,691.17494395151
|||;22425,22425,22425,22425,0,0,0,0,696.17494395151
|||;22425,22425,22425,22425,0,0,0,0,701.17494395151
|||;22425,22425,22425,22425,0,0,0,0,706.17494395151
|||;22425,22425,22425,22425,0,0,0,0,711.17494395151
|||;22425,22425,22425,22425,0,0,0,0,716.17494395151
|||;22425,22425,22425,22425,0,0,0,0,721.17494395151
|||;22425,22425,22425,22425,0,0,0,0,726.17494395151
|||;22425,22425,22425,22425,0,0,0,0,731.17494395151
|||;22425,22425,22425,22425,0,0,0,0,736.17494395151
|||;22425,22425,22425,22425,0,0,0,0,741.17494395151
|||;22425,22425,22425,22425,0,0,0,0,746.17494395151
|||;22425,22425,22425,22425,0,0,0,0,751.17494395151
|||;22425,22425,22425,22425,0,0,0,0,756.17494395151
|||;22425,22425,22425,22425,0,0,0,0,761.17494395151
|||;22425,22425,22425,22425,0,0,0,0,766.17494395151
|||;22425,22425,22425,22425,0,0,0,0,771.17494395151
|||;22425,22425,22425,22425,0,0,0,0,776.17494395151
|||;22425,22425,22425,22425,0,0,0,0,781.17494395151
|||;22425,22425,22425,22425,0,0,0,0,786.17494395151
|||;22425,22425,22425,22425,0,0,0,0,791.17494395151
|||;22425,22425,22425,22425,0,0,0,0,796.17494395151
|||;22425,22425,22425,22425,0,0,0,0,801.17494395151
|||;22425,22425,22425,22425,0,0,0,0,806.17494395151
|||;22425,22425,22425,22425,0,0,0,0,811.17494395151
|||;22425,22425,22425,22425,0,0,0,0,816.17494395151
|||;22425,22425,22425,22425,0,0,0,0,821.17494395151
|||;22425,22425,22425,22425,0,0,0,0,826.17494395151
|||;22425,22425,22425,22425,0,0,0,0,831.17494395151
|||;22425,22425,22425,22425,0,0,0,0,836.17494395151
|||;22425,22425,22425,22425,0,0,0,0,841.17494395151
|||;22425,22425,22425,22425,0,0,0,0,846.17494395151
|||;22425,22425,22425,22425,0,0,0,0,851.17494395151
|||;22425,22425,22425,22425,0,0,0,0,856.17494395151
|||;22425,22425,22425,22425,0,0,0,0,861.17494395151
|||;22425,22425,22425,22425,0,0,0,0,866.17494395151
|||;22425,22425,22425,22425,0,0,0,0,871.17494395151
|||;22425,22425,22425,22425,0,0,0,0,876.17494395151
|||;22425,22425,22425,22425,0,0,0,0,881.17494395151
|||;22425,22425,22425,22425,0,0,0,0,886.17494395151
|||;22425,22425,22425,22425,0,0,0,0,891.17494395151
|||;22425,22425,22425,22425,0,0,0,0,896.17494395151
|||;22425,22425,22425,22425,0,0,0,0,901.17494395151
|||;22425,22425,22425,22425,0,0,0,0,906.17494395151
|||;22425,22425,22425,22425,0,0,0,0,911.17494395151
|||;22425,22425,22425,22425,0,0,0,0,916.17494395151
|||;22425,22425,22425,22425,0,0,0,0,921.17494395151
|||;22425,22425,22425,22425,0,0,0,0,926.17494395151
|||;22425,22425,22425,22425,0,0,0,0,931.17494395151
|||;22425,22425,22425,22425,0,0,0,0,936.17494395151
|||;22425,22425,22425,22425,0,0,0,0,941.17494395151
|||;22425,22425,22425,22425,0,0,0,0,946.17494395151
|||;22425,22425,22425,22425,0,0,0,0,951.17494395151
|||;22425,22425,22425,22425,0,0,0,0,956.17494395151
|||;22425,22425,22425,22425,0,0,0,0,961.17494395151
|||;22425,22425,22425,22425,0,0,0,0,966.17494395151
|||;22425,22425,22425,22425,0,0,0,0,971.17494395151
|||;22425,22425,22425,22425,0,0,0,0,976.17494395151
|||;22425,22425,22425,22425,0,0,0,0,981.17494395151
|||;22425,22425,22425,22425,0,0,0,0,986.17494395151
|||;22425,22425,22425,22425,0,0,0,0,991.17494395151
|||;22425,22425,22425,22425,0,0,0,0,996.17494395151
|||;22425,22425,22425,22425,0,0,0,0,1001.17494395151
|||;22425,22425,22425,22425,0,0,0,0,1006.17494395151
|||;22425,22425,22425,22425,0,0,0,0,1011.17494395151
|||;22425,22425,22425,22425,0,0,0,0,1016.17494395151
|||;22425,22425,22425,22425,0,0,0,0,1021.17494395151
|||;22425,22425,22425,22425,0,0,0,0,1026.17494395151
|||;22425,22425,22425,22425,0,0,0,0,1031.17494395151
|||;22425,22425,22425,22425,0,0,0,0,1036.17494395151
|||;22425,22425,22425,22425,0,0,0,0,1041.17494395151
|||;22425,22425,22425,22425,0,0,0,0,1046.17494395151
|||;22425,22425,22425,22425,0,0,0,0,1051.17494395151
|||;22425,22425,22425,22425,0,0,0,0,1056.17494395151
|||;22425,22425,22425,22425,0,0,0,0,1061.17494395151
|||;22425,22425,22425,22425,0,0,0,0,1066.17494395151
|||;22425,22425,22425,22425,0,0,0,0,1071.17494395151
|||;22425,22425,22425,22425,0,0,0,0,1076.17494395151
|||;22425,22425,22425,22425,0,0,0,0,1081.17494395151
|||;22425,22425,22425,22425,0,0,0,0,1086.17494395151
|||;22425,22425,22425,22425,0,0,0,0,1091.17494395151
|||;22425,22425,22425,22425,0,0,0,0,1096.17494395151
|||;22425,22425,22425,22425,0,0,0,0,1101.17494395151
|||;22425,22425,22425,22425,0,0,0,0,1106.17494395151
|||;22425,22425,22425,22425,0,0,0,0,1111.17494395151
|||;22425,22425,22425,22425,0,0,0,0,1116.17494395151
|||;22425,22425,22425,22425,0,0,0,0,1121.17494395151
|||;22425,22425,22425,22425,0,0,0,0,1126.17494395151
|||;22425,22425,22425,22425,0,0,0,0,1131.17494395151
|||;22425,22425,22425,22425,0,0,0,0,1136.17494395151
|||;22425,22425,22425,22425,0,0,0,0,1141.17494395151
|||;22425,22425,22425,22425,0,0,0,0,1146.17494395151
|||;22425,22425,22425,22425,0,0,0,0,1151.17494395151
|||;22425,22425,22425,22425,0,0,0,0,1156.17494395151
|||;22425,22425,22425,22425,0,0,0,0,1161.17494395151
|||;22425,22425,22425,22425,0,0,0,0,1166.17494395151
|||;22425,22425,22425,22425,0,0,0,0,1171.17494395151
|||;22425,22425,22425,22425,0,0,0,0,1176.17494395151
|||;22425,22425,22425,22425,0,0,0,0,1181.17494395151
|||;22425,22425,22425,22425,0,0,0,0,1186.17494395151
|||;22425,22425,22425,22425,0,0,0,0,1191.17494395151
|||;22425,22425,22425,22425,0,0,0,0,1196.17494395151
|||;22425,22425,22425,22425,0,0,0,0,1201.17494395151
|||;22425,22425,22425,22425,0,0,0,0,1206.17494395151
|||;22425,22425,22425,22425,0,0,0,0,1211.17494395151
|||;22425,22425,22425,22425,0,0,0,0,1216.17494395151
|||;22425,22425,22425,22425,0,0,0,0,1221.17494395151
|||;22425,22425,22425,22425,0,0,0,0,1226.17494395151
|||;22425,22425,22425,22425,0,0,0,0,1231.17494395151
|||;22425,22425,22425,22425,0,0,0,0,1236.17494395151
|||;22425,22425,22425,22425,0,0,0,0,1241.17494395151
|||;22425,22425,22425,22425,0,0,0,0,1246.17494395151
|||;22425,22425,22425,22425,0,0,0,0,1251.17494395151
|||;22425,22425,22425,22425,0,0,0,0,1256.17494395151
|||;22425,22425,22425,22425,0,0,0,0,1261.17494395151
|||;22425,22425,22425,22425,0,0,0,0,1266.17494395151
|||;22425,22425,22425,22425,0,0,0,0,1271.17494395151
|||;22425,22425,22425,22425,0,0,0,0,1276.17494395151
|||;22425,22425,22425,22425,0,0,0,0,1281.17494395151
|||;22425,22425,22425,22425,0,0,0,0,1286.17494395151
|||;22425,22425,22425,22425,0,0,0,0,1291.17494395151
|||;22425,22425,22425,22425,0,0,0,0,1296.17494395151
|||;22425,22425,22425,22425,0,0,0,0,1301.17494395151
|||;22425,22425,22425,22425,0,0,0,0,1306.17494395151
|||;22425,22425,22425,22425,0,0,0,0,1311.17494395151
|||;22425,22425,22425,22425,0,0,0,0,1316.17494395151
|||;22425,22425,22425,22425,0,0,0,0,1321.17494395151
|||;22425,22425,22425,22425,0,0,0,0,1326.17494395151
|||;22425,22425,22425,22425,0,0,0,0,1331.17494395151
|||;22425,22425,22425,22425,0,0,0,0,1336.17494395151
|||;22425,22425,22425,22425,0,0,0,0,1341.17494395151
|||;22425,22425,22425,22425,0,0,0,0,1346.17494395151
|||;22425,22425,22425,22425,0,0,0,0,1351.17494395151
|||;22425,22425,22425,22425,0,0,0,0,1356.17494395151
|||;22425,22425,22425,22425,0,0,0,0,1361.17494395151
|||;22425,22425,22425,22425,0,0,0,0,1366.17494395151
|||;22425,22425,22425,22425,0,0,0,0,1371.17494395151
|||;22425,22425,22425,22425,0,0,0,0,1376.17494395151
|||;22425,22425,22425,22425,0,0,0,0,1381.17494395151
|||;22425,22425,22425,22425,0,0,0,0,1386.17494395151
|||;22425,22425,22425,22425,0,0,0,0,1391.17494395151
|||;22425,22425,22425,22425,0,0,0,0,1396.17494395151
|||;22425,22425,22425,22425,0,0,0,0,1401.17494395151
|||;22425,22425,22425,22425,0,0,0,0,1406.17494395151
|||;22425,22425,22425,22425,0,0,0,0,1411.17494395151
|||;22425,22425,22425,22425,0,0,0,0,1416.17494395151
|||;22425,22425,22425,22425,0,0,0,0,1421.17494395151
|||;22425,22425,22425,22425,0,0,0,0,1426.17494395151
|||;22425,22425,22425,22425,0,0,0,0,1431.17494395151
|||;22425,22425,22425,22425,0,0,0,0,1436.17494395151
|||;22425,22425,22425,22425,0,0,0,0,1441.17494395151
|||;22425,22425,22425,22425,0,0,0,0,1446.17494395151
|||;22425,22425,22425,22425,0,0,0,0,1451.17494395151
|||;22425,22425,22425,22425,0,0,0,0,1456.17494395151
|||;22425,22425,22425,22425,0,0,0,0,1461.17494395151
|||;22425,22425,22425,22425,0,0,0,0,1466.17494395151
|||;22425,22425,22425,22425,0,0,0,0,1471.17494395151
|||;22425,22425,22425,22425,0,0,0,0,1476.17494395151
|||;22425,22425,22425,22425,0,0,0,0,1481.17494395151
|||;22425,22425,22425,22425,0,0,0,0,1486.17494395151
|||;22425,22425,22425,22425,0,0,0,0,1491.17494395151
|||;22425,22425,22425,22425,0,0,0,0,1496.17494395151
|||;22425,22425,22425,22425,0,0,0,0,1501.17494395151
|||;22425,22425,22425,22425,0,0,0,0,1506.17494395151
|||;22425,22425,22425,22425,0,0,0,0,1511.17494395151
|||;22425,22425,22425,22425,0,0,0,0,1516.17494395151
|||;22425,22425,22425,22425,0,0,0,0,1521.17494395151
|||;22425,22425,22425,22425,0,0,0,0,1526.17494395151
|||;22425,22425,22425,22425,0,0,0,0,1531.17494395151
|||;22425,22425,22425,22425,0,0,0,0,1536.17494395151
|||;22425,22425,22425,22425,0,0,0,0,1541.17494395151
|||;22425,22425,22425,22425,0,0,0,0,1546.17494395151
|||;22425,22425,22425,22425,0,0,0,0,1551.17494395151
|||;22425,22425,22425,22425,0,0,0,0,1556.17494395151
|||;22425,22425,22425,22425,0,0,0,0,1561.17494395151
|||;22425,22425,22425,22425,0,0,0,0,1566.17494395151
|||;22425,22425,22425,22425,0,0,0,0,1571.17494395151
|||;22425,22425,22425,22425,0,0,0,0,1576.17494395151
|||;22425,22425,22425,22425,0,0,0,0,1581.17494395151
|||;22425,22425,22425,22425,0,0,0,0,1586.17494395151
|||;22425,22425,22425,22425,0,0,0,0,1591.17494395151
|||;22425,22425,22425,22425,0,0,0,0,1596.17494395151
|||;22425,22425,22425,22425,0,0,0,0,1601.17494395151
|||;22425,22425,22425,22425,0,0,0,0,1606.17494395151
|||;22425,22425,22425,22425,0,0,0,0,1611.17494395151
|||;22425,22425,22425,22425,0,0,0,0,1616.17494395151
|||;22425,22425,22425,22425,0,0,0,0,1621.17494395151
|||;22425,22425,22425,22425,0,0,0,0,1626.17494395151
|||;22425,22425,22425,22425,0,0,0,0,1631.17494395151
|||;22425,22425,22425,22425,0,0,0,0,1636.17494395151
|||;22425,22425,22425,22425,0,0,0,0,1641.17494395151
|||;22425,22425,22425,22425,0,0,0,0,1646.17494395151
|||;22425,22425,22425,22425,0,0,0,0,1651.17494395151
|||;22425,22425,22425,22425,0,0,0,0,1656.17494395151
|||;22425,22425,22425,22425,0,0,0,0,1661.17494395151
|||;22425,22425,22425,22425,0,0,0,0,1666.17494395151
|||;22425,22425,22425,22425,0,0,0,0,1671.17494395151
|||;22425,22425,22425,22425,0,0,0,0,1676.17494395151
|||;22425,22425,22425,22425,0,0,0,0,1681.17494395151
|||;22425,22425,22425,22425,0,0,0,0,1686.17494395151
|||;22425,22425,22425,22425,0,0,0,0,1691.17494395151
|||;22425,22425,22425,22425,0,0,0,0,1696.17494395151
|||;22425,22425,22425,22425,0,0,0,0,1701.17494395151
|||;22425,22425,22425,22425,0,0,0,0,1706.17494395151
|||;22425,22425,22425,22425,0,0,0,0,1711.17494395151
|||;22425,22425,22425,22425,0,0,0,0,1716.17494395151
|||;22425,22425,22425,22425,0,0,0,0,1721.17494395151
|||;22425,22425,22425,22425,0,0,0,0,1726.17494395151
|||;22425,22425,22425,22425,0,0,0,0,1731.17494395151
|||;22425,22425,22425,22425,0,0,0,0,1736.17494395151
|||;22425,22425,22425,22425,0,0,0,0,1741.17494395151
|||;22425,22425,22425,22425,0,0,0,0,1746.17494395151
|||;22425,22425,22425,22425,0,0,0,0,1751.17494395151
|||;22425,22425,22425,22425,0,0,0,0,1756.17494395151
|||;22425,22425,22425,22425,0,0,0,0,1761.17494395151
|||;22425,22425,22425,22425,0,0,0,0,1766.17494395151
|||;22425,22425,22425,22425,0,0,0,0,1771.17494395151
|||;22425,22425,22425,22425,0,0,0,0,1776.17494395151
|||;22425,22425,22425,22425,0,0,0,0,1781.17494395151
|||;22425,22425,22425,22425,0,0,0,0,1786.17494395151
|||;22425,22425,22425,22425,0,0,0,0,1791.17494395151
|||;22425,22425,22425,22425,0,0,0,0,1796.17494395151
|||;22425,22425,22425,22425,0,0,0,0,1801.17494395151
|||;22425,22425,22425,22425,0,0,0,0,1806.17494395151
|||;22425,22425,22425,22425,0,0,0,0,1811.17494395151
|||;22425,22425,22425,22425,0,0,0,0,1816.17494395151
|||;22425,22425,22425,22425,0,0,0,0,1821.17494395151
|||;22425,22425,22425,22425,0,0,0,0,1826.17494395151
|||;22425,22425,22425,22425,0,0,0,0,1831.17494395151
|||;22425,22425,22425,22425,0,0,0,0,1836.17494395151
|||;22425,22425,22425,22425,0,0,0,0,1841.17494395151
|||;22425,22425,22425,22425,0,0,0,0,1846.17494395151
|||;22425,22425,22425,22425,0,0,0,0,1851.17494395151
|||;22425,22425,22425,22425,0,0,0,0,1856.17494395151
|||;22425,22425,22425,22425,0,0,0,0,1861.17494395151
|||;22425,22425,22425,22425,0,0,0,0,1866.17494395151
|||;22425,22425,22425,22425,0,0,0,0,1871.17494395151
|||;22425,22425,22425,22425,0,0,0,0,1876.17494395151
|||;22425,22425,22425,22425,0,0,0,0,1881.17494395151
|||;22425,22425,22425,22425,0,0,0,0,1886.17494395151
|||;22425,22425,22425,22425,0,0,0,0,1891.17494395151
|||;22425,22425,22425,22425,0,0,0,0,1896.17494395151
|||;22425,22425,22425,22425,0,0,0,0,1901.17494395151
|||;22425,22425,22425,22425,0,0,0,0,1906.17494395151
|||;22425,22425,22425,22425,0,0,0,0,1911.17494395151
|||;22425,22425,22425,22425,0,0,0,0,1916.17494395151
|||;22425,22425,22425,22425,0,0,0,0,1921.17494395151
|||;22425,22425,22425,22425,0,0,0,0,1926.17494395151
|||;22425,22425,22425,22425,0,0,0,0,1931.17494395151
|||;22425,22425,22425,22425,0,0,0,0,1936.17494395151
|||;22425,22425,22425,22425,0,0,0,0,1941.17494395151
|||;22425,22425,22425,22425,0,0,0,0,1946.17494395151
|||;22425,22425,22425,22425,0,0,0,0,1951.17494395151
|||;22425,22425,22425,22425,0,0,0,0,1956.17494395151
|||;22425,22425,22425,22425,0,0,0,0,1961.17494395151
|||;22425,22425,22425,22425,0,0,0,0,1966.17494395151
|||;22425,22425,22425,22425,0,0,0,0,1971.17494395151
|||;22425,22425,22425,22425,0,0,0,0,1976.17494395151
|||;22425,22425,22425,22425,0,0,0,0,1981.17494395151
|||;22425,22425,22425,22425,0,0,0,0,1986.17494395151
|||;22425,22425,22425,22425,0,0,0,0,1991.17494395151
|||;22425,22425,22425,22425,0,0,0,0,1996.17494395151
|||;32870,32870,32870,32870,0,0,0,0,1.17494395151
|||;34099,34099,34099,34099,0,0,0,0,1.17494395151
|||;34099,34099,34099,34099,0,0,0,0,6.17494395151
|||;17920,17920,17920,17920,0,0,0,0,1.17494395151
415xucpy(2),347vegiy(1),|309ipaxt(0),|240rzcgb(2),|;7014.4,9625.6,8550.4,17920,50.850050479012,39.601263271318,41.641350014335,0,6.17494395151
415xucpy(2),347vegiy(1),|309ipaxt(2),|240rzcgb(2),|;7014.4,9625.6,8550.4,17920,45.850050479012,34.601263271318,36.641350014335,0,11.17494395151
415xucpy(2),347vegiy(1),|309ipaxt(2),|240rzcgb(2),|;7014.4,9625.6,8550.4,17920,40.850050479012,29.601263271318,31.641350014335,0,16.17494395151
415xucpy(2),347vegiy(1),|309ipaxt(2),|240rzcgb(2),|;7014.4,9625.6,8550.4,17920,35.850050479012,24.601263271318,26.641350014335,0,21.17494395151
415xucpy(2),347vegiy(1),|309ipaxt(2),|240rzcgb(2),|;7014.4,9625.6,8550.4,17920,30.850050479012,19.601263271318,21.641350014335,0,26.17494395151
347vegiy(2),|309ipaxt(2),|240rzcgb(2),|;12134.4,9625.6,8550.4,17920,25.850050479012,14.601263271318,16.641350014335,0,31.17494395151
347vegiy(2),|309ipaxt(2),|240rzcgb(2),|;12134.4,9625.6,8550.4,17920,20.850050479012,9.601263271318,11.641350014335,0,36.17494395151
347vegiy(2),61mgyhs(0),|309ipaxt(2),|240rzcgb(2),|;2355.2,9625.6,8550.4,17920,71.53722639073,4.601263271318,6.641350014335,0,41.17494395151
347vegiy(2),61mgyhs(0),|309ipaxt(3),|240rzcgb(2),|;2355.2,9625.6,8550.4,17920,66.53722639073,0,1.641350014335,0,46.17494395151
347vegiy(2),61mgyhs(1),|309ipaxt(3),|240rzcgb(3),|;2355.2,9625.6,8550.4,17920,61.53722639073,0,0,0,51.17494395151
61mgyhs(2),|309ipaxt(3),|240rzcgb(3),|;8140.8,9625.6,8550.4,17920,56.53722639073,0,0,0,56.17494395151
|||;30617,30617,30617,30617,0,0,0,0,1.17494395151
|||;30617,30617,30617,30617,0,0,0,0,6.17494395151
|||;34918,34918,34918,34918,0,0,0,0,1.17494395151
|||;35328,35328,35328,35328,0,0,0,0,1.17494395151
|||;27136,27136,27136,27136,0,0,0,0,1.17494395151
|||;26726,26726,26726,26726,0,0,0,0,1.17494395151
|||;28774,28774,28774,28774,0,0,0,0,1.17494395151
|||;28774,28774,28774,28774,0,0,0,0,6.17494395151
|||;37580,37580,37580,37580,0,0,0,0,1.17494395151
|||;30208,30208,30208,30208,0,0,0,0,1.17494395151
|||;35328,35328,35328,35328,0,0,0,0,1.17494395151
|||;35328,35328,35328,35328,0,0,0,0,6.17494395151
|||;36966,36966,36966,36966,0,0,0,0,1.17494395151
|||;36966,36966,36966,36966,0,0,0,0,6.17494395151
|||;26726,26726,26726,26726,0,0,0,0,1.17494395151
