|||;33484,33484,33484,33484,0,0,0,0,1.171121563187
|||;33484,33484,33484,33484,0,0,0,0,6.171121563187
|||;33484,33484,33484,33484,0,0,0,0,11.171121563187
|||;33484,33484,33484,33484,0,0,0,0,16.171121563187
926mlndr(2),|926mlndr(2),|926mlndr(2),|926mlndr(2),;31287.5,32019.7,31287.5,32019.7,10.793529150895,5.622964737101,10.793529150895,5.622964737101,21.171121563187
926mlndr(2),|926mlndr(2),|926mlndr(2),|926mlndr(2),;31287.5,32019.7,31287.5,32019.7,5.793529150895,0.622964737101,5.793529150895,0.622964737101,26.171121563187
926mlndr(2),||926mlndr(2),|;31287.5,33484,31287.5,33484,0.793529150895,0,0.793529150895,0,31.171121563187
|||;33484,33484,33484,33484,0,0,0,0,36.171121563187
|||;33484,33484,33484,33484,0,0,0,0,41.171121563187
|||;33484,33484,33484,33484,0,0,0,0,46.171121563187
|||;33484,33484,33484,33484,0,0,0,0,51.171121563187
|||;33484,33484,33484,33484,0,0,0,0,56.171121563187
|||;33484,33484,33484,33484,0,0,0,0,61.171121563187
|||;33484,33484,33484,33484,0,0,0,0,66.171121563187
|||;33484,33484,33484,33484,0,0,0,0,71.171121563187
|||;33484,33484,33484,33484,0,0,0,0,76.171121563187
|||;33484,33484,33484,33484,0,0,0,0,81.171121563187
|||;33484,33484,33484,33484,0,0,0,0,86.171121563187
|||;33484,33484,33484,33484,0,0,0,0,91.171121563187
|||;33484,33484,33484,33484,0,0,0,0,96.171121563187
|||;33484,33484,33484,33484,0,0,0,0,101.171121563187
|||;33484,33484,33484,33484,0,0,0,0,106.171121563187
|||;33484,33484,33484,33484,0,0,0,0,111.171121563187
|||;33484,33484,33484,33484,0,0,0,0,116.171121563187
|||;33484,33484,33484,33484,0,0,0,0,121.171121563187
|||;33484,33484,33484,33484,0,0,0,0,126.171121563187
|||;33484,33484,33484,33484,0,0,0,0,131.171121563187
|||;33484,33484,33484,33484,0,0,0,0,136.171121563187
|||;33484,33484,33484,33484,0,0,0,0,141.171121563187
|||;33484,33484,33484,33484,0,0,0,0,146.171121563187
|||;33484,33484,33484,33484,0,0,0,0,151.171121563187
|||;33484,33484,33484,33484,0,0,0,0,156.171121563187
|||;33484,33484,33484,33484,0,0,0,0,161.171121563187
|||;33484,33484,33484,33484,0,0,0,0,166.171121563187
|||;33484,33484,33484,33484,0,0,0,0,171.171121563187
|||;33484,33484,33484,33484,0,0,0,0,176.171121563187
|||;33484,33484,33484,33484,0,0,0,0,181.171121563187
|||;33484,33484,33484,33484,0,0,0,0,186.171121563187
|||;33484,33484,33484,33484,0,0,0,0,191.171121563187
|||;33484,33484,33484,33484,0,0,0,0,196.171121563187
|||;33484,33484,33484,33484,0,0,0,0,201.171121563187
|||;33484,33484,33484,33484,0,0,0,0,206.171121563187
|||;33484,33484,33484,33484,0,0,0,0,211.171121563187
|||;33484,33484,33484,33484,0,0,0,0,216.171121563187
|||;33484,33484,33484,33484,0,0,0,0,221.171121563187
|||;33484,33484,33484,33484,0,0,0,0,226.171121563187
|||;33484,33484,33484,33484,0,0,0,0,231.171121563187
|||;33484,33484,33484,33484,0,0,0,0,236.171121563187
|||;33484,33484,33484,33484,0,0,0,0,241.171121563187
|||;33484,33484,33484,33484,0,0,0,0,246.171121563187
|||;33484,33484,33484,33484,0,0,0,0,251.171121563187
|||;33484,33484,33484,33484,0,0,0,0,256.171121563187
|||;33484,33484,33484,33484,0,0,0,0,261.171121563187
|||;33484,33484,33484,33484,0,0,0,0,266.171121563187
|||;33484,33484,33484,33484,0,0,0,0,271.171121563187
|||;33484,33484,33484,33484,0,0,0,0,276.171121563187
|||;33484,33484,33484,33484,0,0,0,0,281.171121563187
|||;33484,33484,33484,33484,0,0,0,0,286.171121563187
|||;33484,33484,33484,33484,0,0,0,0,291.171121563187
|||;33484,33484,33484,33484,0,0,0,0,296.171121563187
|||;33484,33484,33484,33484,0,0,0,0,301.171121563187
|||;33484,33484,33484,33484,0,0,0,0,306.171121563187
|||;33484,33484,33484,33484,0,0,0,0,311.171121563187
|||;33484,33484,33484,33484,0,0,0,0,316.171121563187
|||;33484,33484,33484,33484,0,0,0,0,321.171121563187
|||;33484,33484,33484,33484,0,0,0,0,326.171121563187
|||;33484,33484,33484,33484,0,0,0,0,331.171121563187
|||;33484,33484,33484,33484,0,0,0,0,336.171121563187
|||;33484,33484,33484,33484,0,0,0,0,341.171121563187
|||;33484,33484,33484,33484,0,0,0,0,346.171121563187
|||;33484,33484,33484,33484,0,0,0,0,351.171121563187
|||;33484,33484,33484,33484,0,0,0,0,356.171121563187
|||;33484,33484,33484,33484,0,0,0,0,361.171121563187
|||;33484,33484,33484,33484,0,0,0,0,366.171121563187
|||;33484,33484,33484,33484,0,0,0,0,371.171121563187
|||;33484,33484,33484,33484,0,0,0,0,376.171121563187
|||;33484,33484,33484,33484,0,0,0,0,381.171121563187
|||;33484,33484,33484,33484,0,0,0,0,386.171121563187
|||;33484,33484,33484,33484,0,0,0,0,391.171121563187
|||;33484,33484,33484,33484,0,0,0,0,396.171121563187
|||;33484,33484,33484,33484,0,0,0,0,401.171121563187
|||;33484,33484,33484,33484,0,0,0,0,406.171121563187
|||;33484,33484,33484,33484,0,0,0,0,411.171121563187
|||;33484,33484,33484,33484,0,0,0,0,416.171121563187
|||;33484,33484,33484,33484,0,0,0,0,421.171121563187
|||;33484,33484,33484,33484,0,0,0,0,426.171121563187
|||;33484,33484,33484,33484,0,0,0,0,431.171121563187
|||;33484,33484,33484,33484,0,0,0,0,436.171121563187
|||;33484,33484,33484,33484,0,0,0,0,441.171121563187
|||;33484,33484,33484,33484,0,0,0,0,446.171121563187
|||;33484,33484,33484,33484,0,0,0,0,451.171121563187
|||;33484,33484,33484,33484,0,0,0,0,456.171121563187
|||;33484,33484,33484,33484,0,0,0,0,461.171121563187
|||;33484,33484,33484,33484,0,0,0,0,466.171121563187
|||;33484,33484,33484,33484,0,0,0,0,471.171121563187
|||;33484,33484,33484,33484,0,0,0,0,476.171121563187
|||;33484,33484,33484,33484,0,0,0,0,481.171121563187
|||;33484,33484,33484,33484,0,0,0,0,486.171121563187
|||;33484,33484,33484,33484,0,0,0,0,491.171121563187
|||;33484,33484,33484,33484,0,0,0,0,496.171121563187
|||;33484,33484,33484,33484,0,0,0,0,501.171121563187
|||;33484,33484,33484,33484,0,0,0,0,506.171121563187
|||;33484,33484,33484,33484,0,0,0,0,511.171121563187
|||;33484,33484,33484,33484,0,0,0,0,516.171121563187
|||;33484,33484,33484,33484,0,0,0,0,521.171121563187
|||;33484,33484,33484,33484,0,0,0,0,526.171121563187
|||;33484,33484,33484,33484,0,0,0,0,531.171121563187
|||;33484,33484,33484,33484,0,0,0,0,536.171121563187
|||;33484,33484,33484,33484,0,0,0,0,541.171121563187
|||;33484,33484,33484,33484,0,0,0,0,546.171121563187
|||;33484,33484,33484,33484,0,0,0,0,551.171121563187
|||;33484,33484,33484,33484,0,0,0,0,556.171121563187
|||;33484,33484,33484,33484,0,0,0,0,561.171121563187
|||;33484,33484,33484,33484,0,0,0,0,566.171121563187
|||;33484,33484,33484,33484,0,0,0,0,571.171121563187
|||;33484,33484,33484,33484,0,0,0,0,576.171121563187
|||;33484,33484,33484,33484,0,0,0,0,581.171121563187
|||;33484,33484,33484,33484,0,0,0,0,586.171121563187
|||;33484,33484,33484,33484,0,0,0,0,591.171121563187
|||;33484,33484,33484,33484,0,0,0,0,596.171121563187
|||;33484,33484,33484,33484,0,0,0,0,601.171121563187
|||;33484,33484,33484,33484,0,0,0,0,606.171121563187
|||;33484,33484,33484,33484,0,0,0,0,611.171121563187
|||;33484,33484,33484,33484,0,0,0,0,616.171121563187
|||;33484,33484,33484,33484,0,0,0,0,621.171121563187
|||;33484,33484,33484,33484,0,0,0,0,626.171121563187
|||;33484,33484,33484,33484,0,0,0,0,631.171121563187
|||;33484,33484,33484,33484,0,0,0,0,636.171121563187
|||;33484,33484,33484,33484,0,0,0,0,641.171121563187
|||;33484,33484,33484,33484,0,0,0,0,646.171121563187
|||;33484,33484,33484,33484,0,0,0,0,651.171121563187
|||;33484,33484,33484,33484,0,0,0,0,656.171121563187
|||;33484,33484,33484,33484,0,0,0,0,661.171121563187
|||;33484,33484,33484,33484,0,0,0,0,666.171121563187
|||;33484,33484,33484,33484,0,0,0,0,671.171121563187
|||;33484,33484,33484,33484,0,0,0,0,676.171121563187
|||;33484,33484,33484,33484,0,0,0,0,681.171121563187
|||;33484,33484,33484,33484,0,0,0,0,686.171121563187
|||;33484,33484,33484,33484,0,0,0,0,691.171121563187
|||;33484,33484,33484,33484,0,0,0,0,696.171121563187
|||;33484,33484,33484,33484,0,0,0,0,701.171121563187
|||;33484,33484,33484,33484,0,0,0,0,706.171121563187
|||;33484,33484,33484,33484,0,0,0,0,711.171121563187
|||;33484,33484,33484,33484,0,0,0,0,716.171121563187
|||;33484,33484,33484,33484,0,0,0,0,721.171121563187
|||;33484,33484,33484,33484,0,0,0,0,726.171121563187
|||;33484,33484,33484,33484,0,0,0,0,731.171121563187
|||;33484,33484,33484,33484,0,0,0,0,736.171121563187
|||;33484,33484,33484,33484,0,0,0,0,741.171121563187
|||;33484,33484,33484,33484,0,0,0,0,746.171121563187
|||;33484,33484,33484,33484,0,0,0,0,751.171121563187
|||;33484,33484,33484,33484,0,0,0,0,756.171121563187
|||;33484,33484,33484,33484,0,0,0,0,761.171121563187
|||;33484,33484,33484,33484,0,0,0,0,766.171121563187
|||;33484,33484,33484,33484,0,0,0,0,771.171121563187
|||;33484,33484,33484,33484,0,0,0,0,776.171121563187
|||;33484,33484,33484,33484,0,0,0,0,781.171121563187
|||;33484,33484,33484,33484,0,0,0,0,786.171121563187
|||;33484,33484,33484,33484,0,0,0,0,791.171121563187
|||;33484,33484,33484,33484,0,0,0,0,796.171121563187
|||;33484,33484,33484,33484,0,0,0,0,801.171121563187
|||;33484,33484,33484,33484,0,0,0,0,806.171121563187
|||;33484,33484,33484,33484,0,0,0,0,811.171121563187
|||;33484,33484,33484,33484,0,0,0,0,816.171121563187
|||;33484,33484,33484,33484,0,0,0,0,821.171121563187
|||;33484,33484,33484,33484,0,0,0,0,826.171121563187
|||;33484,33484,33484,33484,0,0,0,0,831.171121563187
|||;33484,33484,33484,33484,0,0,0,0,836.171121563187
|||;33484,33484,33484,33484,0,0,0,0,841.171121563187
|||;33484,33484,33484,33484,0,0,0,0,846.171121563187
|||;33484,33484,33484,33484,0,0,0,0,851.171121563187
|||;33484,33484,33484,33484,0,0,0,0,856.171121563187
|||;33484,33484,33484,33484,0,0,0,0,861.171121563187
|||;33484,33484,33484,33484,0,0,0,0,866.171121563187
|||;33484,33484,33484,33484,0,0,0,0,871.171121563187
|||;33484,33484,33484,33484,0,0,0,0,876.171121563187
|||;33484,33484,33484,33484,0,0,0,0,881.171121563187
|||;33484,33484,33484,33484,0,0,0,0,886.171121563187
|||;33484,33484,33484,33484,0,0,0,0,891.171121563187
|||;33484,33484,33484,33484,0,0,0,0,896.171121563187
|||;33484,33484,33484,33484,0,0,0,0,901.171121563187
|||;33484,33484,33484,33484,0,0,0,0,906.171121563187
|||;33484,33484,33484,33484,0,0,0,0,911.171121563187
|||;33484,33484,33484,33484,0,0,0,0,916.171121563187
|||;33484,33484,33484,33484,0,0,0,0,921.171121563187
|||;33484,33484,33484,33484,0,0,0,0,926.171121563187
|||;33484,33484,33484,33484,0,0,0,0,931.171121563187
|||;33484,33484,33484,33484,0,0,0,0,936.171121563187
|||;33484,33484,33484,33484,0,0,0,0,941.171121563187
|||;33484,33484,33484,33484,0,0,0,0,946.171121563187
|||;33484,33484,33484,33484,0,0,0,0,951.171121563187
|||;33484,33484,33484,33484,0,0,0,0,956.171121563187
|||;33484,33484,33484,33484,0,0,0,0,961.171121563187
|||;33484,33484,33484,33484,0,0,0,0,966.171121563187
|||;33484,33484,33484,33484,0,0,0,0,971.171121563187
|||;33484,33484,33484,33484,0,0,0,0,976.171121563187
|||;33484,33484,33484,33484,0,0,0,0,981.171121563187
|||;33484,33484,33484,33484,0,0,0,0,986.171121563187
|||;33484,33484,33484,33484,0,0,0,0,991.171121563187
|||;33484,33484,33484,33484,0,0,0,0,996.171121563187
|||;33484,33484,33484,33484,0,0,0,0,1001.171121563187
|||;33484,33484,33484,33484,0,0,0,0,1006.171121563187
|||;33484,33484,33484,33484,0,0,0,0,1011.171121563187
|||;33484,33484,33484,33484,0,0,0,0,1016.171121563187
|||;33484,33484,33484,33484,0,0,0,0,1021.171121563187
|||;33484,33484,33484,33484,0,0,0,0,1026.171121563187
|||;33484,33484,33484,33484,0,0,0,0,1031.171121563187
|||;33484,33484,33484,33484,0,0,0,0,1036.171121563187
|||;33484,33484,33484,33484,0,0,0,0,1041.171121563187
|||;33484,33484,33484,33484,0,0,0,0,1046.171121563187
|||;33484,33484,33484,33484,0,0,0,0,1051.171121563187
|||;33484,33484,33484,33484,0,0,0,0,1056.171121563187
|||;33484,33484,33484,33484,0,0,0,0,1061.171121563187
|||;33484,33484,33484,33484,0,0,0,0,1066.171121563187
|||;33484,33484,33484,33484,0,0,0,0,1071.171121563187
|||;33484,33484,33484,33484,0,0,0,0,1076.171121563187
|||;33484,33484,33484,33484,0,0,0,0,1081.171121563187
|||;33484,33484,33484,33484,0,0,0,0,1086.171121563187
|||;33484,33484,33484,33484,0,0,0,0,1091.171121563187
|||;33484,33484,33484,33484,0,0,0,0,1096.171121563187
|||;33484,33484,33484,33484,0,0,0,0,1101.171121563187
|||;33484,33484,33484,33484,0,0,0,0,1106.171121563187
|||;33484,33484,33484,33484,0,0,0,0,1111.171121563187
|||;33484,33484,33484,33484,0,0,0,0,1116.171121563187
|||;33484,33484,33484,33484,0,0,0,0,1121.171121563187
|||;33484,33484,33484,33484,0,0,0,0,1126.171121563187
|||;33484,33484,33484,33484,0,0,0,0,1131.171121563187
|||;33484,33484,33484,33484,0,0,0,0,1136.171121563187
|||;33484,33484,33484,33484,0,0,0,0,1141.171121563187
|||;33484,33484,33484,33484,0,0,0,0,1146.171121563187
|||;33484,33484,33484,33484,0,0,0,0,1151.171121563187
|||;33484,33484,33484,33484,0,0,0,0,1156.171121563187
|||;33484,33484,33484,33484,0,0,0,0,1161.171121563187
|||;33484,33484,33484,33484,0,0,0,0,1166.171121563187
|||;33484,33484,33484,33484,0,0,0,0,1171.171121563187
|||;33484,33484,33484,33484,0,0,0,0,1176.171121563187
|||;33484,33484,33484,33484,0,0,0,0,1181.171121563187
|||;33484,33484,33484,33484,0,0,0,0,1186.171121563187
|||;33484,33484,33484,33484,0,0,0,0,1191.171121563187
|||;33484,33484,33484,33484,0,0,0,0,1196.171121563187
|||;33484,33484,33484,33484,0,0,0,0,1201.171121563187
|||;33484,33484,33484,33484,0,0,0,0,1206.171121563187
|||;33484,33484,33484,33484,0,0,0,0,1211.171121563187
|||;33484,33484,33484,33484,0,0,0,0,1216.171121563187
|||;33484,33484,33484,33484,0,0,0,0,1221.171121563187
|||;33484,33484,33484,33484,0,0,0,0,1226.171121563187
|||;33484,33484,33484,33484,0,0,0,0,1231.171121563187
|||;33484,33484,33484,33484,0,0,0,0,1236.171121563187
|||;33484,33484,33484,33484,0,0,0,0,1241.171121563187
|||;33484,33484,33484,33484,0,0,0,0,1246.171121563187
|||;33484,33484,33484,33484,0,0,0,0,1251.171121563187
|||;33484,33484,33484,33484,0,0,0,0,1256.171121563187
|||;33484,33484,33484,33484,0,0,0,0,1261.171121563187
|||;33484,33484,33484,33484,0,0,0,0,1266.171121563187
|||;33484,33484,33484,33484,0,0,0,0,1271.171121563187
|||;33484,33484,33484,33484,0,0,0,0,1276.171121563187
|||;33484,33484,33484,33484,0,0,0,0,1281.171121563187
|||;33484,33484,33484,33484,0,0,0,0,1286.171121563187
|||;33484,33484,33484,33484,0,0,0,0,1291.171121563187
|||;33484,33484,33484,33484,0,0,0,0,1296.171121563187
|||;33484,33484,33484,33484,0,0,0,0,1301.171121563187
|||;33484,33484,33484,33484,0,0,0,0,1306.171121563187
|||;33484,33484,33484,33484,0,0,0,0,1311.171121563187
|||;33484,33484,33484,33484,0,0,0,0,1316.171121563187
|||;33484,33484,33484,33484,0,0,0,0,1321.171121563187
|||;33484,33484,33484,33484,0,0,0,0,1326.171121563187
|||;33484,33484,33484,33484,0,0,0,0,1331.171121563187
|||;33484,33484,33484,33484,0,0,0,0,1336.171121563187
|||;33484,33484,33484,33484,0,0,0,0,1341.171121563187
|||;33484,33484,33484,33484,0,0,0,0,1346.171121563187
|||;33484,33484,33484,33484,0,0,0,0,1351.171121563187
|||;33484,33484,33484,33484,0,0,0,0,1356.171121563187
|||;33484,33484,33484,33484,0,0,0,0,1361.171121563187
|||;33484,33484,33484,33484,0,0,0,0,1366.171121563187
|||;33484,33484,33484,33484,0,0,0,0,1371.171121563187
|||;33484,33484,33484,33484,0,0,0,0,1376.171121563187
|||;33484,33484,33484,33484,0,0,0,0,1381.171121563187
|||;33484,33484,33484,33484,0,0,0,0,1386.171121563187
|||;33484,33484,33484,33484,0,0,0,0,1391.171121563187
|||;33484,33484,33484,33484,0,0,0,0,1396.171121563187
|||;33484,33484,33484,33484,0,0,0,0,1401.171121563187
|||;33484,33484,33484,33484,0,0,0,0,1406.171121563187
|||;33484,33484,33484,33484,0,0,0,0,1411.171121563187
|||;33484,33484,33484,33484,0,0,0,0,1416.171121563187
|||;33484,33484,33484,33484,0,0,0,0,1421.171121563187
|||;33484,33484,33484,33484,0,0,0,0,1426.171121563187
|||;33484,33484,33484,33484,0,0,0,0,1431.171121563187
|||;33484,33484,33484,33484,0,0,0,0,1436.171121563187
|||;33484,33484,33484,33484,0,0,0,0,1441.171121563187
|||;33484,33484,33484,33484,0,0,0,0,1446.171121563187
|||;33484,33484,33484,33484,0,0,0,0,1451.171121563187
|||;33484,33484,33484,33484,0,0,0,0,1456.171121563187
|||;33484,33484,33484,33484,0,0,0,0,1461.171121563187
|||;33484,33484,33484,33484,0,0,0,0,1466.171121563187
|||;33484,33484,33484,33484,0,0,0,0,1471.171121563187
|||;33484,33484,33484,33484,0,0,0,0,1476.171121563187
|||;33484,33484,33484,33484,0,0,0,0,1481.171121563187
|||;33484,33484,33484,33484,0,0,0,0,1486.171121563187
|||;33484,33484,33484,33484,0,0,0,0,1491.171121563187
|||;33484,33484,33484,33484,0,0,0,0,1496.171121563187
|||;33484,33484,33484,33484,0,0,0,0,1501.171121563187
|||;33484,33484,33484,33484,0,0,0,0,1506.171121563187
|||;33484,33484,33484,33484,0,0,0,0,1511.171121563187
|||;33484,33484,33484,33484,0,0,0,0,1516.171121563187
|||;33484,33484,33484,33484,0,0,0,0,1521.171121563187
|||;33484,33484,33484,33484,0,0,0,0,1526.171121563187
|||;33484,33484,33484,33484,0,0,0,0,1531.171121563187
|||;33484,33484,33484,33484,0,0,0,0,1536.171121563187
|||;33484,33484,33484,33484,0,0,0,0,1541.171121563187
|||;33484,33484,33484,33484,0,0,0,0,1546.171121563187
|||;33484,33484,33484,33484,0,0,0,0,1551.171121563187
|||;33484,33484,33484,33484,0,0,0,0,1556.171121563187
|||;33484,33484,33484,33484,0,0,0,0,1561.171121563187
|||;33484,33484,33484,33484,0,0,0,0,1566.171121563187
|||;33484,33484,33484,33484,0,0,0,0,1571.171121563187
|||;33484,33484,33484,33484,0,0,0,0,1576.171121563187
|||;33484,33484,33484,33484,0,0,0,0,1581.171121563187
|||;33484,33484,33484,33484,0,0,0,0,1586.171121563187
|||;33484,33484,33484,33484,0,0,0,0,1591.171121563187
|||;33484,33484,33484,33484,0,0,0,0,1596.171121563187
|||;33484,33484,33484,33484,0,0,0,0,1601.171121563187
|||;33484,33484,33484,33484,0,0,0,0,1606.171121563187
|||;33484,33484,33484,33484,0,0,0,0,1611.171121563187
|||;33484,33484,33484,33484,0,0,0,0,1616.171121563187
|||;33484,33484,33484,33484,0,0,0,0,1621.171121563187
|||;33484,33484,33484,33484,0,0,0,0,1626.171121563187
|||;33484,33484,33484,33484,0,0,0,0,1631.171121563187
|||;33484,33484,33484,33484,0,0,0,0,1636.171121563187
|||;33484,33484,33484,33484,0,0,0,0,1641.171121563187
|||;33484,33484,33484,33484,0,0,0,0,1646.171121563187
|||;33484,33484,33484,33484,0,0,0,0,1651.171121563187
|||;33484,33484,33484,33484,0,0,0,0,1656.171121563187
|||;33484,33484,33484,33484,0,0,0,0,1661.171121563187
|||;33484,33484,33484,33484,0,0,0,0,1666.171121563187
|||;33484,33484,33484,33484,0,0,0,0,1671.171121563187
|||;33484,33484,33484,33484,0,0,0,0,1676.171121563187
|||;33484,33484,33484,33484,0,0,0,0,1681.171121563187
|||;33484,33484,33484,33484,0,0,0,0,1686.171121563187
|||;33484,33484,33484,33484,0,0,0,0,1691.171121563187
|||;33484,33484,33484,33484,0,0,0,0,1696.171121563187
|||;33484,33484,33484,33484,0,0,0,0,1701.171121563187
|||;33484,33484,33484,33484,0,0,0,0,1706.171121563187
|||;33484,33484,33484,33484,0,0,0,0,1711.171121563187
|||;33484,33484,33484,33484,0,0,0,0,1716.171121563187
|||;33484,33484,33484,33484,0,0,0,0,1721.171121563187
|||;33484,33484,33484,33484,0,0,0,0,1726.171121563187
|||;33484,33484,33484,33484,0,0,0,0,1731.171121563187
|||;33484,33484,33484,33484,0,0,0,0,1736.171121563187
|||;33484,33484,33484,33484,0,0,0,0,1741.171121563187
|||;33484,33484,33484,33484,0,0,0,0,1746.171121563187
|||;33484,33484,33484,33484,0,0,0,0,1751.171121563187
|||;33484,33484,33484,33484,0,0,0,0,1756.171121563187
|||;33484,33484,33484,33484,0,0,0,0,1761.171121563187
|||;33484,33484,33484,33484,0,0,0,0,1766.171121563187
|||;33484,33484,33484,33484,0,0,0,0,1771.171121563187
|||;33484,33484,33484,33484,0,0,0,0,1776.171121563187
|||;33484,33484,33484,33484,0,0,0,0,1781.171121563187
|||;33484,33484,33484,33484,0,0,0,0,1786.171121563187
|||;33484,33484,33484,33484,0,0,0,0,1791.171121563187
|||;33484,33484,33484,33484,0,0,0,0,1796.171121563187
|||;33484,33484,33484,33484,0,0,0,0,1801.171121563187
|||;33484,33484,33484,33484,0,0,0,0,1806.171121563187
|||;33484,33484,33484,33484,0,0,0,0,1811.171121563187
|||;33484,33484,33484,33484,0,0,0,0,1816.171121563187
|||;33484,33484,33484,33484,0,0,0,0,1821.171121563187
|||;33484,33484,33484,33484,0,0,0,0,1826.171121563187
|||;33484,33484,33484,33484,0,0,0,0,1831.171121563187
|||;33484,33484,33484,33484,0,0,0,0,1836.171121563187
|||;33484,33484,33484,33484,0,0,0,0,1841.171121563187
|||;33484,33484,33484,33484,0,0,0,0,1846.171121563187
|||;33484,33484,33484,33484,0,0,0,0,1851.171121563187
|||;33484,33484,33484,33484,0,0,0,0,1856.171121563187
|||;33484,33484,33484,33484,0,0,0,0,1861.171121563187
|||;33484,33484,33484,33484,0,0,0,0,1866.171121563187
|||;33484,33484,33484,33484,0,0,0,0,1871.171121563187
|||;33484,33484,33484,33484,0,0,0,0,1876.171121563187
|||;33484,33484,33484,33484,0,0,0,0,1881.171121563187
|||;33484,33484,33484,33484,0,0,0,0,1886.171121563187
|||;33484,33484,33484,33484,0,0,0,0,1891.171121563187
|||;33484,33484,33484,33484,0,0,0,0,1896.171121563187
|||;33484,33484,33484,33484,0,0,0,0,1901.171121563187
|||;33484,33484,33484,33484,0,0,0,0,1906.171121563187
|||;33484,33484,33484,33484,0,0,0,0,1911.171121563187
|||;33484,33484,33484,33484,0,0,0,0,1916.171121563187
|||;33484,33484,33484,33484,0,0,0,0,1921.171121563187
|||;33484,33484,33484,33484,0,0,0,0,1926.171121563187
|||;33484,33484,33484,33484,0,0,0,0,1931.171121563187
|||;33484,33484,33484,33484,0,0,0,0,1936.171121563187
|||;33484,33484,33484,33484,0,0,0,0,1941.171121563187
|||;33484,33484,33484,33484,0,0,0,0,1946.171121563187
|||;33484,33484,33484,33484,0,0,0,0,1951.171121563187
|||;33484,33484,33484,33484,0,0,0,0,1956.171121563187
|||;33484,33484,33484,33484,0,0,0,0,1961.171121563187
|||;33484,33484,33484,33484,0,0,0,0,1966.171121563187
|||;33484,33484,33484,33484,0,0,0,0,1971.171121563187
|||;33484,33484,33484,33484,0,0,0,0,1976.171121563187
|||;33484,33484,33484,33484,0,0,0,0,1981.171121563187
|||;33484,33484,33484,33484,0,0,0,0,1986.171121563187
|||;33484,33484,33484,33484,0,0,0,0,1991.171121563187
|||;33484,33484,33484,33484,0,0,0,0,1996.171121563187
