|||;22220,22220,22220,22220,0,0,0,0,1.033525796656
919agimx(0),89wbctg(1),849epcqb(1),860eokdf(0),889mwfhd(1),|919agimx(0),89wbctg(1),849epcqb(1),860eokdf(0),889mwfhd(1),|919agimx(0),89wbctg(1),82ydfpj(1),849epcqb(1),860eokdf(0),889mwfhd(1),|89wbctg(2),82ydfpj(1),849epcqb(1),860eokdf(0),889mwfhd(1),;14581,14765.3,15799.5,13905.1,43.745365391111,42.982764663838,42.662408541122,46.039450123374,6.033525796656
919agimx(3),89wbctg(2),849epcqb(1),860eokdf(1),889mwfhd(1),|919agimx(3),89wbctg(2),849epcqb(1),860eokdf(1),889mwfhd(1),|919agimx(3),89wbctg(2),82ydfpj(1),849epcqb(1),860eokdf(1),889mwfhd(1),|89wbctg(2),82ydfpj(1),849epcqb(1),860eokdf(1),889mwfhd(1),;14581,14765.3,15799.5,13905.1,38.745365391111,37.982764663838,37.662408541122,41.039450123374,11.033525796656
919agimx(3),849epcqb(2),860eokdf(1),889mwfhd(1),|919agimx(3),849epcqb(2),860eokdf(1),889mwfhd(1),|919agimx(3),849epcqb(2),860eokdf(1),889mwfhd(1),|89wbctg(2),82ydfpj(1),849epcqb(1),860eokdf(1),889mwfhd(1),;15717.6,15901.9,17033.4,13905.1,33.745365391111,32.982764663838,32.662408541122,36.039450123374,16.033525796656
919agimx(3),849epcqb(2),860eokdf(1),889mwfhd(1),610yltap(0),|919agimx(3),849epcqb(2),860eokdf(1),889mwfhd(1),|919agimx(3),860eokdf(2),889mwfhd(1),|849epcqb(2),860eokdf(1),889mwfhd(1),610yltap(0),;12210.4,15901.9,18108.6,13905.1,48.233509406776,27.982764663838,27.662408541122,50.527594139039,21.033525796656
919agimx(3),849epcqb(3),860eokdf(2),889mwfhd(1),610yltap(1),|919agimx(3),849epcqb(3),860eokdf(2),889mwfhd(1),|919agimx(3),860eokdf(2),889mwfhd(1),|849epcqb(3),860eokdf(2),889mwfhd(1),610yltap(1),;12210.4,15901.9,18108.6,13905.1,43.233509406776,22.982764663838,22.662408541122,45.527594139039,26.033525796656
919agimx(3),860eokdf(2),889mwfhd(1),610yltap(1),|919agimx(3),860eokdf(2),889mwfhd(1),|919agimx(3),860eokdf(2),889mwfhd(1),|889mwfhd(1),610yltap(1),;14360.8,17514.7,18108.6,16337.1,38.233509406776,17.982764663838,17.662408541122,40.527594139039,31.033525796656
919agimx(3),889mwfhd(2),610yltap(1),|919agimx(3),889mwfhd(2),|919agimx(3),889mwfhd(3),|889mwfhd(2),610yltap(1),;16255.2,20356.3,20950.2,16337.1,33.233509406776,12.982764663838,12.662408541122,35.527594139039,36.033525796656
919agimx(3),889mwfhd(3),610yltap(2),|919agimx(3),889mwfhd(3),383cajoh(0),|919agimx(3),889mwfhd(3),383cajoh(0),|889mwfhd(2),610yltap(1),;16255.2,15978.7,16572.6,16337.1,28.233509406776,30.052863256181,29.732507133465,30.527594139039,41.033525796656
919agimx(3),610yltap(2),|919agimx(3),383cajoh(2),|919agimx(3),383cajoh(2),|610yltap(2),;18037,17166.5,17166.5,18712.8,23.233509406776,25.052863256181,24.732507133465,25.527594139039,46.033525796656
919agimx(3),610yltap(2),|919agimx(3),383cajoh(2),|919agimx(3),383cajoh(2),|610yltap(2),;18037,17166.5,17166.5,18712.8,18.233509406776,20.052863256181,19.732507133465,20.527594139039,51.033525796656
919agimx(3),610yltap(3),|919agimx(3),383cajoh(2),|919agimx(3),383cajoh(2),|610yltap(2),;18037,17166.5,17166.5,18712.8,13.233509406776,15.052863256181,14.732507133465,15.527594139039,56.033525796656
919agimx(3),610yltap(3),|919agimx(3),|919agimx(3),|610yltap(3),;18037,21544.1,21544.1,18712.8,8.233509406776,10.052863256181,9.732507133465,10.527594139039,61.033525796656
919agimx(3),|919agimx(3),|919agimx(3),|;21544.2,21544.1,21544.1,22220,3.233509406776,5.052863256181,4.732507133465,5.527594139039,66.033525796656
919agimx(3),|919agimx(3),|919agimx(3),|;21544.2,21544.1,21544.1,22220,0,0.052863256181,0,0.527594139039,71.033525796656
919agimx(3),552xojki(2),|919agimx(3),552xojki(2),|919agimx(3),552xojki(2),|552xojki(2),;18840.8,19741.9,18840.7,20417.8,9.61988782577,5.891617603548,9.61988782577,6.333614539243,76.033525796656
919agimx(3),552xojki(2),|919agimx(3),552xojki(2),|919agimx(3),552xojki(2),|552xojki(2),;18840.8,19741.9,18840.7,20417.8,4.61988782577,0.891617603548,4.61988782577,1.333614539243,81.033525796656
919agimx(3),|919agimx(3),|919agimx(3),|;21544.2,21544.1,21544.1,22220,0,0,0,0,86.033525796656
919agimx(3),|919agimx(3),|919agimx(3),|;21544.2,21544.1,21544.1,22220,0,0,0,0,91.033525796656
919agimx(3),|919agimx(3),|919agimx(3),|;21544.2,21544.1,21544.1,22220,0,0,0,0,96.033525796656
919agimx(3),|919agimx(3),|919agimx(3),|;21544.2,21544.1,21544.1,22220,0,0,0,0,101.033525796656
|||;22220,22219.9,22219.9,22220,0,0,0,0,106.033525796656
|||;22220,22219.9,22219.9,22220,0,0,0,0,111.033525796656
|||;22220,22219.9,22219.9,22220,0,0,0,0,116.033525796656
|||;22220,22219.9,22219.9,22220,0,0,0,0,121.033525796656
|||;22220,22219.9,22219.9,22220,0,0,0,0,126.033525796656
|||;22220,22219.9,22219.9,22220,0,0,0,0,131.033525796656
|||;22220,22219.9,22219.9,22220,0,0,0,0,136.033525796656
|||;22220,22219.9,22219.9,22220,0,0,0,0,141.033525796656
|||;22220,22219.9,22219.9,22220,0,0,0,0,146.033525796656
|||;22220,22219.9,22219.9,22220,0,0,0,0,151.033525796656
|||;22220,22219.9,22219.9,22220,0,0,0,0,156.033525796656
|||;22220,22219.9,22219.9,22220,0,0,0,0,161.033525796656
|||;22220,22219.9,22219.9,22220,0,0,0,0,166.033525796656
|||;22220,22219.9,22219.9,22220,0,0,0,0,171.033525796656
|||;22220,22219.9,22219.9,22220,0,0,0,0,176.033525796656
|||;22220,22219.9,22219.9,22220,0,0,0,0,181.033525796656
|||;22220,22219.9,22219.9,22220,0,0,0,0,186.033525796656
|||;22220,22219.9,22219.9,22220,0,0,0,0,191.033525796656
|||;22220,22219.9,22219.9,22220,0,0,0,0,196.033525796656
|||;22220,22219.9,22219.9,22220,0,0,0,0,201.033525796656
|||;22220,22219.9,22219.9,22220,0,0,0,0,206.033525796656
|||;22220,22219.9,22219.9,22220,0,0,0,0,211.033525796656
|||;22220,22219.9,22219.9,22220,0,0,0,0,216.033525796656
|||;22220,22219.9,22219.9,22220,0,0,0,0,221.033525796656
|||;22220,22219.9,22219.9,22220,0,0,0,0,226.033525796656
|||;22220,22219.9,22219.9,22220,0,0,0,0,231.033525796656
|||;22220,22219.9,22219.9,22220,0,0,0,0,236.033525796656
|||;22220,22219.9,22219.9,22220,0,0,0,0,241.033525796656
|||;22220,22219.9,22219.9,22220,0,0,0,0,246.033525796656
|||;22220,22219.9,22219.9,22220,0,0,0,0,251.033525796656
|||;22220,22219.9,22219.9,22220,0,0,0,0,256.033525796656
|||;22220,22219.9,22219.9,22220,0,0,0,0,261.033525796656
|||;22220,22219.9,22219.9,22220,0,0,0,0,266.033525796656
|||;22220,22219.9,22219.9,22220,0,0,0,0,271.033525796656
|||;22220,22219.9,22219.9,22220,0,0,0,0,276.033525796656
|||;22220,22219.9,22219.9,22220,0,0,0,0,281.033525796656
|||;22220,22219.9,22219.9,22220,0,0,0,0,286.033525796656
|||;22220,22219.9,22219.9,22220,0,0,0,0,291.033525796656
|||;22220,22219.9,22219.9,22220,0,0,0,0,296.033525796656
|||;22220,22219.9,22219.9,22220,0,0,0,0,301.033525796656
|||;22220,22219.9,22219.9,22220,0,0,0,0,306.033525796656
|||;22220,22219.9,22219.9,22220,0,0,0,0,311.033525796656
|||;22220,22219.9,22219.9,22220,0,0,0,0,316.033525796656
|||;22220,22219.9,22219.9,22220,0,0,0,0,321.033525796656
|||;22220,22219.9,22219.9,22220,0,0,0,0,326.033525796656
|||;22220,22219.9,22219.9,22220,0,0,0,0,331.033525796656
|||;22220,22219.9,22219.9,22220,0,0,0,0,336.033525796656
|||;22220,22219.9,22219.9,22220,0,0,0,0,341.033525796656
|||;22220,22219.9,22219.9,22220,0,0,0,0,346.033525796656
|||;22220,22219.9,22219.9,22220,0,0,0,0,351.033525796656
|||;22220,22219.9,22219.9,22220,0,0,0,0,356.033525796656
|||;22220,22219.9,22219.9,22220,0,0,0,0,361.033525796656
|||;22220,22219.9,22219.9,22220,0,0,0,0,366.033525796656
|||;22220,22219.9,22219.9,22220,0,0,0,0,371.033525796656
|||;22220,22219.9,22219.9,22220,0,0,0,0,376.033525796656
|||;22220,22219.9,22219.9,22220,0,0,0,0,381.033525796656
|||;22220,22219.9,22219.9,22220,0,0,0,0,386.033525796656
|||;22220,22219.9,22219.9,22220,0,0,0,0,391.033525796656
|||;22220,22219.9,22219.9,22220,0,0,0,0,396.033525796656
|||;22220,22219.9,22219.9,22220,0,0,0,0,401.033525796656
|||;22220,22219.9,22219.9,22220,0,0,0,0,406.033525796656
|||;22220,22219.9,22219.9,22220,0,0,0,0,411.033525796656
|||;22220,22219.9,22219.9,22220,0,0,0,0,416.033525796656
|||;22220,22219.9,22219.9,22220,0,0,0,0,421.033525796656
|||;22220,22219.9,22219.9,22220,0,0,0,0,426.033525796656
|||;22220,22219.9,22219.9,22220,0,0,0,0,431.033525796656
|||;22220,22219.9,22219.9,22220,0,0,0,0,436.033525796656
|||;22220,22219.9,22219.9,22220,0,0,0,0,441.033525796656
|||;22220,22219.9,22219.9,22220,0,0,0,0,446.033525796656
|||;22220,22219.9,22219.9,22220,0,0,0,0,451.033525796656
|||;22220,22219.9,22219.9,22220,0,0,0,0,456.033525796656
|||;22220,22219.9,22219.9,22220,0,0,0,0,461.033525796656
|||;22220,22219.9,22219.9,22220,0,0,0,0,466.033525796656
|||;22220,22219.9,22219.9,22220,0,0,0,0,471.033525796656
|||;22220,22219.9,22219.9,22220,0,0,0,0,476.033525796656
|||;22220,22219.9,22219.9,22220,0,0,0,0,481.033525796656
|||;22220,22219.9,22219.9,22220,0,0,0,0,486.033525796656
|||;22220,22219.9,22219.9,22220,0,0,0,0,491.033525796656
|||;22220,22219.9,22219.9,22220,0,0,0,0,496.033525796656
|||;22220,22219.9,22219.9,22220,0,0,0,0,501.033525796656
|||;22220,22219.9,22219.9,22220,0,0,0,0,506.033525796656
|||;22220,22219.9,22219.9,22220,0,0,0,0,511.033525796656
|||;22220,22219.9,22219.9,22220,0,0,0,0,516.033525796656
|||;22220,22219.9,22219.9,22220,0,0,0,0,521.033525796656
|||;22220,22219.9,22219.9,22220,0,0,0,0,526.033525796656
|||;22220,22219.9,22219.9,22220,0,0,0,0,531.033525796656
|||;22220,22219.9,22219.9,22220,0,0,0,0,536.033525796656
|||;22220,22219.9,22219.9,22220,0,0,0,0,541.033525796656
|||;22220,22219.9,22219.9,22220,0,0,0,0,546.033525796656
|||;22220,22219.9,22219.9,22220,0,0,0,0,551.033525796656
|||;22220,22219.9,22219.9,22220,0,0,0,0,556.033525796656
|||;22220,22219.9,22219.9,22220,0,0,0,0,561.033525796656
|||;22220,22219.9,22219.9,22220,0,0,0,0,566.033525796656
|||;22220,22219.9,22219.9,22220,0,0,0,0,571.033525796656
|||;22220,22219.9,22219.9,22220,0,0,0,0,576.033525796656
|||;22220,22219.9,22219.9,22220,0,0,0,0,581.033525796656
|||;22220,22219.9,22219.9,22220,0,0,0,0,586.033525796656
|||;22220,22219.9,22219.9,22220,0,0,0,0,591.033525796656
|||;22220,22219.9,22219.9,22220,0,0,0,0,596.033525796656
|||;22220,22219.9,22219.9,22220,0,0,0,0,601.033525796656
|||;22220,22219.9,22219.9,22220,0,0,0,0,606.033525796656
|||;22220,22219.9,22219.9,22220,0,0,0,0,611.033525796656
|||;22220,22219.9,22219.9,22220,0,0,0,0,616.033525796656
|||;22220,22219.9,22219.9,22220,0,0,0,0,621.033525796656
|||;22220,22219.9,22219.9,22220,0,0,0,0,626.033525796656
|||;22220,22219.9,22219.9,22220,0,0,0,0,631.033525796656
|||;22220,22219.9,22219.9,22220,0,0,0,0,636.033525796656
|||;22220,22219.9,22219.9,22220,0,0,0,0,641.033525796656
|||;22220,22219.9,22219.9,22220,0,0,0,0,646.033525796656
|||;22220,22219.9,22219.9,22220,0,0,0,0,651.033525796656
|||;22220,22219.9,22219.9,22220,0,0,0,0,656.033525796656
|||;22220,22219.9,22219.9,22220,0,0,0,0,661.033525796656
|||;22220,22219.9,22219.9,22220,0,0,0,0,666.033525796656
|||;22220,22219.9,22219.9,22220,0,0,0,0,671.033525796656
|||;22220,22219.9,22219.9,22220,0,0,0,0,676.033525796656
|||;22220,22219.9,22219.9,22220,0,0,0,0,681.033525796656
|||;22220,22219.9,22219.9,22220,0,0,0,0,686.033525796656
|||;22220,22219.9,22219.9,22220,0,0,0,0,691.033525796656
|||;22220,22219.9,22219.9,22220,0,0,0,0,696.033525796656
|||;22220,22219.9,22219.9,22220,0,0,0,0,701.033525796656
|||;22220,22219.9,22219.9,22220,0,0,0,0,706.033525796656
|||;22220,22219.9,22219.9,22220,0,0,0,0,711.033525796656
|||;22220,22219.9,22219.9,22220,0,0,0,0,716.033525796656
|||;22220,22219.9,22219.9,22220,0,0,0,0,721.033525796656
|||;22220,22219.9,22219.9,22220,0,0,0,0,726.033525796656
|||;22220,22219.9,22219.9,22220,0,0,0,0,731.033525796656
|||;22220,22219.9,22219.9,22220,0,0,0,0,736.033525796656
|||;22220,22219.9,22219.9,22220,0,0,0,0,741.033525796656
|||;22220,22219.9,22219.9,22220,0,0,0,0,746.033525796656
|||;22220,22219.9,22219.9,22220,0,0,0,0,751.033525796656
|||;22220,22219.9,22219.9,22220,0,0,0,0,756.033525796656
|||;22220,22219.9,22219.9,22220,0,0,0,0,761.033525796656
|||;22220,22219.9,22219.9,22220,0,0,0,0,766.033525796656
|||;22220,22219.9,22219.9,22220,0,0,0,0,771.033525796656
|||;22220,22219.9,22219.9,22220,0,0,0,0,776.033525796656
|||;22220,22219.9,22219.9,22220,0,0,0,0,781.033525796656
|||;22220,22219.9,22219.9,22220,0,0,0,0,786.033525796656
|||;22220,22219.9,22219.9,22220,0,0,0,0,791.033525796656
|||;22220,22219.9,22219.9,22220,0,0,0,0,796.033525796656
|||;22220,22219.9,22219.9,22220,0,0,0,0,801.033525796656
|||;22220,22219.9,22219.9,22220,0,0,0,0,806.033525796656
|||;22220,22219.9,22219.9,22220,0,0,0,0,811.033525796656
|||;22220,22219.9,22219.9,22220,0,0,0,0,816.033525796656
|||;22220,22219.9,22219.9,22220,0,0,0,0,821.033525796656
|||;22220,22219.9,22219.9,22220,0,0,0,0,826.033525796656
|||;22220,22219.9,22219.9,22220,0,0,0,0,831.033525796656
|||;22220,22219.9,22219.9,22220,0,0,0,0,836.033525796656
|||;22220,22219.9,22219.9,22220,0,0,0,0,841.033525796656
|||;22220,22219.9,22219.9,22220,0,0,0,0,846.033525796656
|||;22220,22219.9,22219.9,22220,0,0,0,0,851.033525796656
|||;22220,22219.9,22219.9,22220,0,0,0,0,856.033525796656
|||;22220,22219.9,22219.9,22220,0,0,0,0,861.033525796656
|||;22220,22219.9,22219.9,22220,0,0,0,0,866.033525796656
|||;22220,22219.9,22219.9,22220,0,0,0,0,871.033525796656
|||;22220,22219.9,22219.9,22220,0,0,0,0,876.033525796656
|||;22220,22219.9,22219.9,22220,0,0,0,0,881.033525796656
|||;22220,22219.9,22219.9,22220,0,0,0,0,886.033525796656
|||;22220,22219.9,22219.9,22220,0,0,0,0,891.033525796656
|||;22220,22219.9,22219.9,22220,0,0,0,0,896.033525796656
|||;22220,22219.9,22219.9,22220,0,0,0,0,901.033525796656
|||;22220,22219.9,22219.9,22220,0,0,0,0,906.033525796656
|||;22220,22219.9,22219.9,22220,0,0,0,0,911.033525796656
|||;22220,22219.9,22219.9,22220,0,0,0,0,916.033525796656
|||;22220,22219.9,22219.9,22220,0,0,0,0,921.033525796656
|||;22220,22219.9,22219.9,22220,0,0,0,0,926.033525796656
|||;22220,22219.9,22219.9,22220,0,0,0,0,931.033525796656
|||;22220,22219.9,22219.9,22220,0,0,0,0,936.033525796656
|||;22220,22219.9,22219.9,22220,0,0,0,0,941.033525796656
|||;22220,22219.9,22219.9,22220,0,0,0,0,946.033525796656
|||;22220,22219.9,22219.9,22220,0,0,0,0,951.033525796656
|||;22220,22219.9,22219.9,22220,0,0,0,0,956.033525796656
|||;22220,22219.9,22219.9,22220,0,0,0,0,961.033525796656
|||;22220,22219.9,22219.9,22220,0,0,0,0,966.033525796656
|||;22220,22219.9,22219.9,22220,0,0,0,0,971.033525796656
|||;22220,22219.9,22219.9,22220,0,0,0,0,976.033525796656
|||;22220,22219.9,22219.9,22220,0,0,0,0,981.033525796656
622xwyek(2),|622xwyek(2),|622xwyek(2),|622xwyek(2),;19501.3,19501.2,20407.4,20407.5,10.513312064488,10.513312064488,6.76385848873,6.76385848873,986.033525796656
622xwyek(2),|622xwyek(2),|622xwyek(2),|622xwyek(2),;19501.3,19501.2,20407.4,20407.5,5.513312064488,5.513312064488,1.76385848873,1.76385848873,991.033525796656
622xwyek(2),|622xwyek(2),||;19501.3,19501.2,22219.9,22220,0.513312064488,0.513312064488,0,0,996.033525796656
|||;22220,22219.9,22219.9,22220,0,0,0,0,1001.033525796656
|||;22220,22219.9,22219.9,22220,0,0,0,0,1006.033525796656
|||;22220,22219.9,22219.9,22220,0,0,0,0,1011.033525796656
|||;22220,22219.9,22219.9,22220,0,0,0,0,1016.033525796656
|||;22220,22219.9,22219.9,22220,0,0,0,0,1021.033525796656
|||;22220,22219.9,22219.9,22220,0,0,0,0,1026.033525796656
|||;22220,22219.9,22219.9,22220,0,0,0,0,1031.033525796656
|||;22220,22219.9,22219.9,22220,0,0,0,0,1036.033525796656
|||;22220,22219.9,22219.9,22220,0,0,0,0,1041.033525796656
|||;22220,22219.9,22219.9,22220,0,0,0,0,1046.033525796656
|||;22220,22219.9,22219.9,22220,0,0,0,0,1051.033525796656
|||;22220,22219.9,22219.9,22220,0,0,0,0,1056.033525796656
|||;22220,22219.9,22219.9,22220,0,0,0,0,1061.033525796656
|||;22220,22219.9,22219.9,22220,0,0,0,0,1066.033525796656
|||;22220,22219.9,22219.9,22220,0,0,0,0,1071.033525796656
|||;22220,22219.9,22219.9,22220,0,0,0,0,1076.033525796656
|||;22220,22219.9,22219.9,22220,0,0,0,0,1081.033525796656
|||;22220,22219.9,22219.9,22220,0,0,0,0,1086.033525796656
|||;22220,22219.9,22219.9,22220,0,0,0,0,1091.033525796656
|||;22220,22219.9,22219.9,22220,0,0,0,0,1096.033525796656
|||;22220,22219.9,22219.9,22220,0,0,0,0,1101.033525796656
|||;22220,22219.9,22219.9,22220,0,0,0,0,1106.033525796656
|||;22220,22219.9,22219.9,22220,0,0,0,0,1111.033525796656
|||;22220,22219.9,22219.9,22220,0,0,0,0,1116.033525796656
|||;22220,22219.9,22219.9,22220,0,0,0,0,1121.033525796656
|||;22220,22219.9,22219.9,22220,0,0,0,0,1126.033525796656
|||;22220,22219.9,22219.9,22220,0,0,0,0,1131.033525796656
|||;22220,22219.9,22219.9,22220,0,0,0,0,1136.033525796656
|||;22220,22219.9,22219.9,22220,0,0,0,0,1141.033525796656
|||;22220,22219.9,22219.9,22220,0,0,0,0,1146.033525796656
|||;22220,22219.9,22219.9,22220,0,0,0,0,1151.033525796656
|||;22220,22219.9,22219.9,22220,0,0,0,0,1156.033525796656
|||;22220,22219.9,22219.9,22220,0,0,0,0,1161.033525796656
|||;22220,22219.9,22219.9,22220,0,0,0,0,1166.033525796656
|||;22220,22219.9,22219.9,22220,0,0,0,0,1171.033525796656
|||;22220,22219.9,22219.9,22220,0,0,0,0,1176.033525796656
|||;22220,22219.9,22219.9,22220,0,0,0,0,1181.033525796656
|||;22220,22219.9,22219.9,22220,0,0,0,0,1186.033525796656
|||;22220,22219.9,22219.9,22220,0,0,0,0,1191.033525796656
|||;22220,22219.9,22219.9,22220,0,0,0,0,1196.033525796656
|||;22220,22219.9,22219.9,22220,0,0,0,0,1201.033525796656
|||;22220,22219.9,22219.9,22220,0,0,0,0,1206.033525796656
|||;22220,22219.9,22219.9,22220,0,0,0,0,1211.033525796656
|||;22220,22219.9,22219.9,22220,0,0,0,0,1216.033525796656
|||;22220,22219.9,22219.9,22220,0,0,0,0,1221.033525796656
|||;22220,22219.9,22219.9,22220,0,0,0,0,1226.033525796656
|||;22220,22219.9,22219.9,22220,0,0,0,0,1231.033525796656
|||;22220,22219.9,22219.9,22220,0,0,0,0,1236.033525796656
|||;22220,22219.9,22219.9,22220,0,0,0,0,1241.033525796656
|||;22220,22219.9,22219.9,22220,0,0,0,0,1246.033525796656
|||;22220,22219.9,22219.9,22220,0,0,0,0,1251.033525796656
|||;22220,22219.9,22219.9,22220,0,0,0,0,1256.033525796656
|||;22220,22219.9,22219.9,22220,0,0,0,0,1261.033525796656
|||;22220,22219.9,22219.9,22220,0,0,0,0,1266.033525796656
|||;22220,22219.9,22219.9,22220,0,0,0,0,1271.033525796656
|||;22220,22219.9,22219.9,22220,0,0,0,0,1276.033525796656
|||;22220,22219.9,22219.9,22220,0,0,0,0,1281.033525796656
|||;22220,22219.9,22219.9,22220,0,0,0,0,1286.033525796656
|||;22220,22219.9,22219.9,22220,0,0,0,0,1291.033525796656
|||;22220,22219.9,22219.9,22220,0,0,0,0,1296.033525796656
|||;22220,22219.9,22219.9,22220,0,0,0,0,1301.033525796656
|||;22220,22219.9,22219.9,22220,0,0,0,0,1306.033525796656
|||;22220,22219.9,22219.9,22220,0,0,0,0,1311.033525796656
|||;22220,22219.9,22219.9,22220,0,0,0,0,1316.033525796656
|||;22220,22219.9,22219.9,22220,0,0,0,0,1321.033525796656
|||;22220,22219.9,22219.9,22220,0,0,0,0,1326.033525796656
|||;22220,22219.9,22219.9,22220,0,0,0,0,1331.033525796656
|||;22220,22219.9,22219.9,22220,0,0,0,0,1336.033525796656
|||;22220,22219.9,22219.9,22220,0,0,0,0,1341.033525796656
|||;22220,22219.9,22219.9,22220,0,0,0,0,1346.033525796656
|||;22220,22219.9,22219.9,22220,0,0,0,0,1351.033525796656
|||;22220,22219.9,22219.9,22220,0,0,0,0,1356.033525796656
|||;22220,22219.9,22219.9,22220,0,0,0,0,1361.033525796656
|||;22220,22219.9,22219.9,22220,0,0,0,0,1366.033525796656
|||;22220,22219.9,22219.9,22220,0,0,0,0,1371.033525796656
|||;22220,22219.9,22219.9,22220,0,0,0,0,1376.033525796656
|||;22220,22219.9,22219.9,22220,0,0,0,0,1381.033525796656
|||;22220,22219.9,22219.9,22220,0,0,0,0,1386.033525796656
|||;22220,22219.9,22219.9,22220,0,0,0,0,1391.033525796656
|||;22220,22219.9,22219.9,22220,0,0,0,0,1396.033525796656
|||;22220,22219.9,22219.9,22220,0,0,0,0,1401.033525796656
|||;22220,22219.9,22219.9,22220,0,0,0,0,1406.033525796656
|||;22220,22219.9,22219.9,22220,0,0,0,0,1411.033525796656
|||;22220,22219.9,22219.9,22220,0,0,0,0,1416.033525796656
|||;22220,22219.9,22219.9,22220,0,0,0,0,1421.033525796656
|||;22220,22219.9,22219.9,22220,0,0,0,0,1426.033525796656
|||;22220,22219.9,22219.9,22220,0,0,0,0,1431.033525796656
|||;22220,22219.9,22219.9,22220,0,0,0,0,1436.033525796656
|||;22220,22219.9,22219.9,22220,0,0,0,0,1441.033525796656
|||;22220,22219.9,22219.9,22220,0,0,0,0,1446.033525796656
|||;22220,22219.9,22219.9,22220,0,0,0,0,1451.033525796656
|||;22220,22219.9,22219.9,22220,0,0,0,0,1456.033525796656
|||;22220,22219.9,22219.9,22220,0,0,0,0,1461.033525796656
|||;22220,22219.9,22219.9,22220,0,0,0,0,1466.033525796656
|||;22220,22219.9,22219.9,22220,0,0,0,0,1471.033525796656
|||;22220,22219.9,22219.9,22220,0,0,0,0,1476.033525796656
|||;22220,22219.9,22219.9,22220,0,0,0,0,1481.033525796656
|||;22220,22219.9,22219.9,22220,0,0,0,0,1486.033525796656
|||;22220,22219.9,22219.9,22220,0,0,0,0,1491.033525796656
|||;22220,22219.9,22219.9,22220,0,0,0,0,1496.033525796656
|||;22220,22219.9,22219.9,22220,0,0,0,0,1501.033525796656
|||;22220,22219.9,22219.9,22220,0,0,0,0,1506.033525796656
|||;22220,22219.9,22219.9,22220,0,0,0,0,1511.033525796656
|||;22220,22219.9,22219.9,22220,0,0,0,0,1516.033525796656
|||;22220,22219.9,22219.9,22220,0,0,0,0,1521.033525796656
|||;22220,22219.9,22219.9,22220,0,0,0,0,1526.033525796656
|||;22220,22219.9,22219.9,22220,0,0,0,0,1531.033525796656
|||;22220,22219.9,22219.9,22220,0,0,0,0,1536.033525796656
|||;22220,22219.9,22219.9,22220,0,0,0,0,1541.033525796656
|||;22220,22219.9,22219.9,22220,0,0,0,0,1546.033525796656
|||;22220,22219.9,22219.9,22220,0,0,0,0,1551.033525796656
|||;22220,22219.9,22219.9,22220,0,0,0,0,1556.033525796656
|||;22220,22219.9,22219.9,22220,0,0,0,0,1561.033525796656
|||;22220,22219.9,22219.9,22220,0,0,0,0,1566.033525796656
|||;22220,22219.9,22219.9,22220,0,0,0,0,1571.033525796656
|||;22220,22219.9,22219.9,22220,0,0,0,0,1576.033525796656
|||;22220,22219.9,22219.9,22220,0,0,0,0,1581.033525796656
|||;22220,22219.9,22219.9,22220,0,0,0,0,1586.033525796656
|||;22220,22219.9,22219.9,22220,0,0,0,0,1591.033525796656
|||;22220,22219.9,22219.9,22220,0,0,0,0,1596.033525796656
|||;22220,22219.9,22219.9,22220,0,0,0,0,1601.033525796656
|||;22220,22219.9,22219.9,22220,0,0,0,0,1606.033525796656
|||;22220,22219.9,22219.9,22220,0,0,0,0,1611.033525796656
|||;22220,22219.9,22219.9,22220,0,0,0,0,1616.033525796656
|||;22220,22219.9,22219.9,22220,0,0,0,0,1621.033525796656
|||;22220,22219.9,22219.9,22220,0,0,0,0,1626.033525796656
|||;22220,22219.9,22219.9,22220,0,0,0,0,1631.033525796656
|||;22220,22219.9,22219.9,22220,0,0,0,0,1636.033525796656
|||;22220,22219.9,22219.9,22220,0,0,0,0,1641.033525796656
|||;22220,22219.9,22219.9,22220,0,0,0,0,1646.033525796656
|||;22220,22219.9,22219.9,22220,0,0,0,0,1651.033525796656
|||;22220,22219.9,22219.9,22220,0,0,0,0,1656.033525796656
|||;22220,22219.9,22219.9,22220,0,0,0,0,1661.033525796656
|||;22220,22219.9,22219.9,22220,0,0,0,0,1666.033525796656
|||;22220,22219.9,22219.9,22220,0,0,0,0,1671.033525796656
|||;22220,22219.9,22219.9,22220,0,0,0,0,1676.033525796656
|||;22220,22219.9,22219.9,22220,0,0,0,0,1681.033525796656
|||;22220,22219.9,22219.9,22220,0,0,0,0,1686.033525796656
|||;22220,22219.9,22219.9,22220,0,0,0,0,1691.033525796656
|||;22220,22219.9,22219.9,22220,0,0,0,0,1696.033525796656
|||;22220,22219.9,22219.9,22220,0,0,0,0,1701.033525796656
|||;22220,22219.9,22219.9,22220,0,0,0,0,1706.033525796656
|||;22220,22219.9,22219.9,22220,0,0,0,0,1711.033525796656
|||;22220,22219.9,22219.9,22220,0,0,0,0,1716.033525796656
|||;22220,22219.9,22219.9,22220,0,0,0,0,1721.033525796656
|||;22220,22219.9,22219.9,22220,0,0,0,0,1726.033525796656
|||;22220,22219.9,22219.9,22220,0,0,0,0,1731.033525796656
|||;22220,22219.9,22219.9,22220,0,0,0,0,1736.033525796656
|||;22220,22219.9,22219.9,22220,0,0,0,0,1741.033525796656
|||;22220,22219.9,22219.9,22220,0,0,0,0,1746.033525796656
|||;22220,22219.9,22219.9,22220,0,0,0,0,1751.033525796656
|||;22220,22219.9,22219.9,22220,0,0,0,0,1756.033525796656
|||;22220,22219.9,22219.9,22220,0,0,0,0,1761.033525796656
|||;22220,22219.9,22219.9,22220,0,0,0,0,1766.033525796656
|||;22220,22219.9,22219.9,22220,0,0,0,0,1771.033525796656
|||;22220,22219.9,22219.9,22220,0,0,0,0,1776.033525796656
|||;22220,22219.9,22219.9,22220,0,0,0,0,1781.033525796656
|||;22220,22219.9,22219.9,22220,0,0,0,0,1786.033525796656
|||;22220,22219.9,22219.9,22220,0,0,0,0,1791.033525796656
|||;22220,22219.9,22219.9,22220,0,0,0,0,1796.033525796656
|||;22220,22219.9,22219.9,22220,0,0,0,0,1801.033525796656
|||;22220,22219.9,22219.9,22220,0,0,0,0,1806.033525796656
|||;22220,22219.9,22219.9,22220,0,0,0,0,1811.033525796656
|||;22220,22219.9,22219.9,22220,0,0,0,0,1816.033525796656
|||;22220,22219.9,22219.9,22220,0,0,0,0,1821.033525796656
|||;22220,22219.9,22219.9,22220,0,0,0,0,1826.033525796656
|||;22220,22219.9,22219.9,22220,0,0,0,0,1831.033525796656
|||;22220,22219.9,22219.9,22220,0,0,0,0,1836.033525796656
|||;22220,22219.9,22219.9,22220,0,0,0,0,1841.033525796656
|||;22220,22219.9,22219.9,22220,0,0,0,0,1846.033525796656
|||;22220,22219.9,22219.9,22220,0,0,0,0,1851.033525796656
|||;22220,22219.9,22219.9,22220,0,0,0,0,1856.033525796656
|||;22220,22219.9,22219.9,22220,0,0,0,0,1861.033525796656
|||;22220,22219.9,22219.9,22220,0,0,0,0,1866.033525796656
|||;22220,22219.9,22219.9,22220,0,0,0,0,1871.033525796656
|||;22220,22219.9,22219.9,22220,0,0,0,0,1876.033525796656
|||;22220,22219.9,22219.9,22220,0,0,0,0,1881.033525796656
|||;22220,22219.9,22219.9,22220,0,0,0,0,1886.033525796656
|||;22220,22219.9,22219.9,22220,0,0,0,0,1891.033525796656
|||;22220,22219.9,22219.9,22220,0,0,0,0,1896.033525796656
|||;22220,22219.9,22219.9,22220,0,0,0,0,1901.033525796656
|||;22220,22219.9,22219.9,22220,0,0,0,0,1906.033525796656
|||;22220,22219.9,22219.9,22220,0,0,0,0,1911.033525796656
|||;22220,22219.9,22219.9,22220,0,0,0,0,1916.033525796656
|||;22220,22219.9,22219.9,22220,0,0,0,0,1921.033525796656
|||;22220,22219.9,22219.9,22220,0,0,0,0,1926.033525796656
|||;22220,22219.9,22219.9,22220,0,0,0,0,1931.033525796656
|||;22220,22219.9,22219.9,22220,0,0,0,0,1936.033525796656
|||;22220,22219.9,22219.9,22220,0,0,0,0,1941.033525796656
|||;22220,22219.9,22219.9,22220,0,0,0,0,1946.033525796656
|||;22220,22219.9,22219.9,22220,0,0,0,0,1951.033525796656
|||;22220,22219.9,22219.9,22220,0,0,0,0,1956.033525796656
|||;22220,22219.9,22219.9,22220,0,0,0,0,1961.033525796656
|||;22220,22219.9,22219.9,22220,0,0,0,0,1966.033525796656
|||;22220,22219.9,22219.9,22220,0,0,0,0,1971.033525796656
|||;22220,22219.9,22219.9,22220,0,0,0,0,1976.033525796656
|||;22220,22219.9,22219.9,22220,0,0,0,0,1981.033525796656
|||;22220,22219.9,22219.9,22220,0,0,0,0,1986.033525796656
|||;22220,22219.9,22219.9,22220,0,0,0,0,1991.033525796656
|||;22220,22219.9,22219.9,22220,0,0,0,0,1996.033525796656
|||;27136,27136,27136,27136,0,0,0,0,1.033525796656
|||;35532,35532,35532,35532,0,0,0,0,1.033525796656
|||;35532,35532,35532,35532,0,0,0,0,6.033525796656
|||;25907,25907,25907,25907,0,0,0,0,1.033525796656
383rvgfe(2),|191yfcju(0),||;18329.4,16691,25907,25907,33.217874393867,43.670611046072,0,0,6.033525796656
383rvgfe(2),|191yfcju(2),||;18329.4,16691,25907,25907,28.217874393867,38.670611046072,0,0,11.033525796656
383rvgfe(2),|191yfcju(2),||;18329.4,16691,25907,25907,23.217874393867,33.670611046072,0,0,16.033525796656
383rvgfe(2),|191yfcju(2),||;18329.4,16691,25907,25907,18.217874393867,28.670611046072,0,0,21.033525796656
383rvgfe(2),610chjbi(1),|191yfcju(2),||;13107,16691,25907,25907,40.900194464559,23.670611046072,0,0,26.033525796656
383rvgfe(2),610chjbi(1),|191yfcju(2),||;13107,16691,25907,25907,35.900194464559,18.670611046072,0,0,31.033525796656
383rvgfe(2),610chjbi(1),|191yfcju(2),||;13107,16691,25907,25907,30.900194464559,13.670611046072,0,0,36.033525796656
383rvgfe(3),610chjbi(2),|191yfcju(2),||;13107,16691,25907,25907,25.900194464559,8.670611046072,0,0,41.033525796656
610chjbi(2),|191yfcju(2),||;20684.6,16691,25907,25907,20.900194464559,3.670611046072,0,0,46.033525796656
610chjbi(2),|191yfcju(3),||;20684.6,16691,25907,25907,15.900194464559,0,0,0,51.033525796656
610chjbi(2),|191yfcju(3),||;20684.6,16691,25907,25907,10.900194464559,0,0,0,56.033525796656
|||;22220,22220,22220,22220,0,0,0,0,1.033525796656
|||;22220,22220,22220,22220,0,0,0,0,6.033525796656
|||;31641,31641,31641,31641,0,0,0,0,1.033525796656
|||;36761,36761,36761,36761,0,0,0,0,1.033525796656
|||;27340,27340,27340,27340,0,0,0,0,1.033525796656
|||;21401,21401,21401,21401,0,0,0,0,1.033525796656
|||;26931,26931,26931,26931,0,0,0,0,1.033525796656
|||;26931,26931,26931,26931,0,0,0,0,6.033525796656
|||;32460,32460,32460,32460,0,0,0,0,1.033525796656
|||;32256,32256,32256,32256,0,0,0,0,1.033525796656
|||;28774,28774,28774,28774,0,0,0,0,1.033525796656
|||;28774,28774,28774,28774,0,0,0,0,6.033525796656
|||;36966,36966,36966,36966,0,0,0,0,1.033525796656
|||;36966,36966,36966,36966,0,0,0,0,6.033525796656
|||;19763,19763,19763,19763,0,0,0,0,1.033525796656
