|||;28364,28364,28364,28364,0,0,0,0,1.118129141422
|||;28364,28364,28364,28364,0,0,0,0,6.118129141422
|||;28364,28364,28364,28364,0,0,0,0,11.118129141422
|||;28364,28364,28364,28364,0,0,0,0,16.118129141422
|||;28364,28364,28364,28364,0,0,0,0,21.118129141422
|||;28364,28364,28364,28364,0,0,0,0,26.118129141422
|||;28364,28364,28364,28364,0,0,0,0,31.118129141422
|||;28364,28364,28364,28364,0,0,0,0,36.118129141422
|||;28364,28364,28364,28364,0,0,0,0,41.118129141422
|||;28364,28364,28364,28364,0,0,0,0,46.118129141422
|||;28364,28364,28364,28364,0,0,0,0,51.118129141422
|||;28364,28364,28364,28364,0,0,0,0,56.118129141422
|||;28364,28364,28364,28364,0,0,0,0,61.118129141422
|||;28364,28364,28364,28364,0,0,0,0,66.118129141422
|||;28364,28364,28364,28364,0,0,0,0,71.118129141422
|||;28364,28364,28364,28364,0,0,0,0,76.118129141422
|||;28364,28364,28364,28364,0,0,0,0,81.118129141422
|||;28364,28364,28364,28364,0,0,0,0,86.118129141422
|||;28364,28364,28364,28364,0,0,0,0,91.118129141422
|||;28364,28364,28364,28364,0,0,0,0,96.118129141422
|||;28364,28364,28364,28364,0,0,0,0,101.118129141422
|||;28364,28364,28364,28364,0,0,0,0,106.118129141422
|||;28364,28364,28364,28364,0,0,0,0,111.118129141422
|||;28364,28364,28364,28364,0,0,0,0,116.118129141422
|||;28364,28364,28364,28364,0,0,0,0,121.118129141422
|||;28364,28364,28364,28364,0,0,0,0,126.118129141422
|||;28364,28364,28364,28364,0,0,0,0,131.118129141422
|||;28364,28364,28364,28364,0,0,0,0,136.118129141422
|||;28364,28364,28364,28364,0,0,0,0,141.118129141422
|||;28364,28364,28364,28364,0,0,0,0,146.118129141422
|||;28364,28364,28364,28364,0,0,0,0,151.118129141422
|||;28364,28364,28364,28364,0,0,0,0,156.118129141422
|||;28364,28364,28364,28364,0,0,0,0,161.118129141422
|||;28364,28364,28364,28364,0,0,0,0,166.118129141422
|||;28364,28364,28364,28364,0,0,0,0,171.118129141422
|||;28364,28364,28364,28364,0,0,0,0,176.118129141422
|||;28364,28364,28364,28364,0,0,0,0,181.118129141422
|||;28364,28364,28364,28364,0,0,0,0,186.118129141422
|||;28364,28364,28364,28364,0,0,0,0,191.118129141422
|||;28364,28364,28364,28364,0,0,0,0,196.118129141422
|||;28364,28364,28364,28364,0,0,0,0,201.118129141422
|||;28364,28364,28364,28364,0,0,0,0,206.118129141422
|||;28364,28364,28364,28364,0,0,0,0,211.118129141422
|||;28364,28364,28364,28364,0,0,0,0,216.118129141422
|||;28364,28364,28364,28364,0,0,0,0,221.118129141422
|||;28364,28364,28364,28364,0,0,0,0,226.118129141422
|||;28364,28364,28364,28364,0,0,0,0,231.118129141422
|||;28364,28364,28364,28364,0,0,0,0,236.118129141422
|||;28364,28364,28364,28364,0,0,0,0,241.118129141422
|||;28364,28364,28364,28364,0,0,0,0,246.118129141422
|||;28364,28364,28364,28364,0,0,0,0,251.118129141422
|||;28364,28364,28364,28364,0,0,0,0,256.118129141422
|||;28364,28364,28364,28364,0,0,0,0,261.118129141422
|||;28364,28364,28364,28364,0,0,0,0,266.118129141422
|||;28364,28364,28364,28364,0,0,0,0,271.118129141422
|||;28364,28364,28364,28364,0,0,0,0,276.118129141422
|||;28364,28364,28364,28364,0,0,0,0,281.118129141422
|||;28364,28364,28364,28364,0,0,0,0,286.118129141422
|||;28364,28364,28364,28364,0,0,0,0,291.118129141422
|||;28364,28364,28364,28364,0,0,0,0,296.118129141422
|||;28364,28364,28364,28364,0,0,0,0,301.118129141422
|||;28364,28364,28364,28364,0,0,0,0,306.118129141422
|||;28364,28364,28364,28364,0,0,0,0,311.118129141422
|||;28364,28364,28364,28364,0,0,0,0,316.118129141422
|||;28364,28364,28364,28364,0,0,0,0,321.118129141422
|||;28364,28364,28364,28364,0,0,0,0,326.118129141422
|||;28364,28364,28364,28364,0,0,0,0,331.118129141422
|||;28364,28364,28364,28364,0,0,0,0,336.118129141422
|||;28364,28364,28364,28364,0,0,0,0,341.118129141422
|||;28364,28364,28364,28364,0,0,0,0,346.118129141422
|||;28364,28364,28364,28364,0,0,0,0,351.118129141422
|||;28364,28364,28364,28364,0,0,0,0,356.118129141422
|||;28364,28364,28364,28364,0,0,0,0,361.118129141422
|||;28364,28364,28364,28364,0,0,0,0,366.118129141422
|||;28364,28364,28364,28364,0,0,0,0,371.118129141422
|||;28364,28364,28364,28364,0,0,0,0,376.118129141422
|||;28364,28364,28364,28364,0,0,0,0,381.118129141422
|||;28364,28364,28364,28364,0,0,0,0,386.118129141422
|||;28364,28364,28364,28364,0,0,0,0,391.118129141422
|||;28364,28364,28364,28364,0,0,0,0,396.118129141422
|||;28364,28364,28364,28364,0,0,0,0,401.118129141422
|||;28364,28364,28364,28364,0,0,0,0,406.118129141422
|||;28364,28364,28364,28364,0,0,0,0,411.118129141422
|||;28364,28364,28364,28364,0,0,0,0,416.118129141422
|||;28364,28364,28364,28364,0,0,0,0,421.118129141422
|||;28364,28364,28364,28364,0,0,0,0,426.118129141422
|||;28364,28364,28364,28364,0,0,0,0,431.118129141422
|||;28364,28364,28364,28364,0,0,0,0,436.118129141422
|||;28364,28364,28364,28364,0,0,0,0,441.118129141422
|||;28364,28364,28364,28364,0,0,0,0,446.118129141422
|||;28364,28364,28364,28364,0,0,0,0,451.118129141422
|||;28364,28364,28364,28364,0,0,0,0,456.118129141422
|||;28364,28364,28364,28364,0,0,0,0,461.118129141422
|||;28364,28364,28364,28364,0,0,0,0,466.118129141422
|||;28364,28364,28364,28364,0,0,0,0,471.118129141422
|||;28364,28364,28364,28364,0,0,0,0,476.118129141422
|||;28364,28364,28364,28364,0,0,0,0,481.118129141422
|||;28364,28364,28364,28364,0,0,0,0,486.118129141422
|||;28364,28364,28364,28364,0,0,0,0,491.118129141422
|||;28364,28364,28364,28364,0,0,0,0,496.118129141422
|||;28364,28364,28364,28364,0,0,0,0,501.118129141422
|||;28364,28364,28364,28364,0,0,0,0,506.118129141422
|||;28364,28364,28364,28364,0,0,0,0,511.118129141422
|||;28364,28364,28364,28364,0,0,0,0,516.118129141422
|||;28364,28364,28364,28364,0,0,0,0,521.118129141422
|||;28364,28364,28364,28364,0,0,0,0,526.118129141422
|||;28364,28364,28364,28364,0,0,0,0,531.118129141422
|||;28364,28364,28364,28364,0,0,0,0,536.118129141422
|||;28364,28364,28364,28364,0,0,0,0,541.118129141422
|||;28364,28364,28364,28364,0,0,0,0,546.118129141422
|||;28364,28364,28364,28364,0,0,0,0,551.118129141422
|||;28364,28364,28364,28364,0,0,0,0,556.118129141422
|||;28364,28364,28364,28364,0,0,0,0,561.118129141422
|||;28364,28364,28364,28364,0,0,0,0,566.118129141422
|||;28364,28364,28364,28364,0,0,0,0,571.118129141422
|||;28364,28364,28364,28364,0,0,0,0,576.118129141422
|||;28364,28364,28364,28364,0,0,0,0,581.118129141422
|||;28364,28364,28364,28364,0,0,0,0,586.118129141422
|||;28364,28364,28364,28364,0,0,0,0,591.118129141422
|||;28364,28364,28364,28364,0,0,0,0,596.118129141422
|||;28364,28364,28364,28364,0,0,0,0,601.118129141422
|||;28364,28364,28364,28364,0,0,0,0,606.118129141422
|||;28364,28364,28364,28364,0,0,0,0,611.118129141422
|||;28364,28364,28364,28364,0,0,0,0,616.118129141422
|||;28364,28364,28364,28364,0,0,0,0,621.118129141422
|||;28364,28364,28364,28364,0,0,0,0,626.118129141422
|||;28364,28364,28364,28364,0,0,0,0,631.118129141422
|||;28364,28364,28364,28364,0,0,0,0,636.118129141422
|||;28364,28364,28364,28364,0,0,0,0,641.118129141422
|||;28364,28364,28364,28364,0,0,0,0,646.118129141422
|||;28364,28364,28364,28364,0,0,0,0,651.118129141422
|||;28364,28364,28364,28364,0,0,0,0,656.118129141422
|||;28364,28364,28364,28364,0,0,0,0,661.118129141422
|||;28364,28364,28364,28364,0,0,0,0,666.118129141422
|||;28364,28364,28364,28364,0,0,0,0,671.118129141422
|||;28364,28364,28364,28364,0,0,0,0,676.118129141422
|||;28364,28364,28364,28364,0,0,0,0,681.118129141422
|||;28364,28364,28364,28364,0,0,0,0,686.118129141422
|||;28364,28364,28364,28364,0,0,0,0,691.118129141422
|||;28364,28364,28364,28364,0,0,0,0,696.118129141422
|||;28364,28364,28364,28364,0,0,0,0,701.118129141422
|||;28364,28364,28364,28364,0,0,0,0,706.118129141422
|||;28364,28364,28364,28364,0,0,0,0,711.118129141422
|||;28364,28364,28364,28364,0,0,0,0,716.118129141422
|||;28364,28364,28364,28364,0,0,0,0,721.118129141422
|||;28364,28364,28364,28364,0,0,0,0,726.118129141422
|||;28364,28364,28364,28364,0,0,0,0,731.118129141422
|||;28364,28364,28364,28364,0,0,0,0,736.118129141422
|||;28364,28364,28364,28364,0,0,0,0,741.118129141422
|||;28364,28364,28364,28364,0,0,0,0,746.118129141422
|||;28364,28364,28364,28364,0,0,0,0,751.118129141422
|||;28364,28364,28364,28364,0,0,0,0,756.118129141422
|||;28364,28364,28364,28364,0,0,0,0,761.118129141422
|||;28364,28364,28364,28364,0,0,0,0,766.118129141422
|||;28364,28364,28364,28364,0,0,0,0,771.118129141422
|||;28364,28364,28364,28364,0,0,0,0,776.118129141422
|||;28364,28364,28364,28364,0,0,0,0,781.118129141422
|||;28364,28364,28364,28364,0,0,0,0,786.118129141422
|||;28364,28364,28364,28364,0,0,0,0,791.118129141422
|||;28364,28364,28364,28364,0,0,0,0,796.118129141422
|||;28364,28364,28364,28364,0,0,0,0,801.118129141422
|||;28364,28364,28364,28364,0,0,0,0,806.118129141422
|||;28364,28364,28364,28364,0,0,0,0,811.118129141422
|||;28364,28364,28364,28364,0,0,0,0,816.118129141422
|||;28364,28364,28364,28364,0,0,0,0,821.118129141422
|||;28364,28364,28364,28364,0,0,0,0,826.118129141422
|||;28364,28364,28364,28364,0,0,0,0,831.118129141422
|||;28364,28364,28364,28364,0,0,0,0,836.118129141422
|||;28364,28364,28364,28364,0,0,0,0,841.118129141422
|||;28364,28364,28364,28364,0,0,0,0,846.118129141422
|||;28364,28364,28364,28364,0,0,0,0,851.118129141422
|||;28364,28364,28364,28364,0,0,0,0,856.118129141422
|||;28364,28364,28364,28364,0,0,0,0,861.118129141422
|||;28364,28364,28364,28364,0,0,0,0,866.118129141422
|||;28364,28364,28364,28364,0,0,0,0,871.118129141422
|||;28364,28364,28364,28364,0,0,0,0,876.118129141422
|||;28364,28364,28364,28364,0,0,0,0,881.118129141422
|||;28364,28364,28364,28364,0,0,0,0,886.118129141422
|||;28364,28364,28364,28364,0,0,0,0,891.118129141422
|||;28364,28364,28364,28364,0,0,0,0,896.118129141422
|||;28364,28364,28364,28364,0,0,0,0,901.118129141422
|||;28364,28364,28364,28364,0,0,0,0,906.118129141422
|||;28364,28364,28364,28364,0,0,0,0,911.118129141422
|||;28364,28364,28364,28364,0,0,0,0,916.118129141422
|||;28364,28364,28364,28364,0,0,0,0,921.118129141422
|||;28364,28364,28364,28364,0,0,0,0,926.118129141422
|||;28364,28364,28364,28364,0,0,0,0,931.118129141422
|||;28364,28364,28364,28364,0,0,0,0,936.118129141422
|||;28364,28364,28364,28364,0,0,0,0,941.118129141422
|||;28364,28364,28364,28364,0,0,0,0,946.118129141422
|||;28364,28364,28364,28364,0,0,0,0,951.118129141422
|||;28364,28364,28364,28364,0,0,0,0,956.118129141422
|||;28364,28364,28364,28364,0,0,0,0,961.118129141422
|||;28364,28364,28364,28364,0,0,0,0,966.118129141422
|||;28364,28364,28364,28364,0,0,0,0,971.118129141422
|||;28364,28364,28364,28364,0,0,0,0,976.118129141422
|||;28364,28364,28364,28364,0,0,0,0,981.118129141422
|||;28364,28364,28364,28364,0,0,0,0,986.118129141422
|||;28364,28364,28364,28364,0,0,0,0,991.118129141422
|||;28364,28364,28364,28364,0,0,0,0,996.118129141422
|||;28364,28364,28364,28364,0,0,0,0,1001.118129141422
|||;28364,28364,28364,28364,0,0,0,0,1006.118129141422
|||;28364,28364,28364,28364,0,0,0,0,1011.118129141422
|||;28364,28364,28364,28364,0,0,0,0,1016.118129141422
|||;28364,28364,28364,28364,0,0,0,0,1021.118129141422
|||;28364,28364,28364,28364,0,0,0,0,1026.118129141422
|||;28364,28364,28364,28364,0,0,0,0,1031.118129141422
|||;28364,28364,28364,28364,0,0,0,0,1036.118129141422
|||;28364,28364,28364,28364,0,0,0,0,1041.118129141422
|||;28364,28364,28364,28364,0,0,0,0,1046.118129141422
|||;28364,28364,28364,28364,0,0,0,0,1051.118129141422
|||;28364,28364,28364,28364,0,0,0,0,1056.118129141422
|||;28364,28364,28364,28364,0,0,0,0,1061.118129141422
|||;28364,28364,28364,28364,0,0,0,0,1066.118129141422
|||;28364,28364,28364,28364,0,0,0,0,1071.118129141422
|||;28364,28364,28364,28364,0,0,0,0,1076.118129141422
|||;28364,28364,28364,28364,0,0,0,0,1081.118129141422
|||;28364,28364,28364,28364,0,0,0,0,1086.118129141422
|||;28364,28364,28364,28364,0,0,0,0,1091.118129141422
|||;28364,28364,28364,28364,0,0,0,0,1096.118129141422
|||;28364,28364,28364,28364,0,0,0,0,1101.118129141422
|||;28364,28364,28364,28364,0,0,0,0,1106.118129141422
|||;28364,28364,28364,28364,0,0,0,0,1111.118129141422
|||;28364,28364,28364,28364,0,0,0,0,1116.118129141422
|||;28364,28364,28364,28364,0,0,0,0,1121.118129141422
|||;28364,28364,28364,28364,0,0,0,0,1126.118129141422
|||;28364,28364,28364,28364,0,0,0,0,1131.118129141422
|||;28364,28364,28364,28364,0,0,0,0,1136.118129141422
|||;28364,28364,28364,28364,0,0,0,0,1141.118129141422
|||;28364,28364,28364,28364,0,0,0,0,1146.118129141422
|||;28364,28364,28364,28364,0,0,0,0,1151.118129141422
|||;28364,28364,28364,28364,0,0,0,0,1156.118129141422
|||;28364,28364,28364,28364,0,0,0,0,1161.118129141422
|||;28364,28364,28364,28364,0,0,0,0,1166.118129141422
|||;28364,28364,28364,28364,0,0,0,0,1171.118129141422
|||;28364,28364,28364,28364,0,0,0,0,1176.118129141422
|||;28364,28364,28364,28364,0,0,0,0,1181.118129141422
|||;28364,28364,28364,28364,0,0,0,0,1186.118129141422
|||;28364,28364,28364,28364,0,0,0,0,1191.118129141422
|||;28364,28364,28364,28364,0,0,0,0,1196.118129141422
|||;28364,28364,28364,28364,0,0,0,0,1201.118129141422
|||;28364,28364,28364,28364,0,0,0,0,1206.118129141422
|||;28364,28364,28364,28364,0,0,0,0,1211.118129141422
|||;28364,28364,28364,28364,0,0,0,0,1216.118129141422
|||;28364,28364,28364,28364,0,0,0,0,1221.118129141422
|||;28364,28364,28364,28364,0,0,0,0,1226.118129141422
|||;28364,28364,28364,28364,0,0,0,0,1231.118129141422
|||;28364,28364,28364,28364,0,0,0,0,1236.118129141422
|||;28364,28364,28364,28364,0,0,0,0,1241.118129141422
|||;28364,28364,28364,28364,0,0,0,0,1246.118129141422
|||;28364,28364,28364,28364,0,0,0,0,1251.118129141422
|||;28364,28364,28364,28364,0,0,0,0,1256.118129141422
|||;28364,28364,28364,28364,0,0,0,0,1261.118129141422
|||;28364,28364,28364,28364,0,0,0,0,1266.118129141422
|||;28364,28364,28364,28364,0,0,0,0,1271.118129141422
|||;28364,28364,28364,28364,0,0,0,0,1276.118129141422
|||;28364,28364,28364,28364,0,0,0,0,1281.118129141422
|||;28364,28364,28364,28364,0,0,0,0,1286.118129141422
|||;28364,28364,28364,28364,0,0,0,0,1291.118129141422
|||;28364,28364,28364,28364,0,0,0,0,1296.118129141422
|||;28364,28364,28364,28364,0,0,0,0,1301.118129141422
|||;28364,28364,28364,28364,0,0,0,0,1306.118129141422
|||;28364,28364,28364,28364,0,0,0,0,1311.118129141422
|||;28364,28364,28364,28364,0,0,0,0,1316.118129141422
|||;28364,28364,28364,28364,0,0,0,0,1321.118129141422
|||;28364,28364,28364,28364,0,0,0,0,1326.118129141422
|||;28364,28364,28364,28364,0,0,0,0,1331.118129141422
|||;28364,28364,28364,28364,0,0,0,0,1336.118129141422
|||;28364,28364,28364,28364,0,0,0,0,1341.118129141422
|||;28364,28364,28364,28364,0,0,0,0,1346.118129141422
|||;28364,28364,28364,28364,0,0,0,0,1351.118129141422
|||;28364,28364,28364,28364,0,0,0,0,1356.118129141422
|||;28364,28364,28364,28364,0,0,0,0,1361.118129141422
|||;28364,28364,28364,28364,0,0,0,0,1366.118129141422
|||;28364,28364,28364,28364,0,0,0,0,1371.118129141422
|||;28364,28364,28364,28364,0,0,0,0,1376.118129141422
|||;28364,28364,28364,28364,0,0,0,0,1381.118129141422
|||;28364,28364,28364,28364,0,0,0,0,1386.118129141422
|||;28364,28364,28364,28364,0,0,0,0,1391.118129141422
|||;28364,28364,28364,28364,0,0,0,0,1396.118129141422
|||;28364,28364,28364,28364,0,0,0,0,1401.118129141422
|||;28364,28364,28364,28364,0,0,0,0,1406.118129141422
|||;28364,28364,28364,28364,0,0,0,0,1411.118129141422
|||;28364,28364,28364,28364,0,0,0,0,1416.118129141422
|||;28364,28364,28364,28364,0,0,0,0,1421.118129141422
|||;28364,28364,28364,28364,0,0,0,0,1426.118129141422
|||;28364,28364,28364,28364,0,0,0,0,1431.118129141422
|||;28364,28364,28364,28364,0,0,0,0,1436.118129141422
|||;28364,28364,28364,28364,0,0,0,0,1441.118129141422
|||;28364,28364,28364,28364,0,0,0,0,1446.118129141422
|||;28364,28364,28364,28364,0,0,0,0,1451.118129141422
|||;28364,28364,28364,28364,0,0,0,0,1456.118129141422
|||;28364,28364,28364,28364,0,0,0,0,1461.118129141422
|||;28364,28364,28364,28364,0,0,0,0,1466.118129141422
|||;28364,28364,28364,28364,0,0,0,0,1471.118129141422
|||;28364,28364,28364,28364,0,0,0,0,1476.118129141422
|||;28364,28364,28364,28364,0,0,0,0,1481.118129141422
|||;28364,28364,28364,28364,0,0,0,0,1486.118129141422
|||;28364,28364,28364,28364,0,0,0,0,1491.118129141422
|||;28364,28364,28364,28364,0,0,0,0,1496.118129141422
|||;28364,28364,28364,28364,0,0,0,0,1501.118129141422
|||;28364,28364,28364,28364,0,0,0,0,1506.118129141422
|||;28364,28364,28364,28364,0,0,0,0,1511.118129141422
|||;28364,28364,28364,28364,0,0,0,0,1516.118129141422
|||;28364,28364,28364,28364,0,0,0,0,1521.118129141422
|||;28364,28364,28364,28364,0,0,0,0,1526.118129141422
|||;28364,28364,28364,28364,0,0,0,0,1531.118129141422
|||;28364,28364,28364,28364,0,0,0,0,1536.118129141422
|||;28364,28364,28364,28364,0,0,0,0,1541.118129141422
|||;28364,28364,28364,28364,0,0,0,0,1546.118129141422
|||;28364,28364,28364,28364,0,0,0,0,1551.118129141422
|||;28364,28364,28364,28364,0,0,0,0,1556.118129141422
|||;28364,28364,28364,28364,0,0,0,0,1561.118129141422
|||;28364,28364,28364,28364,0,0,0,0,1566.118129141422
|||;28364,28364,28364,28364,0,0,0,0,1571.118129141422
|||;28364,28364,28364,28364,0,0,0,0,1576.118129141422
|||;28364,28364,28364,28364,0,0,0,0,1581.118129141422
|||;28364,28364,28364,28364,0,0,0,0,1586.118129141422
|||;28364,28364,28364,28364,0,0,0,0,1591.118129141422
|||;28364,28364,28364,28364,0,0,0,0,1596.118129141422
|||;28364,28364,28364,28364,0,0,0,0,1601.118129141422
|||;28364,28364,28364,28364,0,0,0,0,1606.118129141422
|||;28364,28364,28364,28364,0,0,0,0,1611.118129141422
|||;28364,28364,28364,28364,0,0,0,0,1616.118129141422
|||;28364,28364,28364,28364,0,0,0,0,1621.118129141422
|||;28364,28364,28364,28364,0,0,0,0,1626.118129141422
|||;28364,28364,28364,28364,0,0,0,0,1631.118129141422
|||;28364,28364,28364,28364,0,0,0,0,1636.118129141422
|||;28364,28364,28364,28364,0,0,0,0,1641.118129141422
|||;28364,28364,28364,28364,0,0,0,0,1646.118129141422
|||;28364,28364,28364,28364,0,0,0,0,1651.118129141422
|||;28364,28364,28364,28364,0,0,0,0,1656.118129141422
|||;28364,28364,28364,28364,0,0,0,0,1661.118129141422
|||;28364,28364,28364,28364,0,0,0,0,1666.118129141422
|||;28364,28364,28364,28364,0,0,0,0,1671.118129141422
|||;28364,28364,28364,28364,0,0,0,0,1676.118129141422
|||;28364,28364,28364,28364,0,0,0,0,1681.118129141422
|||;28364,28364,28364,28364,0,0,0,0,1686.118129141422
|||;28364,28364,28364,28364,0,0,0,0,1691.118129141422
|||;28364,28364,28364,28364,0,0,0,0,1696.118129141422
|||;28364,28364,28364,28364,0,0,0,0,1701.118129141422
|||;28364,28364,28364,28364,0,0,0,0,1706.118129141422
|||;28364,28364,28364,28364,0,0,0,0,1711.118129141422
|||;28364,28364,28364,28364,0,0,0,0,1716.118129141422
|||;28364,28364,28364,28364,0,0,0,0,1721.118129141422
|||;28364,28364,28364,28364,0,0,0,0,1726.118129141422
|||;28364,28364,28364,28364,0,0,0,0,1731.118129141422
|||;28364,28364,28364,28364,0,0,0,0,1736.118129141422
|||;28364,28364,28364,28364,0,0,0,0,1741.118129141422
|||;28364,28364,28364,28364,0,0,0,0,1746.118129141422
|||;28364,28364,28364,28364,0,0,0,0,1751.118129141422
|||;28364,28364,28364,28364,0,0,0,0,1756.118129141422
|||;28364,28364,28364,28364,0,0,0,0,1761.118129141422
|||;28364,28364,28364,28364,0,0,0,0,1766.118129141422
|||;28364,28364,28364,28364,0,0,0,0,1771.118129141422
|||;28364,28364,28364,28364,0,0,0,0,1776.118129141422
|||;28364,28364,28364,28364,0,0,0,0,1781.118129141422
|||;28364,28364,28364,28364,0,0,0,0,1786.118129141422
|||;28364,28364,28364,28364,0,0,0,0,1791.118129141422
|||;28364,28364,28364,28364,0,0,0,0,1796.118129141422
|||;28364,28364,28364,28364,0,0,0,0,1801.118129141422
|||;28364,28364,28364,28364,0,0,0,0,1806.118129141422
|||;28364,28364,28364,28364,0,0,0,0,1811.118129141422
|||;28364,28364,28364,28364,0,0,0,0,1816.118129141422
|||;28364,28364,28364,28364,0,0,0,0,1821.118129141422
|||;28364,28364,28364,28364,0,0,0,0,1826.118129141422
|||;28364,28364,28364,28364,0,0,0,0,1831.118129141422
|||;28364,28364,28364,28364,0,0,0,0,1836.118129141422
|||;28364,28364,28364,28364,0,0,0,0,1841.118129141422
|||;28364,28364,28364,28364,0,0,0,0,1846.118129141422
|||;28364,28364,28364,28364,0,0,0,0,1851.118129141422
|||;28364,28364,28364,28364,0,0,0,0,1856.118129141422
|||;28364,28364,28364,28364,0,0,0,0,1861.118129141422
|||;28364,28364,28364,28364,0,0,0,0,1866.118129141422
|||;28364,28364,28364,28364,0,0,0,0,1871.118129141422
|||;28364,28364,28364,28364,0,0,0,0,1876.118129141422
|||;28364,28364,28364,28364,0,0,0,0,1881.118129141422
|||;28364,28364,28364,28364,0,0,0,0,1886.118129141422
|||;28364,28364,28364,28364,0,0,0,0,1891.118129141422
|||;28364,28364,28364,28364,0,0,0,0,1896.118129141422
|||;28364,28364,28364,28364,0,0,0,0,1901.118129141422
|||;28364,28364,28364,28364,0,0,0,0,1906.118129141422
|||;28364,28364,28364,28364,0,0,0,0,1911.118129141422
|||;28364,28364,28364,28364,0,0,0,0,1916.118129141422
|||;28364,28364,28364,28364,0,0,0,0,1921.118129141422
|||;28364,28364,28364,28364,0,0,0,0,1926.118129141422
|||;28364,28364,28364,28364,0,0,0,0,1931.118129141422
|||;28364,28364,28364,28364,0,0,0,0,1936.118129141422
|||;28364,28364,28364,28364,0,0,0,0,1941.118129141422
|||;28364,28364,28364,28364,0,0,0,0,1946.118129141422
|||;28364,28364,28364,28364,0,0,0,0,1951.118129141422
|||;28364,28364,28364,28364,0,0,0,0,1956.118129141422
|||;28364,28364,28364,28364,0,0,0,0,1961.118129141422
|||;28364,28364,28364,28364,0,0,0,0,1966.118129141422
|||;28364,28364,28364,28364,0,0,0,0,1971.118129141422
|||;28364,28364,28364,28364,0,0,0,0,1976.118129141422
|||;28364,28364,28364,28364,0,0,0,0,1981.118129141422
|||;28364,28364,28364,28364,0,0,0,0,1986.118129141422
|||;28364,28364,28364,28364,0,0,0,0,1991.118129141422
|||;28364,28364,28364,28364,0,0,0,0,1996.118129141422
