|||;20582,20582,20582,20582,0,0,0,0,1.040873656957
|||;20582,20582,20582,20582,0,0,0,0,6.040873656957
|||;20582,20582,20582,20582,0,0,0,0,11.040873656957
627phdwg(2),|627phdwg(2),|627phdwg(2),|627phdwg(2),;18861.7,18861.7,19435.1,19435.1,9.048095409308,9.048095409308,5.997692500217,5.997692500217,16.040873656957
627phdwg(2),|627phdwg(2),|627phdwg(2),|627phdwg(2),;18861.7,18861.7,19435.1,19435.1,4.048095409308,4.048095409308,0.997692500217,0.997692500217,21.040873656957
|||;20582,20582,20582,20582,0,0,0,0,26.040873656957
|||;20582,20582,20582,20582,0,0,0,0,31.040873656957
|||;20582,20582,20582,20582,0,0,0,0,36.040873656957
|||;20582,20582,20582,20582,0,0,0,0,41.040873656957
|||;20582,20582,20582,20582,0,0,0,0,46.040873656957
|||;20582,20582,20582,20582,0,0,0,0,51.040873656957
427rxbhv(2),|427rxbhv(2),|427rxbhv(2),|427rxbhv(2),;18923.1,18923.1,19476.1,19476.1,8.783369657653,8.783369657653,5.769909709601,5.769909709601,56.040873656957
427rxbhv(2),|427rxbhv(2),|427rxbhv(2),|427rxbhv(2),;18923.1,18923.1,19476.1,19476.1,3.783369657653,3.783369657653,0.769909709601,0.769909709601,61.040873656957
308ofdkr(2),|308ofdkr(2),|308ofdkr(2),|308ofdkr(2),;19696.2,18810.5,19696.3,19696.3,8.437049176152,13.148832241087,5.4235892281,5.4235892281,66.040873656957
|308ofdkr(2),||;20582,18810.5,20582.1,20582.1,3.437049176152,8.148832241087,0.4235892281,0.4235892281,71.040873656957
|308ofdkr(3),||;20582,18810.5,20582.1,20582.1,0,3.148832241087,0,0,76.040873656957
|308ofdkr(3),||;20582,18810.5,20582.1,20582.1,0,0,0,0,81.040873656957
|308ofdkr(3),||;20582,18810.5,20582.1,20582.1,0,0,0,0,86.040873656957
|308ofdkr(3),||;20582,18810.5,20582.1,20582.1,0,0,0,0,91.040873656957
|308ofdkr(3),||;20582,18810.5,20582.1,20582.1,0,0,0,0,96.040873656957
|||;20582,20582,20582.1,20582.1,0,0,0,0,101.040873656957
|||;20582,20582,20582.1,20582.1,0,0,0,0,106.040873656957
|||;20582,20582,20582.1,20582.1,0,0,0,0,111.040873656957
|||;20582,20582,20582.1,20582.1,0,0,0,0,116.040873656957
|||;20582,20582,20582.1,20582.1,0,0,0,0,121.040873656957
|||;20582,20582,20582.1,20582.1,0,0,0,0,126.040873656957
|||;20582,20582,20582.1,20582.1,0,0,0,0,131.040873656957
|||;20582,20582,20582.1,20582.1,0,0,0,0,136.040873656957
|||;20582,20582,20582.1,20582.1,0,0,0,0,141.040873656957
|||;20582,20582,20582.1,20582.1,0,0,0,0,146.040873656957
|||;20582,20582,20582.1,20582.1,0,0,0,0,151.040873656957
|||;20582,20582,20582.1,20582.1,0,0,0,0,156.040873656957
|||;20582,20582,20582.1,20582.1,0,0,0,0,161.040873656957
|||;20582,20582,20582.1,20582.1,0,0,0,0,166.040873656957
|||;20582,20582,20582.1,20582.1,0,0,0,0,171.040873656957
|||;20582,20582,20582.1,20582.1,0,0,0,0,176.040873656957
|||;20582,20582,20582.1,20582.1,0,0,0,0,181.040873656957
|||;20582,20582,20582.1,20582.1,0,0,0,0,186.040873656957
|||;20582,20582,20582.1,20582.1,0,0,0,0,191.040873656957
|||;20582,20582,20582.1,20582.1,0,0,0,0,196.040873656957
|||;20582,20582,20582.1,20582.1,0,0,0,0,201.040873656957
|||;20582,20582,20582.1,20582.1,0,0,0,0,206.040873656957
|||;20582,20582,20582.1,20582.1,0,0,0,0,211.040873656957
|||;20582,20582,20582.1,20582.1,0,0,0,0,216.040873656957
|||;20582,20582,20582.1,20582.1,0,0,0,0,221.040873656957
|||;20582,20582,20582.1,20582.1,0,0,0,0,226.040873656957
|||;20582,20582,20582.1,20582.1,0,0,0,0,231.040873656957
|||;20582,20582,20582.1,20582.1,0,0,0,0,236.040873656957
|||;20582,20582,20582.1,20582.1,0,0,0,0,241.040873656957
|||;20582,20582,20582.1,20582.1,0,0,0,0,246.040873656957
|||;20582,20582,20582.1,20582.1,0,0,0,0,251.040873656957
|||;20582,20582,20582.1,20582.1,0,0,0,0,256.040873656957
|||;20582,20582,20582.1,20582.1,0,0,0,0,261.040873656957
|||;20582,20582,20582.1,20582.1,0,0,0,0,266.040873656957
|||;20582,20582,20582.1,20582.1,0,0,0,0,271.040873656957
|||;20582,20582,20582.1,20582.1,0,0,0,0,276.040873656957
|||;20582,20582,20582.1,20582.1,0,0,0,0,281.040873656957
|||;20582,20582,20582.1,20582.1,0,0,0,0,286.040873656957
|||;20582,20582,20582.1,20582.1,0,0,0,0,291.040873656957
|||;20582,20582,20582.1,20582.1,0,0,0,0,296.040873656957
|||;20582,20582,20582.1,20582.1,0,0,0,0,301.040873656957
|||;20582,20582,20582.1,20582.1,0,0,0,0,306.040873656957
|||;20582,20582,20582.1,20582.1,0,0,0,0,311.040873656957
|||;20582,20582,20582.1,20582.1,0,0,0,0,316.040873656957
|||;20582,20582,20582.1,20582.1,0,0,0,0,321.040873656957
|||;20582,20582,20582.1,20582.1,0,0,0,0,326.040873656957
|||;20582,20582,20582.1,20582.1,0,0,0,0,331.040873656957
|||;20582,20582,20582.1,20582.1,0,0,0,0,336.040873656957
|||;20582,20582,20582.1,20582.1,0,0,0,0,341.040873656957
|||;20582,20582,20582.1,20582.1,0,0,0,0,346.040873656957
|||;20582,20582,20582.1,20582.1,0,0,0,0,351.040873656957
|||;20582,20582,20582.1,20582.1,0,0,0,0,356.040873656957
|||;20582,20582,20582.1,20582.1,0,0,0,0,361.040873656957
|||;20582,20582,20582.1,20582.1,0,0,0,0,366.040873656957
|||;20582,20582,20582.1,20582.1,0,0,0,0,371.040873656957
|||;20582,20582,20582.1,20582.1,0,0,0,0,376.040873656957
|||;20582,20582,20582.1,20582.1,0,0,0,0,381.040873656957
|||;20582,20582,20582.1,20582.1,0,0,0,0,386.040873656957
|||;20582,20582,20582.1,20582.1,0,0,0,0,391.040873656957
|||;20582,20582,20582.1,20582.1,0,0,0,0,396.040873656957
|||;20582,20582,20582.1,20582.1,0,0,0,0,401.040873656957
|||;20582,20582,20582.1,20582.1,0,0,0,0,406.040873656957
|||;20582,20582,20582.1,20582.1,0,0,0,0,411.040873656957
|||;20582,20582,20582.1,20582.1,0,0,0,0,416.040873656957
|||;20582,20582,20582.1,20582.1,0,0,0,0,421.040873656957
|||;20582,20582,20582.1,20582.1,0,0,0,0,426.040873656957
|||;20582,20582,20582.1,20582.1,0,0,0,0,431.040873656957
|||;20582,20582,20582.1,20582.1,0,0,0,0,436.040873656957
|||;20582,20582,20582.1,20582.1,0,0,0,0,441.040873656957
|||;20582,20582,20582.1,20582.1,0,0,0,0,446.040873656957
|||;20582,20582,20582.1,20582.1,0,0,0,0,451.040873656957
|||;20582,20582,20582.1,20582.1,0,0,0,0,456.040873656957
|||;20582,20582,20582.1,20582.1,0,0,0,0,461.040873656957
|||;20582,20582,20582.1,20582.1,0,0,0,0,466.040873656957
|||;20582,20582,20582.1,20582.1,0,0,0,0,471.040873656957
|||;20582,20582,20582.1,20582.1,0,0,0,0,476.040873656957
|||;20582,20582,20582.1,20582.1,0,0,0,0,481.040873656957
|||;20582,20582,20582.1,20582.1,0,0,0,0,486.040873656957
|||;20582,20582,20582.1,20582.1,0,0,0,0,491.040873656957
|||;20582,20582,20582.1,20582.1,0,0,0,0,496.040873656957
|||;20582,20582,20582.1,20582.1,0,0,0,0,501.040873656957
|||;20582,20582,20582.1,20582.1,0,0,0,0,506.040873656957
|||;20582,20582,20582.1,20582.1,0,0,0,0,511.040873656957
|||;20582,20582,20582.1,20582.1,0,0,0,0,516.040873656957
|||;20582,20582,20582.1,20582.1,0,0,0,0,521.040873656957
|||;20582,20582,20582.1,20582.1,0,0,0,0,526.040873656957
|||;20582,20582,20582.1,20582.1,0,0,0,0,531.040873656957
|||;20582,20582,20582.1,20582.1,0,0,0,0,536.040873656957
|||;20582,20582,20582.1,20582.1,0,0,0,0,541.040873656957
|||;20582,20582,20582.1,20582.1,0,0,0,0,546.040873656957
|||;20582,20582,20582.1,20582.1,0,0,0,0,551.040873656957
|||;20582,20582,20582.1,20582.1,0,0,0,0,556.040873656957
|||;20582,20582,20582.1,20582.1,0,0,0,0,561.040873656957
|||;20582,20582,20582.1,20582.1,0,0,0,0,566.040873656957
|||;20582,20582,20582.1,20582.1,0,0,0,0,571.040873656957
|||;20582,20582,20582.1,20582.1,0,0,0,0,576.040873656957
|||;20582,20582,20582.1,20582.1,0,0,0,0,581.040873656957
|||;20582,20582,20582.1,20582.1,0,0,0,0,586.040873656957
|||;20582,20582,20582.1,20582.1,0,0,0,0,591.040873656957
|||;20582,20582,20582.1,20582.1,0,0,0,0,596.040873656957
|||;20582,20582,20582.1,20582.1,0,0,0,0,601.040873656957
|||;20582,20582,20582.1,20582.1,0,0,0,0,606.040873656957
|||;20582,20582,20582.1,20582.1,0,0,0,0,611.040873656957
|||;20582,20582,20582.1,20582.1,0,0,0,0,616.040873656957
|||;20582,20582,20582.1,20582.1,0,0,0,0,621.040873656957
|||;20582,20582,20582.1,20582.1,0,0,0,0,626.040873656957
|||;20582,20582,20582.1,20582.1,0,0,0,0,631.040873656957
|||;20582,20582,20582.1,20582.1,0,0,0,0,636.040873656957
|||;20582,20582,20582.1,20582.1,0,0,0,0,641.040873656957
|||;20582,20582,20582.1,20582.1,0,0,0,0,646.040873656957
|||;20582,20582,20582.1,20582.1,0,0,0,0,651.040873656957
|||;20582,20582,20582.1,20582.1,0,0,0,0,656.040873656957
|||;20582,20582,20582.1,20582.1,0,0,0,0,661.040873656957
|||;20582,20582,20582.1,20582.1,0,0,0,0,666.040873656957
|||;20582,20582,20582.1,20582.1,0,0,0,0,671.040873656957
|||;20582,20582,20582.1,20582.1,0,0,0,0,676.040873656957
|||;20582,20582,20582.1,20582.1,0,0,0,0,681.040873656957
|||;20582,20582,20582.1,20582.1,0,0,0,0,686.040873656957
|||;20582,20582,20582.1,20582.1,0,0,0,0,691.040873656957
|||;20582,20582,20582.1,20582.1,0,0,0,0,696.040873656957
|||;20582,20582,20582.1,20582.1,0,0,0,0,701.040873656957
|||;20582,20582,20582.1,20582.1,0,0,0,0,706.040873656957
|||;20582,20582,20582.1,20582.1,0,0,0,0,711.040873656957
|||;20582,20582,20582.1,20582.1,0,0,0,0,716.040873656957
|||;20582,20582,20582.1,20582.1,0,0,0,0,721.040873656957
|||;20582,20582,20582.1,20582.1,0,0,0,0,726.040873656957
|||;20582,20582,20582.1,20582.1,0,0,0,0,731.040873656957
|||;20582,20582,20582.1,20582.1,0,0,0,0,736.040873656957
|||;20582,20582,20582.1,20582.1,0,0,0,0,741.040873656957
|||;20582,20582,20582.1,20582.1,0,0,0,0,746.040873656957
|||;20582,20582,20582.1,20582.1,0,0,0,0,751.040873656957
|||;20582,20582,20582.1,20582.1,0,0,0,0,756.040873656957
|||;20582,20582,20582.1,20582.1,0,0,0,0,761.040873656957
|||;20582,20582,20582.1,20582.1,0,0,0,0,766.040873656957
|||;20582,20582,20582.1,20582.1,0,0,0,0,771.040873656957
|||;20582,20582,20582.1,20582.1,0,0,0,0,776.040873656957
|||;20582,20582,20582.1,20582.1,0,0,0,0,781.040873656957
|||;20582,20582,20582.1,20582.1,0,0,0,0,786.040873656957
|||;20582,20582,20582.1,20582.1,0,0,0,0,791.040873656957
|||;20582,20582,20582.1,20582.1,0,0,0,0,796.040873656957
|||;20582,20582,20582.1,20582.1,0,0,0,0,801.040873656957
|||;20582,20582,20582.1,20582.1,0,0,0,0,806.040873656957
|||;20582,20582,20582.1,20582.1,0,0,0,0,811.040873656957
|||;20582,20582,20582.1,20582.1,0,0,0,0,816.040873656957
|||;20582,20582,20582.1,20582.1,0,0,0,0,821.040873656957
|||;20582,20582,20582.1,20582.1,0,0,0,0,826.040873656957
|||;20582,20582,20582.1,20582.1,0,0,0,0,831.040873656957
|||;20582,20582,20582.1,20582.1,0,0,0,0,836.040873656957
|||;20582,20582,20582.1,20582.1,0,0,0,0,841.040873656957
|||;20582,20582,20582.1,20582.1,0,0,0,0,846.040873656957
|||;20582,20582,20582.1,20582.1,0,0,0,0,851.040873656957
|||;20582,20582,20582.1,20582.1,0,0,0,0,856.040873656957
|||;20582,20582,20582.1,20582.1,0,0,0,0,861.040873656957
|||;20582,20582,20582.1,20582.1,0,0,0,0,866.040873656957
|||;20582,20582,20582.1,20582.1,0,0,0,0,871.040873656957
|||;20582,20582,20582.1,20582.1,0,0,0,0,876.040873656957
|||;20582,20582,20582.1,20582.1,0,0,0,0,881.040873656957
|||;20582,20582,20582.1,20582.1,0,0,0,0,886.040873656957
|||;20582,20582,20582.1,20582.1,0,0,0,0,891.040873656957
|||;20582,20582,20582.1,20582.1,0,0,0,0,896.040873656957
|||;20582,20582,20582.1,20582.1,0,0,0,0,901.040873656957
|||;20582,20582,20582.1,20582.1,0,0,0,0,906.040873656957
|||;20582,20582,20582.1,20582.1,0,0,0,0,911.040873656957
|||;20582,20582,20582.1,20582.1,0,0,0,0,916.040873656957
|||;20582,20582,20582.1,20582.1,0,0,0,0,921.040873656957
|||;20582,20582,20582.1,20582.1,0,0,0,0,926.040873656957
|||;20582,20582,20582.1,20582.1,0,0,0,0,931.040873656957
|||;20582,20582,20582.1,20582.1,0,0,0,0,936.040873656957
|||;20582,20582,20582.1,20582.1,0,0,0,0,941.040873656957
|||;20582,20582,20582.1,20582.1,0,0,0,0,946.040873656957
|||;20582,20582,20582.1,20582.1,0,0,0,0,951.040873656957
|||;20582,20582,20582.1,20582.1,0,0,0,0,956.040873656957
|||;20582,20582,20582.1,20582.1,0,0,0,0,961.040873656957
|||;20582,20582,20582.1,20582.1,0,0,0,0,966.040873656957
|||;20582,20582,20582.1,20582.1,0,0,0,0,971.040873656957
|||;20582,20582,20582.1,20582.1,0,0,0,0,976.040873656957
|||;20582,20582,20582.1,20582.1,0,0,0,0,981.040873656957
|||;20582,20582,20582.1,20582.1,0,0,0,0,986.040873656957
|||;20582,20582,20582.1,20582.1,0,0,0,0,991.040873656957
|||;20582,20582,20582.1,20582.1,0,0,0,0,996.040873656957
|||;20582,20582,20582.1,20582.1,0,0,0,0,1001.040873656957
|||;20582,20582,20582.1,20582.1,0,0,0,0,1006.040873656957
|||;20582,20582,20582.1,20582.1,0,0,0,0,1011.040873656957
|||;20582,20582,20582.1,20582.1,0,0,0,0,1016.040873656957
|||;20582,20582,20582.1,20582.1,0,0,0,0,1021.040873656957
|||;20582,20582,20582.1,20582.1,0,0,0,0,1026.040873656957
|||;20582,20582,20582.1,20582.1,0,0,0,0,1031.040873656957
|||;20582,20582,20582.1,20582.1,0,0,0,0,1036.040873656957
|||;20582,20582,20582.1,20582.1,0,0,0,0,1041.040873656957
|||;20582,20582,20582.1,20582.1,0,0,0,0,1046.040873656957
|||;20582,20582,20582.1,20582.1,0,0,0,0,1051.040873656957
|||;20582,20582,20582.1,20582.1,0,0,0,0,1056.040873656957
|||;20582,20582,20582.1,20582.1,0,0,0,0,1061.040873656957
|||;20582,20582,20582.1,20582.1,0,0,0,0,1066.040873656957
|||;20582,20582,20582.1,20582.1,0,0,0,0,1071.040873656957
|||;20582,20582,20582.1,20582.1,0,0,0,0,1076.040873656957
|||;20582,20582,20582.1,20582.1,0,0,0,0,1081.040873656957
|||;20582,20582,20582.1,20582.1,0,0,0,0,1086.040873656957
|||;20582,20582,20582.1,20582.1,0,0,0,0,1091.040873656957
|||;20582,20582,20582.1,20582.1,0,0,0,0,1096.040873656957
|||;20582,20582,20582.1,20582.1,0,0,0,0,1101.040873656957
|||;20582,20582,20582.1,20582.1,0,0,0,0,1106.040873656957
|||;20582,20582,20582.1,20582.1,0,0,0,0,1111.040873656957
|||;20582,20582,20582.1,20582.1,0,0,0,0,1116.040873656957
|||;20582,20582,20582.1,20582.1,0,0,0,0,1121.040873656957
|||;20582,20582,20582.1,20582.1,0,0,0,0,1126.040873656957
|||;20582,20582,20582.1,20582.1,0,0,0,0,1131.040873656957
|||;20582,20582,20582.1,20582.1,0,0,0,0,1136.040873656957
|||;20582,20582,20582.1,20582.1,0,0,0,0,1141.040873656957
|||;20582,20582,20582.1,20582.1,0,0,0,0,1146.040873656957
|||;20582,20582,20582.1,20582.1,0,0,0,0,1151.040873656957
|||;20582,20582,20582.1,20582.1,0,0,0,0,1156.040873656957
|||;20582,20582,20582.1,20582.1,0,0,0,0,1161.040873656957
|||;20582,20582,20582.1,20582.1,0,0,0,0,1166.040873656957
|||;20582,20582,20582.1,20582.1,0,0,0,0,1171.040873656957
|||;20582,20582,20582.1,20582.1,0,0,0,0,1176.040873656957
|||;20582,20582,20582.1,20582.1,0,0,0,0,1181.040873656957
|||;20582,20582,20582.1,20582.1,0,0,0,0,1186.040873656957
|||;20582,20582,20582.1,20582.1,0,0,0,0,1191.040873656957
|||;20582,20582,20582.1,20582.1,0,0,0,0,1196.040873656957
|||;20582,20582,20582.1,20582.1,0,0,0,0,1201.040873656957
|||;20582,20582,20582.1,20582.1,0,0,0,0,1206.040873656957
|||;20582,20582,20582.1,20582.1,0,0,0,0,1211.040873656957
|||;20582,20582,20582.1,20582.1,0,0,0,0,1216.040873656957
|||;20582,20582,20582.1,20582.1,0,0,0,0,1221.040873656957
|||;20582,20582,20582.1,20582.1,0,0,0,0,1226.040873656957
|||;20582,20582,20582.1,20582.1,0,0,0,0,1231.040873656957
|||;20582,20582,20582.1,20582.1,0,0,0,0,1236.040873656957
|||;20582,20582,20582.1,20582.1,0,0,0,0,1241.040873656957
|||;20582,20582,20582.1,20582.1,0,0,0,0,1246.040873656957
|||;20582,20582,20582.1,20582.1,0,0,0,0,1251.040873656957
|||;20582,20582,20582.1,20582.1,0,0,0,0,1256.040873656957
|||;20582,20582,20582.1,20582.1,0,0,0,0,1261.040873656957
|||;20582,20582,20582.1,20582.1,0,0,0,0,1266.040873656957
|||;20582,20582,20582.1,20582.1,0,0,0,0,1271.040873656957
|||;20582,20582,20582.1,20582.1,0,0,0,0,1276.040873656957
|||;20582,20582,20582.1,20582.1,0,0,0,0,1281.040873656957
|||;20582,20582,20582.1,20582.1,0,0,0,0,1286.040873656957
|||;20582,20582,20582.1,20582.1,0,0,0,0,1291.040873656957
|||;20582,20582,20582.1,20582.1,0,0,0,0,1296.040873656957
|||;20582,20582,20582.1,20582.1,0,0,0,0,1301.040873656957
|||;20582,20582,20582.1,20582.1,0,0,0,0,1306.040873656957
|||;20582,20582,20582.1,20582.1,0,0,0,0,1311.040873656957
|||;20582,20582,20582.1,20582.1,0,0,0,0,1316.040873656957
|||;20582,20582,20582.1,20582.1,0,0,0,0,1321.040873656957
|||;20582,20582,20582.1,20582.1,0,0,0,0,1326.040873656957
|||;20582,20582,20582.1,20582.1,0,0,0,0,1331.040873656957
|||;20582,20582,20582.1,20582.1,0,0,0,0,1336.040873656957
|||;20582,20582,20582.1,20582.1,0,0,0,0,1341.040873656957
|||;20582,20582,20582.1,20582.1,0,0,0,0,1346.040873656957
|||;20582,20582,20582.1,20582.1,0,0,0,0,1351.040873656957
|||;20582,20582,20582.1,20582.1,0,0,0,0,1356.040873656957
|||;20582,20582,20582.1,20582.1,0,0,0,0,1361.040873656957
|||;20582,20582,20582.1,20582.1,0,0,0,0,1366.040873656957
|||;20582,20582,20582.1,20582.1,0,0,0,0,1371.040873656957
|||;20582,20582,20582.1,20582.1,0,0,0,0,1376.040873656957
|||;20582,20582,20582.1,20582.1,0,0,0,0,1381.040873656957
|||;20582,20582,20582.1,20582.1,0,0,0,0,1386.040873656957
|||;20582,20582,20582.1,20582.1,0,0,0,0,1391.040873656957
|||;20582,20582,20582.1,20582.1,0,0,0,0,1396.040873656957
|||;20582,20582,20582.1,20582.1,0,0,0,0,1401.040873656957
|||;20582,20582,20582.1,20582.1,0,0,0,0,1406.040873656957
|||;20582,20582,20582.1,20582.1,0,0,0,0,1411.040873656957
|||;20582,20582,20582.1,20582.1,0,0,0,0,1416.040873656957
|||;20582,20582,20582.1,20582.1,0,0,0,0,1421.040873656957
|||;20582,20582,20582.1,20582.1,0,0,0,0,1426.040873656957
|||;20582,20582,20582.1,20582.1,0,0,0,0,1431.040873656957
|||;20582,20582,20582.1,20582.1,0,0,0,0,1436.040873656957
|||;20582,20582,20582.1,20582.1,0,0,0,0,1441.040873656957
|||;20582,20582,20582.1,20582.1,0,0,0,0,1446.040873656957
|||;20582,20582,20582.1,20582.1,0,0,0,0,1451.040873656957
|||;20582,20582,20582.1,20582.1,0,0,0,0,1456.040873656957
|||;20582,20582,20582.1,20582.1,0,0,0,0,1461.040873656957
|||;20582,20582,20582.1,20582.1,0,0,0,0,1466.040873656957
|||;20582,20582,20582.1,20582.1,0,0,0,0,1471.040873656957
|||;20582,20582,20582.1,20582.1,0,0,0,0,1476.040873656957
|||;20582,20582,20582.1,20582.1,0,0,0,0,1481.040873656957
|||;20582,20582,20582.1,20582.1,0,0,0,0,1486.040873656957
|||;20582,20582,20582.1,20582.1,0,0,0,0,1491.040873656957
|||;20582,20582,20582.1,20582.1,0,0,0,0,1496.040873656957
|||;20582,20582,20582.1,20582.1,0,0,0,0,1501.040873656957
|||;20582,20582,20582.1,20582.1,0,0,0,0,1506.040873656957
|||;20582,20582,20582.1,20582.1,0,0,0,0,1511.040873656957
|||;20582,20582,20582.1,20582.1,0,0,0,0,1516.040873656957
|||;20582,20582,20582.1,20582.1,0,0,0,0,1521.040873656957
|||;20582,20582,20582.1,20582.1,0,0,0,0,1526.040873656957
|||;20582,20582,20582.1,20582.1,0,0,0,0,1531.040873656957
|||;20582,20582,20582.1,20582.1,0,0,0,0,1536.040873656957
|||;20582,20582,20582.1,20582.1,0,0,0,0,1541.040873656957
|||;20582,20582,20582.1,20582.1,0,0,0,0,1546.040873656957
|||;20582,20582,20582.1,20582.1,0,0,0,0,1551.040873656957
|||;20582,20582,20582.1,20582.1,0,0,0,0,1556.040873656957
|||;20582,20582,20582.1,20582.1,0,0,0,0,1561.040873656957
|||;20582,20582,20582.1,20582.1,0,0,0,0,1566.040873656957
|||;20582,20582,20582.1,20582.1,0,0,0,0,1571.040873656957
|||;20582,20582,20582.1,20582.1,0,0,0,0,1576.040873656957
|||;20582,20582,20582.1,20582.1,0,0,0,0,1581.040873656957
|||;20582,20582,20582.1,20582.1,0,0,0,0,1586.040873656957
|||;20582,20582,20582.1,20582.1,0,0,0,0,1591.040873656957
|||;20582,20582,20582.1,20582.1,0,0,0,0,1596.040873656957
|||;20582,20582,20582.1,20582.1,0,0,0,0,1601.040873656957
|||;20582,20582,20582.1,20582.1,0,0,0,0,1606.040873656957
|||;20582,20582,20582.1,20582.1,0,0,0,0,1611.040873656957
|||;20582,20582,20582.1,20582.1,0,0,0,0,1616.040873656957
|||;20582,20582,20582.1,20582.1,0,0,0,0,1621.040873656957
|||;20582,20582,20582.1,20582.1,0,0,0,0,1626.040873656957
|||;20582,20582,20582.1,20582.1,0,0,0,0,1631.040873656957
|||;20582,20582,20582.1,20582.1,0,0,0,0,1636.040873656957
|||;20582,20582,20582.1,20582.1,0,0,0,0,1641.040873656957
|||;20582,20582,20582.1,20582.1,0,0,0,0,1646.040873656957
|||;20582,20582,20582.1,20582.1,0,0,0,0,1651.040873656957
|||;20582,20582,20582.1,20582.1,0,0,0,0,1656.040873656957
|||;20582,20582,20582.1,20582.1,0,0,0,0,1661.040873656957
|||;20582,20582,20582.1,20582.1,0,0,0,0,1666.040873656957
|||;20582,20582,20582.1,20582.1,0,0,0,0,1671.040873656957
|||;20582,20582,20582.1,20582.1,0,0,0,0,1676.040873656957
|||;20582,20582,20582.1,20582.1,0,0,0,0,1681.040873656957
|||;20582,20582,20582.1,20582.1,0,0,0,0,1686.040873656957
|||;20582,20582,20582.1,20582.1,0,0,0,0,1691.040873656957
|||;20582,20582,20582.1,20582.1,0,0,0,0,1696.040873656957
|||;20582,20582,20582.1,20582.1,0,0,0,0,1701.040873656957
|||;20582,20582,20582.1,20582.1,0,0,0,0,1706.040873656957
|||;20582,20582,20582.1,20582.1,0,0,0,0,1711.040873656957
|||;20582,20582,20582.1,20582.1,0,0,0,0,1716.040873656957
|||;20582,20582,20582.1,20582.1,0,0,0,0,1721.040873656957
|||;20582,20582,20582.1,20582.1,0,0,0,0,1726.040873656957
|||;20582,20582,20582.1,20582.1,0,0,0,0,1731.040873656957
|||;20582,20582,20582.1,20582.1,0,0,0,0,1736.040873656957
|||;20582,20582,20582.1,20582.1,0,0,0,0,1741.040873656957
|||;20582,20582,20582.1,20582.1,0,0,0,0,1746.040873656957
|||;20582,20582,20582.1,20582.1,0,0,0,0,1751.040873656957
|||;20582,20582,20582.1,20582.1,0,0,0,0,1756.040873656957
|||;20582,20582,20582.1,20582.1,0,0,0,0,1761.040873656957
|||;20582,20582,20582.1,20582.1,0,0,0,0,1766.040873656957
|||;20582,20582,20582.1,20582.1,0,0,0,0,1771.040873656957
|||;20582,20582,20582.1,20582.1,0,0,0,0,1776.040873656957
|||;20582,20582,20582.1,20582.1,0,0,0,0,1781.040873656957
|||;20582,20582,20582.1,20582.1,0,0,0,0,1786.040873656957
|||;20582,20582,20582.1,20582.1,0,0,0,0,1791.040873656957
|||;20582,20582,20582.1,20582.1,0,0,0,0,1796.040873656957
|||;20582,20582,20582.1,20582.1,0,0,0,0,1801.040873656957
|||;20582,20582,20582.1,20582.1,0,0,0,0,1806.040873656957
|||;20582,20582,20582.1,20582.1,0,0,0,0,1811.040873656957
|||;20582,20582,20582.1,20582.1,0,0,0,0,1816.040873656957
|||;20582,20582,20582.1,20582.1,0,0,0,0,1821.040873656957
|||;20582,20582,20582.1,20582.1,0,0,0,0,1826.040873656957
|||;20582,20582,20582.1,20582.1,0,0,0,0,1831.040873656957
|||;20582,20582,20582.1,20582.1,0,0,0,0,1836.040873656957
|||;20582,20582,20582.1,20582.1,0,0,0,0,1841.040873656957
|||;20582,20582,20582.1,20582.1,0,0,0,0,1846.040873656957
|||;20582,20582,20582.1,20582.1,0,0,0,0,1851.040873656957
|||;20582,20582,20582.1,20582.1,0,0,0,0,1856.040873656957
|||;20582,20582,20582.1,20582.1,0,0,0,0,1861.040873656957
|||;20582,20582,20582.1,20582.1,0,0,0,0,1866.040873656957
|||;20582,20582,20582.1,20582.1,0,0,0,0,1871.040873656957
|||;20582,20582,20582.1,20582.1,0,0,0,0,1876.040873656957
|||;20582,20582,20582.1,20582.1,0,0,0,0,1881.040873656957
|||;20582,20582,20582.1,20582.1,0,0,0,0,1886.040873656957
|||;20582,20582,20582.1,20582.1,0,0,0,0,1891.040873656957
|||;20582,20582,20582.1,20582.1,0,0,0,0,1896.040873656957
|||;20582,20582,20582.1,20582.1,0,0,0,0,1901.040873656957
|||;20582,20582,20582.1,20582.1,0,0,0,0,1906.040873656957
|||;20582,20582,20582.1,20582.1,0,0,0,0,1911.040873656957
|||;20582,20582,20582.1,20582.1,0,0,0,0,1916.040873656957
|||;20582,20582,20582.1,20582.1,0,0,0,0,1921.040873656957
|||;20582,20582,20582.1,20582.1,0,0,0,0,1926.040873656957
|||;20582,20582,20582.1,20582.1,0,0,0,0,1931.040873656957
|||;20582,20582,20582.1,20582.1,0,0,0,0,1936.040873656957
|||;20582,20582,20582.1,20582.1,0,0,0,0,1941.040873656957
|||;20582,20582,20582.1,20582.1,0,0,0,0,1946.040873656957
|||;20582,20582,20582.1,20582.1,0,0,0,0,1951.040873656957
|||;20582,20582,20582.1,20582.1,0,0,0,0,1956.040873656957
|||;20582,20582,20582.1,20582.1,0,0,0,0,1961.040873656957
|||;20582,20582,20582.1,20582.1,0,0,0,0,1966.040873656957
|||;20582,20582,20582.1,20582.1,0,0,0,0,1971.040873656957
|||;20582,20582,20582.1,20582.1,0,0,0,0,1976.040873656957
|||;20582,20582,20582.1,20582.1,0,0,0,0,1981.040873656957
|||;20582,20582,20582.1,20582.1,0,0,0,0,1986.040873656957
|||;20582,20582,20582.1,20582.1,0,0,0,0,1991.040873656957
|||;20582,20582,20582.1,20582.1,0,0,0,0,1996.040873656957
