|||;28774,28774,28774,28774,0,0,0,0,1.16339060246
|||;28774,28774,28774,28774,0,0,0,0,6.16339060246
|||;28774,28774,28774,28774,0,0,0,0,11.16339060246
|||;28774,28774,28774,28774,0,0,0,0,16.16339060246
|||;28774,28774,28774,28774,0,0,0,0,21.16339060246
|||;28774,28774,28774,28774,0,0,0,0,26.16339060246
|||;28774,28774,28774,28774,0,0,0,0,31.16339060246
|||;28774,28774,28774,28774,0,0,0,0,36.16339060246
|||;28774,28774,28774,28774,0,0,0,0,41.16339060246
|||;28774,28774,28774,28774,0,0,0,0,46.16339060246
|||;28774,28774,28774,28774,0,0,0,0,51.16339060246
|||;28774,28774,28774,28774,0,0,0,0,56.16339060246
|||;28774,28774,28774,28774,0,0,0,0,61.16339060246
|||;28774,28774,28774,28774,0,0,0,0,66.16339060246
|||;28774,28774,28774,28774,0,0,0,0,71.16339060246
|||;28774,28774,28774,28774,0,0,0,0,76.16339060246
|||;28774,28774,28774,28774,0,0,0,0,81.16339060246
|||;28774,28774,28774,28774,0,0,0,0,86.16339060246
|||;28774,28774,28774,28774,0,0,0,0,91.16339060246
|||;28774,28774,28774,28774,0,0,0,0,96.16339060246
|||;28774,28774,28774,28774,0,0,0,0,101.16339060246
|||;28774,28774,28774,28774,0,0,0,0,106.16339060246
|||;28774,28774,28774,28774,0,0,0,0,111.16339060246
|||;28774,28774,28774,28774,0,0,0,0,116.16339060246
|||;28774,28774,28774,28774,0,0,0,0,121.16339060246
|||;28774,28774,28774,28774,0,0,0,0,126.16339060246
|||;28774,28774,28774,28774,0,0,0,0,131.16339060246
|||;28774,28774,28774,28774,0,0,0,0,136.16339060246
|||;28774,28774,28774,28774,0,0,0,0,141.16339060246
|||;28774,28774,28774,28774,0,0,0,0,146.16339060246
|||;28774,28774,28774,28774,0,0,0,0,151.16339060246
|||;28774,28774,28774,28774,0,0,0,0,156.16339060246
|||;28774,28774,28774,28774,0,0,0,0,161.16339060246
|||;28774,28774,28774,28774,0,0,0,0,166.16339060246
|||;28774,28774,28774,28774,0,0,0,0,171.16339060246
|||;28774,28774,28774,28774,0,0,0,0,176.16339060246
|||;28774,28774,28774,28774,0,0,0,0,181.16339060246
|||;28774,28774,28774,28774,0,0,0,0,186.16339060246
|||;28774,28774,28774,28774,0,0,0,0,191.16339060246
|||;28774,28774,28774,28774,0,0,0,0,196.16339060246
|||;28774,28774,28774,28774,0,0,0,0,201.16339060246
|||;28774,28774,28774,28774,0,0,0,0,206.16339060246
|||;28774,28774,28774,28774,0,0,0,0,211.16339060246
|||;28774,28774,28774,28774,0,0,0,0,216.16339060246
|||;28774,28774,28774,28774,0,0,0,0,221.16339060246
|||;28774,28774,28774,28774,0,0,0,0,226.16339060246
|||;28774,28774,28774,28774,0,0,0,0,231.16339060246
|||;28774,28774,28774,28774,0,0,0,0,236.16339060246
|||;28774,28774,28774,28774,0,0,0,0,241.16339060246
|||;28774,28774,28774,28774,0,0,0,0,246.16339060246
|||;28774,28774,28774,28774,0,0,0,0,251.16339060246
|||;28774,28774,28774,28774,0,0,0,0,256.16339060246
|||;28774,28774,28774,28774,0,0,0,0,261.16339060246
|||;28774,28774,28774,28774,0,0,0,0,266.16339060246
|||;28774,28774,28774,28774,0,0,0,0,271.16339060246
|||;28774,28774,28774,28774,0,0,0,0,276.16339060246
|||;28774,28774,28774,28774,0,0,0,0,281.16339060246
|||;28774,28774,28774,28774,0,0,0,0,286.16339060246
|||;28774,28774,28774,28774,0,0,0,0,291.16339060246
|||;28774,28774,28774,28774,0,0,0,0,296.16339060246
|||;28774,28774,28774,28774,0,0,0,0,301.16339060246
|||;28774,28774,28774,28774,0,0,0,0,306.16339060246
|||;28774,28774,28774,28774,0,0,0,0,311.16339060246
|||;28774,28774,28774,28774,0,0,0,0,316.16339060246
|||;28774,28774,28774,28774,0,0,0,0,321.16339060246
|||;28774,28774,28774,28774,0,0,0,0,326.16339060246
|||;28774,28774,28774,28774,0,0,0,0,331.16339060246
|||;28774,28774,28774,28774,0,0,0,0,336.16339060246
|||;28774,28774,28774,28774,0,0,0,0,341.16339060246
|||;28774,28774,28774,28774,0,0,0,0,346.16339060246
|||;28774,28774,28774,28774,0,0,0,0,351.16339060246
|||;28774,28774,28774,28774,0,0,0,0,356.16339060246
|||;28774,28774,28774,28774,0,0,0,0,361.16339060246
|||;28774,28774,28774,28774,0,0,0,0,366.16339060246
|||;28774,28774,28774,28774,0,0,0,0,371.16339060246
|||;28774,28774,28774,28774,0,0,0,0,376.16339060246
|||;28774,28774,28774,28774,0,0,0,0,381.16339060246
|||;28774,28774,28774,28774,0,0,0,0,386.16339060246
|||;28774,28774,28774,28774,0,0,0,0,391.16339060246
|||;28774,28774,28774,28774,0,0,0,0,396.16339060246
|||;28774,28774,28774,28774,0,0,0,0,401.16339060246
|||;28774,28774,28774,28774,0,0,0,0,406.16339060246
|||;28774,28774,28774,28774,0,0,0,0,411.16339060246
|||;28774,28774,28774,28774,0,0,0,0,416.16339060246
|||;28774,28774,28774,28774,0,0,0,0,421.16339060246
|||;28774,28774,28774,28774,0,0,0,0,426.16339060246
|||;28774,28774,28774,28774,0,0,0,0,431.16339060246
|||;28774,28774,28774,28774,0,0,0,0,436.16339060246
|||;28774,28774,28774,28774,0,0,0,0,441.16339060246
|||;28774,28774,28774,28774,0,0,0,0,446.16339060246
|||;28774,28774,28774,28774,0,0,0,0,451.16339060246
|||;28774,28774,28774,28774,0,0,0,0,456.16339060246
|||;28774,28774,28774,28774,0,0,0,0,461.16339060246
|||;28774,28774,28774,28774,0,0,0,0,466.16339060246
|||;28774,28774,28774,28774,0,0,0,0,471.16339060246
|||;28774,28774,28774,28774,0,0,0,0,476.16339060246
|||;28774,28774,28774,28774,0,0,0,0,481.16339060246
|||;28774,28774,28774,28774,0,0,0,0,486.16339060246
|||;28774,28774,28774,28774,0,0,0,0,491.16339060246
|||;28774,28774,28774,28774,0,0,0,0,496.16339060246
|||;28774,28774,28774,28774,0,0,0,0,501.16339060246
|||;28774,28774,28774,28774,0,0,0,0,506.16339060246
|||;28774,28774,28774,28774,0,0,0,0,511.16339060246
|||;28774,28774,28774,28774,0,0,0,0,516.16339060246
|||;28774,28774,28774,28774,0,0,0,0,521.16339060246
|||;28774,28774,28774,28774,0,0,0,0,526.16339060246
|||;28774,28774,28774,28774,0,0,0,0,531.16339060246
|||;28774,28774,28774,28774,0,0,0,0,536.16339060246
|||;28774,28774,28774,28774,0,0,0,0,541.16339060246
|||;28774,28774,28774,28774,0,0,0,0,546.16339060246
|||;28774,28774,28774,28774,0,0,0,0,551.16339060246
|||;28774,28774,28774,28774,0,0,0,0,556.16339060246
|||;28774,28774,28774,28774,0,0,0,0,561.16339060246
|||;28774,28774,28774,28774,0,0,0,0,566.16339060246
|||;28774,28774,28774,28774,0,0,0,0,571.16339060246
|||;28774,28774,28774,28774,0,0,0,0,576.16339060246
|||;28774,28774,28774,28774,0,0,0,0,581.16339060246
|||;28774,28774,28774,28774,0,0,0,0,586.16339060246
|||;28774,28774,28774,28774,0,0,0,0,591.16339060246
|||;28774,28774,28774,28774,0,0,0,0,596.16339060246
|||;28774,28774,28774,28774,0,0,0,0,601.16339060246
|||;28774,28774,28774,28774,0,0,0,0,606.16339060246
|||;28774,28774,28774,28774,0,0,0,0,611.16339060246
|||;28774,28774,28774,28774,0,0,0,0,616.16339060246
|||;28774,28774,28774,28774,0,0,0,0,621.16339060246
|||;28774,28774,28774,28774,0,0,0,0,626.16339060246
|||;28774,28774,28774,28774,0,0,0,0,631.16339060246
|||;28774,28774,28774,28774,0,0,0,0,636.16339060246
|||;28774,28774,28774,28774,0,0,0,0,641.16339060246
|||;28774,28774,28774,28774,0,0,0,0,646.16339060246
|||;28774,28774,28774,28774,0,0,0,0,651.16339060246
|||;28774,28774,28774,28774,0,0,0,0,656.16339060246
|||;28774,28774,28774,28774,0,0,0,0,661.16339060246
|||;28774,28774,28774,28774,0,0,0,0,666.16339060246
|||;28774,28774,28774,28774,0,0,0,0,671.16339060246
|||;28774,28774,28774,28774,0,0,0,0,676.16339060246
|||;28774,28774,28774,28774,0,0,0,0,681.16339060246
|||;28774,28774,28774,28774,0,0,0,0,686.16339060246
|||;28774,28774,28774,28774,0,0,0,0,691.16339060246
|||;28774,28774,28774,28774,0,0,0,0,696.16339060246
|||;28774,28774,28774,28774,0,0,0,0,701.16339060246
|||;28774,28774,28774,28774,0,0,0,0,706.16339060246
|||;28774,28774,28774,28774,0,0,0,0,711.16339060246
|||;28774,28774,28774,28774,0,0,0,0,716.16339060246
|||;28774,28774,28774,28774,0,0,0,0,721.16339060246
|||;28774,28774,28774,28774,0,0,0,0,726.16339060246
|||;28774,28774,28774,28774,0,0,0,0,731.16339060246
|||;28774,28774,28774,28774,0,0,0,0,736.16339060246
|||;28774,28774,28774,28774,0,0,0,0,741.16339060246
|||;28774,28774,28774,28774,0,0,0,0,746.16339060246
|||;28774,28774,28774,28774,0,0,0,0,751.16339060246
|||;28774,28774,28774,28774,0,0,0,0,756.16339060246
|||;28774,28774,28774,28774,0,0,0,0,761.16339060246
|||;28774,28774,28774,28774,0,0,0,0,766.16339060246
|||;28774,28774,28774,28774,0,0,0,0,771.16339060246
|||;28774,28774,28774,28774,0,0,0,0,776.16339060246
|||;28774,28774,28774,28774,0,0,0,0,781.16339060246
|||;28774,28774,28774,28774,0,0,0,0,786.16339060246
|||;28774,28774,28774,28774,0,0,0,0,791.16339060246
|||;28774,28774,28774,28774,0,0,0,0,796.16339060246
|||;28774,28774,28774,28774,0,0,0,0,801.16339060246
|||;28774,28774,28774,28774,0,0,0,0,806.16339060246
|||;28774,28774,28774,28774,0,0,0,0,811.16339060246
|||;28774,28774,28774,28774,0,0,0,0,816.16339060246
|||;28774,28774,28774,28774,0,0,0,0,821.16339060246
|||;28774,28774,28774,28774,0,0,0,0,826.16339060246
|||;28774,28774,28774,28774,0,0,0,0,831.16339060246
|||;28774,28774,28774,28774,0,0,0,0,836.16339060246
|||;28774,28774,28774,28774,0,0,0,0,841.16339060246
|||;28774,28774,28774,28774,0,0,0,0,846.16339060246
|||;28774,28774,28774,28774,0,0,0,0,851.16339060246
|||;28774,28774,28774,28774,0,0,0,0,856.16339060246
|||;28774,28774,28774,28774,0,0,0,0,861.16339060246
|||;28774,28774,28774,28774,0,0,0,0,866.16339060246
|||;28774,28774,28774,28774,0,0,0,0,871.16339060246
|||;28774,28774,28774,28774,0,0,0,0,876.16339060246
|||;28774,28774,28774,28774,0,0,0,0,881.16339060246
|||;28774,28774,28774,28774,0,0,0,0,886.16339060246
|||;28774,28774,28774,28774,0,0,0,0,891.16339060246
|||;28774,28774,28774,28774,0,0,0,0,896.16339060246
|||;28774,28774,28774,28774,0,0,0,0,901.16339060246
|||;28774,28774,28774,28774,0,0,0,0,906.16339060246
|||;28774,28774,28774,28774,0,0,0,0,911.16339060246
|||;28774,28774,28774,28774,0,0,0,0,916.16339060246
|||;28774,28774,28774,28774,0,0,0,0,921.16339060246
|||;28774,28774,28774,28774,0,0,0,0,926.16339060246
|||;28774,28774,28774,28774,0,0,0,0,931.16339060246
|||;28774,28774,28774,28774,0,0,0,0,936.16339060246
|||;28774,28774,28774,28774,0,0,0,0,941.16339060246
|||;28774,28774,28774,28774,0,0,0,0,946.16339060246
|||;28774,28774,28774,28774,0,0,0,0,951.16339060246
|||;28774,28774,28774,28774,0,0,0,0,956.16339060246
|||;28774,28774,28774,28774,0,0,0,0,961.16339060246
|||;28774,28774,28774,28774,0,0,0,0,966.16339060246
|||;28774,28774,28774,28774,0,0,0,0,971.16339060246
|||;28774,28774,28774,28774,0,0,0,0,976.16339060246
|||;28774,28774,28774,28774,0,0,0,0,981.16339060246
|||;28774,28774,28774,28774,0,0,0,0,986.16339060246
|||;28774,28774,28774,28774,0,0,0,0,991.16339060246
|||;28774,28774,28774,28774,0,0,0,0,996.16339060246
|||;28774,28774,28774,28774,0,0,0,0,1001.16339060246
|||;28774,28774,28774,28774,0,0,0,0,1006.16339060246
|||;28774,28774,28774,28774,0,0,0,0,1011.16339060246
|||;28774,28774,28774,28774,0,0,0,0,1016.16339060246
|||;28774,28774,28774,28774,0,0,0,0,1021.16339060246
|||;28774,28774,28774,28774,0,0,0,0,1026.16339060246
|||;28774,28774,28774,28774,0,0,0,0,1031.16339060246
|||;28774,28774,28774,28774,0,0,0,0,1036.16339060246
|||;28774,28774,28774,28774,0,0,0,0,1041.16339060246
|||;28774,28774,28774,28774,0,0,0,0,1046.16339060246
|||;28774,28774,28774,28774,0,0,0,0,1051.16339060246
|||;28774,28774,28774,28774,0,0,0,0,1056.16339060246
|||;28774,28774,28774,28774,0,0,0,0,1061.16339060246
|||;28774,28774,28774,28774,0,0,0,0,1066.16339060246
|||;28774,28774,28774,28774,0,0,0,0,1071.16339060246
|||;28774,28774,28774,28774,0,0,0,0,1076.16339060246
|||;28774,28774,28774,28774,0,0,0,0,1081.16339060246
|||;28774,28774,28774,28774,0,0,0,0,1086.16339060246
|||;28774,28774,28774,28774,0,0,0,0,1091.16339060246
|||;28774,28774,28774,28774,0,0,0,0,1096.16339060246
|||;28774,28774,28774,28774,0,0,0,0,1101.16339060246
|||;28774,28774,28774,28774,0,0,0,0,1106.16339060246
|||;28774,28774,28774,28774,0,0,0,0,1111.16339060246
|||;28774,28774,28774,28774,0,0,0,0,1116.16339060246
|||;28774,28774,28774,28774,0,0,0,0,1121.16339060246
|||;28774,28774,28774,28774,0,0,0,0,1126.16339060246
|||;28774,28774,28774,28774,0,0,0,0,1131.16339060246
|||;28774,28774,28774,28774,0,0,0,0,1136.16339060246
|||;28774,28774,28774,28774,0,0,0,0,1141.16339060246
|||;28774,28774,28774,28774,0,0,0,0,1146.16339060246
|||;28774,28774,28774,28774,0,0,0,0,1151.16339060246
|||;28774,28774,28774,28774,0,0,0,0,1156.16339060246
|||;28774,28774,28774,28774,0,0,0,0,1161.16339060246
|||;28774,28774,28774,28774,0,0,0,0,1166.16339060246
|||;28774,28774,28774,28774,0,0,0,0,1171.16339060246
|||;28774,28774,28774,28774,0,0,0,0,1176.16339060246
|||;28774,28774,28774,28774,0,0,0,0,1181.16339060246
|||;28774,28774,28774,28774,0,0,0,0,1186.16339060246
|||;28774,28774,28774,28774,0,0,0,0,1191.16339060246
|||;28774,28774,28774,28774,0,0,0,0,1196.16339060246
|||;28774,28774,28774,28774,0,0,0,0,1201.16339060246
|||;28774,28774,28774,28774,0,0,0,0,1206.16339060246
|||;28774,28774,28774,28774,0,0,0,0,1211.16339060246
|||;28774,28774,28774,28774,0,0,0,0,1216.16339060246
|||;28774,28774,28774,28774,0,0,0,0,1221.16339060246
|||;28774,28774,28774,28774,0,0,0,0,1226.16339060246
|||;28774,28774,28774,28774,0,0,0,0,1231.16339060246
|||;28774,28774,28774,28774,0,0,0,0,1236.16339060246
|||;28774,28774,28774,28774,0,0,0,0,1241.16339060246
|||;28774,28774,28774,28774,0,0,0,0,1246.16339060246
|||;28774,28774,28774,28774,0,0,0,0,1251.16339060246
|||;28774,28774,28774,28774,0,0,0,0,1256.16339060246
|||;28774,28774,28774,28774,0,0,0,0,1261.16339060246
|||;28774,28774,28774,28774,0,0,0,0,1266.16339060246
|||;28774,28774,28774,28774,0,0,0,0,1271.16339060246
|||;28774,28774,28774,28774,0,0,0,0,1276.16339060246
|||;28774,28774,28774,28774,0,0,0,0,1281.16339060246
|||;28774,28774,28774,28774,0,0,0,0,1286.16339060246
|||;28774,28774,28774,28774,0,0,0,0,1291.16339060246
|||;28774,28774,28774,28774,0,0,0,0,1296.16339060246
|||;28774,28774,28774,28774,0,0,0,0,1301.16339060246
|||;28774,28774,28774,28774,0,0,0,0,1306.16339060246
|||;28774,28774,28774,28774,0,0,0,0,1311.16339060246
|||;28774,28774,28774,28774,0,0,0,0,1316.16339060246
|||;28774,28774,28774,28774,0,0,0,0,1321.16339060246
|||;28774,28774,28774,28774,0,0,0,0,1326.16339060246
|||;28774,28774,28774,28774,0,0,0,0,1331.16339060246
|||;28774,28774,28774,28774,0,0,0,0,1336.16339060246
|||;28774,28774,28774,28774,0,0,0,0,1341.16339060246
|||;28774,28774,28774,28774,0,0,0,0,1346.16339060246
|||;28774,28774,28774,28774,0,0,0,0,1351.16339060246
|||;28774,28774,28774,28774,0,0,0,0,1356.16339060246
|||;28774,28774,28774,28774,0,0,0,0,1361.16339060246
|||;28774,28774,28774,28774,0,0,0,0,1366.16339060246
|||;28774,28774,28774,28774,0,0,0,0,1371.16339060246
|||;28774,28774,28774,28774,0,0,0,0,1376.16339060246
|||;28774,28774,28774,28774,0,0,0,0,1381.16339060246
|||;28774,28774,28774,28774,0,0,0,0,1386.16339060246
|||;28774,28774,28774,28774,0,0,0,0,1391.16339060246
|||;28774,28774,28774,28774,0,0,0,0,1396.16339060246
|||;28774,28774,28774,28774,0,0,0,0,1401.16339060246
|||;28774,28774,28774,28774,0,0,0,0,1406.16339060246
|||;28774,28774,28774,28774,0,0,0,0,1411.16339060246
|||;28774,28774,28774,28774,0,0,0,0,1416.16339060246
|||;28774,28774,28774,28774,0,0,0,0,1421.16339060246
|||;28774,28774,28774,28774,0,0,0,0,1426.16339060246
|||;28774,28774,28774,28774,0,0,0,0,1431.16339060246
|||;28774,28774,28774,28774,0,0,0,0,1436.16339060246
|||;28774,28774,28774,28774,0,0,0,0,1441.16339060246
|||;28774,28774,28774,28774,0,0,0,0,1446.16339060246
|||;28774,28774,28774,28774,0,0,0,0,1451.16339060246
|||;28774,28774,28774,28774,0,0,0,0,1456.16339060246
|||;28774,28774,28774,28774,0,0,0,0,1461.16339060246
|||;28774,28774,28774,28774,0,0,0,0,1466.16339060246
|||;28774,28774,28774,28774,0,0,0,0,1471.16339060246
|||;28774,28774,28774,28774,0,0,0,0,1476.16339060246
|||;28774,28774,28774,28774,0,0,0,0,1481.16339060246
|||;28774,28774,28774,28774,0,0,0,0,1486.16339060246
|||;28774,28774,28774,28774,0,0,0,0,1491.16339060246
|||;28774,28774,28774,28774,0,0,0,0,1496.16339060246
|||;28774,28774,28774,28774,0,0,0,0,1501.16339060246
|||;28774,28774,28774,28774,0,0,0,0,1506.16339060246
|||;28774,28774,28774,28774,0,0,0,0,1511.16339060246
|||;28774,28774,28774,28774,0,0,0,0,1516.16339060246
|||;28774,28774,28774,28774,0,0,0,0,1521.16339060246
|||;28774,28774,28774,28774,0,0,0,0,1526.16339060246
|||;28774,28774,28774,28774,0,0,0,0,1531.16339060246
|||;28774,28774,28774,28774,0,0,0,0,1536.16339060246
|||;28774,28774,28774,28774,0,0,0,0,1541.16339060246
|||;28774,28774,28774,28774,0,0,0,0,1546.16339060246
|||;28774,28774,28774,28774,0,0,0,0,1551.16339060246
|||;28774,28774,28774,28774,0,0,0,0,1556.16339060246
|||;28774,28774,28774,28774,0,0,0,0,1561.16339060246
|||;28774,28774,28774,28774,0,0,0,0,1566.16339060246
|||;28774,28774,28774,28774,0,0,0,0,1571.16339060246
|||;28774,28774,28774,28774,0,0,0,0,1576.16339060246
|||;28774,28774,28774,28774,0,0,0,0,1581.16339060246
|||;28774,28774,28774,28774,0,0,0,0,1586.16339060246
|||;28774,28774,28774,28774,0,0,0,0,1591.16339060246
|||;28774,28774,28774,28774,0,0,0,0,1596.16339060246
|||;28774,28774,28774,28774,0,0,0,0,1601.16339060246
|||;28774,28774,28774,28774,0,0,0,0,1606.16339060246
|||;28774,28774,28774,28774,0,0,0,0,1611.16339060246
|||;28774,28774,28774,28774,0,0,0,0,1616.16339060246
|||;28774,28774,28774,28774,0,0,0,0,1621.16339060246
|||;28774,28774,28774,28774,0,0,0,0,1626.16339060246
|||;28774,28774,28774,28774,0,0,0,0,1631.16339060246
|||;28774,28774,28774,28774,0,0,0,0,1636.16339060246
|||;28774,28774,28774,28774,0,0,0,0,1641.16339060246
|||;28774,28774,28774,28774,0,0,0,0,1646.16339060246
|||;28774,28774,28774,28774,0,0,0,0,1651.16339060246
|||;28774,28774,28774,28774,0,0,0,0,1656.16339060246
|||;28774,28774,28774,28774,0,0,0,0,1661.16339060246
|||;28774,28774,28774,28774,0,0,0,0,1666.16339060246
|||;28774,28774,28774,28774,0,0,0,0,1671.16339060246
|||;28774,28774,28774,28774,0,0,0,0,1676.16339060246
|||;28774,28774,28774,28774,0,0,0,0,1681.16339060246
|||;28774,28774,28774,28774,0,0,0,0,1686.16339060246
|||;28774,28774,28774,28774,0,0,0,0,1691.16339060246
|||;28774,28774,28774,28774,0,0,0,0,1696.16339060246
|||;28774,28774,28774,28774,0,0,0,0,1701.16339060246
|||;28774,28774,28774,28774,0,0,0,0,1706.16339060246
|||;28774,28774,28774,28774,0,0,0,0,1711.16339060246
|||;28774,28774,28774,28774,0,0,0,0,1716.16339060246
|||;28774,28774,28774,28774,0,0,0,0,1721.16339060246
|||;28774,28774,28774,28774,0,0,0,0,1726.16339060246
|||;28774,28774,28774,28774,0,0,0,0,1731.16339060246
|||;28774,28774,28774,28774,0,0,0,0,1736.16339060246
|||;28774,28774,28774,28774,0,0,0,0,1741.16339060246
|||;28774,28774,28774,28774,0,0,0,0,1746.16339060246
|||;28774,28774,28774,28774,0,0,0,0,1751.16339060246
|||;28774,28774,28774,28774,0,0,0,0,1756.16339060246
|||;28774,28774,28774,28774,0,0,0,0,1761.16339060246
|||;28774,28774,28774,28774,0,0,0,0,1766.16339060246
|||;28774,28774,28774,28774,0,0,0,0,1771.16339060246
|||;28774,28774,28774,28774,0,0,0,0,1776.16339060246
|||;28774,28774,28774,28774,0,0,0,0,1781.16339060246
|||;28774,28774,28774,28774,0,0,0,0,1786.16339060246
|||;28774,28774,28774,28774,0,0,0,0,1791.16339060246
|||;28774,28774,28774,28774,0,0,0,0,1796.16339060246
|||;28774,28774,28774,28774,0,0,0,0,1801.16339060246
|||;28774,28774,28774,28774,0,0,0,0,1806.16339060246
|||;28774,28774,28774,28774,0,0,0,0,1811.16339060246
|||;28774,28774,28774,28774,0,0,0,0,1816.16339060246
|||;28774,28774,28774,28774,0,0,0,0,1821.16339060246
|||;28774,28774,28774,28774,0,0,0,0,1826.16339060246
|||;28774,28774,28774,28774,0,0,0,0,1831.16339060246
|||;28774,28774,28774,28774,0,0,0,0,1836.16339060246
|||;28774,28774,28774,28774,0,0,0,0,1841.16339060246
|||;28774,28774,28774,28774,0,0,0,0,1846.16339060246
|||;28774,28774,28774,28774,0,0,0,0,1851.16339060246
|||;28774,28774,28774,28774,0,0,0,0,1856.16339060246
|||;28774,28774,28774,28774,0,0,0,0,1861.16339060246
|||;28774,28774,28774,28774,0,0,0,0,1866.16339060246
|||;28774,28774,28774,28774,0,0,0,0,1871.16339060246
|||;28774,28774,28774,28774,0,0,0,0,1876.16339060246
|||;28774,28774,28774,28774,0,0,0,0,1881.16339060246
|||;28774,28774,28774,28774,0,0,0,0,1886.16339060246
|||;28774,28774,28774,28774,0,0,0,0,1891.16339060246
|||;28774,28774,28774,28774,0,0,0,0,1896.16339060246
|||;28774,28774,28774,28774,0,0,0,0,1901.16339060246
|||;28774,28774,28774,28774,0,0,0,0,1906.16339060246
|||;28774,28774,28774,28774,0,0,0,0,1911.16339060246
|||;28774,28774,28774,28774,0,0,0,0,1916.16339060246
|||;28774,28774,28774,28774,0,0,0,0,1921.16339060246
|||;28774,28774,28774,28774,0,0,0,0,1926.16339060246
|||;28774,28774,28774,28774,0,0,0,0,1931.16339060246
|||;28774,28774,28774,28774,0,0,0,0,1936.16339060246
|||;28774,28774,28774,28774,0,0,0,0,1941.16339060246
|||;28774,28774,28774,28774,0,0,0,0,1946.16339060246
|||;28774,28774,28774,28774,0,0,0,0,1951.16339060246
|||;28774,28774,28774,28774,0,0,0,0,1956.16339060246
|||;28774,28774,28774,28774,0,0,0,0,1961.16339060246
|||;28774,28774,28774,28774,0,0,0,0,1966.16339060246
|||;28774,28774,28774,28774,0,0,0,0,1971.16339060246
|||;28774,28774,28774,28774,0,0,0,0,1976.16339060246
|||;28774,28774,28774,28774,0,0,0,0,1981.16339060246
|||;28774,28774,28774,28774,0,0,0,0,1986.16339060246
|||;28774,28774,28774,28774,0,0,0,0,1991.16339060246
|||;28774,28774,28774,28774,0,0,0,0,1996.16339060246
|||;18739,18739,18739,18739,0,0,0,0,1.16339060246
|||;18739,18739,18739,18739,0,0,0,0,1.16339060246
|||;18739,18739,18739,18739,0,0,0,0,6.16339060246
|||;25497,25497,25497,25497,0,0,0,0,1.16339060246
|||;25497,25497,25497,25497,0,0,0,0,6.16339060246
|||;25497,25497,25497,25497,0,0,0,0,11.16339060246
|||;25497,25497,25497,25497,0,0,0,0,16.16339060246
|||;25497,25497,25497,25497,0,0,0,0,21.16339060246
|||;25497,25497,25497,25497,0,0,0,0,26.16339060246
|||;25497,25497,25497,25497,0,0,0,0,31.16339060246
|||;25497,25497,25497,25497,0,0,0,0,36.16339060246
|||;25497,25497,25497,25497,0,0,0,0,41.16339060246
|||;25497,25497,25497,25497,0,0,0,0,46.16339060246
|||;25497,25497,25497,25497,0,0,0,0,51.16339060246
|||;25497,25497,25497,25497,0,0,0,0,56.16339060246
|||;18534,18534,18534,18534,0,0,0,0,1.16339060246
|||;18534,18534,18534,18534,0,0,0,0,6.16339060246
|||;20992,20992,20992,20992,0,0,0,0,1.16339060246
|||;20582,20582,20582,20582,0,0,0,0,1.16339060246
|||;18534,18534,18534,18534,0,0,0,0,1.16339060246
|||;20377,20377,20377,20377,0,0,0,0,1.16339060246
|||;24883,24883,24883,24883,0,0,0,0,1.16339060246
|||;24883,24883,24883,24883,0,0,0,0,6.16339060246
|||;29388,29388,29388,29388,0,0,0,0,1.16339060246
|||;21606,21606,21606,21606,0,0,0,0,1.16339060246
|||;31436,31436,31436,31436,0,0,0,0,1.16339060246
|||;31436,31436,31436,31436,0,0,0,0,6.16339060246
|||;29798,29798,29798,29798,0,0,0,0,1.16339060246
|||;29798,29798,29798,29798,0,0,0,0,6.16339060246
|||;34918,34918,34918,34918,0,0,0,0,1.16339060246
